4 0.943666 0.772331 0.947495 0.773012 0.953431 0.773012 0.955346 0.773012 0.957835 0.772672 0.960133 0.771650 0.961282 0.769948 0.963388 0.764161 0.961474 0.754970 0.957835 0.752247 0.953623 0.751906 0.949027 0.753949 0.942517 0.755310 0.939645 0.746800 0.934475 0.720588 0.932943 0.709014 0.928156 0.660335 0.937538 0.656250 0.949410 0.653186 0.953240 0.652505 0.954580 0.652505 0.953431 0.659995 0.951517 0.663058 0.951517 0.667824 0.952665 0.669186 0.954963 0.672930 0.956495 0.673271 0.958410 0.670888 0.959176 0.668845 0.959367 0.665782 0.959367 0.660675 0.959559 0.657612 0.959750 0.653867 0.959750 0.650123 0.959942 0.646038 0.960133 0.630379 0.958410 0.617443 0.961282 0.609273 0.959750 0.593954 0.958984 0.585444 0.956495 0.581699 0.953431 0.576593 0.949793 0.574210 0.947112 0.572508 0.943283 0.570125 0.941559 0.568764 0.943283 0.563998 0.945772 0.560594 0.945772 0.556168 0.943857 0.553445 0.942517 0.550722 0.940411 0.547998 0.937155 0.545615 0.934666 0.544935 0.929688 0.545956 0.928539 0.547658 0.927390 0.549700 0.926815 0.551403 0.926624 0.554807 0.928156 0.555828 0.927964 0.561615 0.927964 0.563998 0.928539 0.566381 0.930836 0.569444 0.933900 0.571487 0.930070 0.575912 0.928156 0.577614 0.925475 0.583742 0.924517 0.588508 0.924134 0.592933 0.923177 0.599060 0.923177 0.603145 0.923560 0.607230 0.923560 0.612677 0.922220 0.621187 0.921071 0.628336 0.919156 0.637868 0.918390 0.645016 0.916475 0.654208 0.915518 0.661016 0.915326 0.665101 0.917241 0.665441 0.919539 0.665441 0.922220 0.663399 0.928156 0.661016 0.934092 0.733184 0.935049 0.749183 0.932368 0.751566 0.930070 0.752587 0.928347 0.757693 0.925283 0.759055 0.922411 0.759736 0.922028 0.763140 0.924709 0.764842 0.927007 0.766204 0.932943 0.764161 0.936772 0.761778 0.938879 0.760757 0.941942 0.760076 0.944623 0.759055 0.945006 0.753608 0.948836 0.753608 0.950751 0.757693 0.948836 0.760757 0.947304 0.763140 0.945772 0.764842 0.944240 0.766544
4 0.315978 0.656115 0.318747 0.649963 0.320823 0.641965 0.321688 0.631198 0.322899 0.617971 0.320477 0.605666 0.318920 0.598899 0.317535 0.596438 0.315978 0.595515 0.314248 0.594900 0.313902 0.591824 0.313902 0.588132 0.312690 0.584133 0.312171 0.580442 0.310095 0.578904 0.306634 0.578904 0.305077 0.582903 0.304212 0.585979 0.304039 0.592746 0.304039 0.594284 0.303346 0.594900 0.301616 0.594900 0.300059 0.594900 0.297636 0.596438 0.296425 0.601052 0.295041 0.605666 0.293137 0.610588 0.292445 0.613664 0.291407 0.616125 0.290369 0.618894 0.289504 0.622585 0.289158 0.625969 0.288466 0.631198 0.288119 0.633352 0.287946 0.636120 0.287946 0.637966 0.289331 0.640427 0.289331 0.641965 0.291061 0.639197 0.292445 0.636120 0.293310 0.630583 0.293657 0.627507 0.294349 0.624123 0.296598 0.623816 0.297982 0.623816 0.297982 0.629045 0.297117 0.633044 0.296771 0.636736 0.298502 0.646887 0.297463 0.651809 0.296252 0.658269 0.295214 0.663191 0.294349 0.668420 0.294003 0.673034 0.294868 0.677956 0.294868 0.682570 0.295560 0.688415 0.297809 0.673034 0.301443 0.671189 0.303866 0.666267 0.304212 0.658269 0.306634 0.657038 0.308018 0.657346 0.308018 0.660114 0.308018 0.662268 0.309922 0.662268 0.309922 0.665344 0.309922 0.667805 0.311652 0.673034 0.312344 0.677341 0.313036 0.680110 0.313209 0.682878 0.312344 0.687492 0.312690 0.689646 0.314248 0.692414 0.316670 0.692414 0.317708 0.688108 0.317708 0.683493 0.318227 0.679494 0.318400 0.676418 0.315978 0.667497 0.315459 0.661960
4 0.770565 0.688249 0.771204 0.690064 0.773246 0.690745 0.774395 0.689157 0.774395 0.683483 0.774395 0.678263 0.774778 0.671682 0.775671 0.667143 0.776437 0.662151 0.780522 0.661243 0.782054 0.661470 0.783331 0.666689 0.783331 0.671909 0.784097 0.677583 0.784097 0.682348 0.784224 0.686660 0.784224 0.689384 0.784607 0.691880 0.786267 0.691880 0.788692 0.690518 0.789203 0.687795 0.789331 0.684391 0.789203 0.681668 0.788820 0.677810 0.788820 0.673952 0.788820 0.669640 0.787799 0.664647 0.786522 0.658292 0.786777 0.646491 0.787033 0.640137 0.788054 0.635825 0.788054 0.625613 0.787160 0.618578 0.787160 0.615627 0.787799 0.618124 0.788820 0.619485 0.789203 0.617216 0.789203 0.612223 0.788309 0.600876 0.787033 0.593841 0.785373 0.591798 0.783331 0.590664 0.782437 0.590437 0.781161 0.588848 0.781033 0.587032 0.781033 0.584990 0.781671 0.582040 0.781799 0.580905 0.782054 0.579090 0.782054 0.577728 0.781544 0.575458 0.780905 0.574324 0.779501 0.572281 0.777969 0.571600 0.776565 0.571600 0.775799 0.572962 0.775033 0.574324 0.774140 0.575685 0.773629 0.577501 0.774267 0.579770 0.774523 0.582267 0.775161 0.584536 0.775927 0.585671 0.775671 0.587713 0.773884 0.590891 0.771969 0.592706 0.770182 0.595656 0.769544 0.599287 0.768778 0.618124 0.769927 0.628109 0.770821 0.635598 0.771586 0.643768 0.772097 0.651484 0.773118 0.657385 0.772608 0.659427 0.772608 0.661243 0.771459 0.663058 0.770693 0.664874 0.770565 0.668278 0.770310 0.671001 0.770055 0.683256
4 0.790340 0.607899 0.789352 0.613922 0.788787 0.623457 0.788646 0.628224 0.788505 0.632490 0.790763 0.629981 0.791046 0.626217 0.792034 0.623206 0.793163 0.620697 0.794715 0.611914 0.794010 0.624711 0.793869 0.627472 0.793869 0.635501 0.794857 0.639516 0.794857 0.643531 0.795421 0.648550 0.795562 0.652815 0.795562 0.656830 0.795562 0.660092 0.795562 0.663103 0.795845 0.666867 0.796692 0.670631 0.797397 0.674395 0.798103 0.679163 0.798668 0.682174 0.799232 0.684181 0.799938 0.684683 0.806007 0.680668 0.810524 0.678661 0.811512 0.675148 0.814194 0.667620 0.812641 0.662351 0.810242 0.658336 0.810242 0.652063 0.809959 0.642778 0.809395 0.636003 0.808689 0.631988 0.807983 0.625464 0.807560 0.619191 0.807278 0.613169 0.808689 0.615427 0.810242 0.616180 0.810806 0.614674 0.812077 0.610409 0.810665 0.606896 0.809536 0.603132 0.808971 0.600120 0.808407 0.596607 0.807419 0.591840 0.805584 0.587072 0.804878 0.583057 0.804455 0.580799 0.804172 0.579544 0.802902 0.578039 0.800220 0.576784 0.796974 0.579042 0.796268 0.581050 0.795562 0.584814 0.795139 0.588076 0.794998 0.590334 0.795280 0.594851 0.792881 0.596106 0.790622 0.599870 0.790199 0.603132
6 0.000446 0.740308 0.002878 0.740308 0.003891 0.741750 0.004296 0.744992 0.004296 0.750036 0.004702 0.755440 0.010579 0.747874 0.010984 0.742470 0.012605 0.734904 0.018077 0.721574 0.020712 0.720133 0.018077 0.714008 0.017672 0.708964 0.024360 0.705001 0.025981 0.707523 0.027805 0.706082 0.031047 0.719052 0.032669 0.714728 0.033885 0.711486 0.033682 0.707162 0.036316 0.716890 0.040167 0.716890 0.041180 0.713647 0.041180 0.708243 0.041991 0.706082 0.042802 0.710765 0.045841 0.706802 0.045841 0.703920 0.047665 0.708964 0.047463 0.712206 0.053948 0.707162 0.055164 0.705361 0.055164 0.712206 0.062662 0.712927 0.061649 0.719052 0.061041 0.721574 0.077659 0.712927 0.073200 0.723735 0.071984 0.730941 0.076646 0.738147 0.078470 0.742830 0.083941 0.737066 0.084347 0.731662 0.085157 0.728419 0.089818 0.730941 0.090629 0.725897 0.092048 0.717611 0.092858 0.711126 0.097925 0.703560 0.102181 0.699957 0.102789 0.687707 0.100762 0.681582 0.100559 0.674377 0.100965 0.668972 0.100965 0.659965 0.099749 0.650238 0.097722 0.644473 0.096304 0.639069 0.094480 0.637628 0.089210 0.621775 0.085360 0.611688 0.084549 0.605563 0.079077 0.601239 0.071376 0.597637 0.032871 0.597997 0.018482 0.597637 0.002472 0.596556 0.000000 0.596556
6 0.098024 0.718720 0.110877 0.721391 0.119892 0.719611 0.124900 0.716940 0.130909 0.716940 0.136084 0.711598 0.138922 0.710411 0.141259 0.712191 0.144948 0.713023 0.147218 0.713225 0.148693 0.711813 0.149714 0.710603 0.150168 0.707980 0.154253 0.709392 0.157317 0.706568 0.162082 0.702130 0.163898 0.697087 0.164579 0.692851 0.167983 0.692246 0.173770 0.691640 0.178422 0.691842 0.181146 0.691035 0.182394 0.690228 0.183075 0.685790 0.183075 0.683168 0.182394 0.679739 0.181486 0.677923 0.181259 0.673687 0.181146 0.668644 0.181146 0.665819 0.180805 0.663600 0.179557 0.658759 0.178876 0.656742 0.178082 0.654926 0.176720 0.654321 0.175586 0.653716 0.173203 0.646857 0.172181 0.642621 0.170593 0.638586 0.166962 0.634148 0.163558 0.630316 0.159813 0.628702 0.155615 0.627088 0.154253 0.626886 0.150962 0.627693 0.150281 0.628298 0.145629 0.628298 0.136665 0.627895 0.129403 0.626483 0.123162 0.626483 0.107803 0.627970 0.101710 0.629717 0.099744 0.633211 0.097091 0.636705 0.095715 0.638452 0.094438 0.639500 0.095126 0.641422 0.096796 0.642470 0.097583 0.642296 0.098762 0.643344 0.099646 0.647013 0.100629 0.660290 0.100924 0.666405 0.102005 0.668152 0.101513 0.671646 0.100924 0.673567 0.101317 0.682477 0.102693 0.686495 0.101906 0.694706 0.099744 0.704665 0.097288 0.705887 0.095814 0.707460 0.095814 0.712177 0.095617 0.716544 0.096403 0.718641
4 0.398702 0.643139 0.398702 0.645406 0.398702 0.648352 0.398702 0.650732 0.398638 0.653792 0.398638 0.656512 0.398638 0.658212 0.398638 0.659572 0.398638 0.661272 0.398766 0.661952 0.399850 0.662065 0.400041 0.658099 0.399977 0.654132 0.400232 0.649825 0.400615 0.646879 0.401316 0.645859 0.401316 0.647785 0.401316 0.650392 0.401316 0.652205 0.401443 0.655605 0.401443 0.657645 0.401443 0.659232 0.401762 0.660705 0.402591 0.660932 0.403165 0.658779 0.402973 0.655152 0.403228 0.649599 0.403611 0.647219 0.404057 0.643706 0.404312 0.641326 0.404822 0.637926 0.405077 0.629652 0.405460 0.625232 0.405970 0.622966 0.406288 0.624326 0.406352 0.626479 0.406416 0.628179 0.406479 0.629992 0.406671 0.633619 0.406671 0.635092 0.407436 0.635886 0.407244 0.632486 0.407244 0.627499 0.407244 0.626252 0.407244 0.623306 0.407244 0.620926 0.406989 0.617639 0.406352 0.615486 0.405396 0.614466 0.404631 0.613332 0.404503 0.612312 0.404248 0.609479 0.404376 0.606872 0.404376 0.605399 0.404121 0.604153 0.403483 0.603359 0.402272 0.603019 0.401380 0.603246 0.400806 0.604379 0.400678 0.605626 0.400678 0.607326 0.400997 0.609139 0.400551 0.611746 0.399021 0.611632 0.398383 0.611632 0.397682 0.613219 0.397108 0.614919 0.396981 0.616166 0.396598 0.618432 0.396598 0.619679 0.396598 0.621379 0.396152 0.622852 0.395770 0.625346 0.395770 0.626479 0.395706 0.627612 0.395515 0.629312 0.395387 0.630786 0.395260 0.632032 0.394558 0.634979 0.395961 0.635772 0.396471 0.634979 0.396471 0.633052 0.396726 0.630899 0.397045 0.629652 0.397300 0.628859 0.397873 0.628859 0.398192 0.629879 0.398192 0.631352 0.398065 0.632259 0.397746 0.634299 0.397682 0.637019 0.397682 0.637699 0.397682 0.639059 0.397682 0.639966 0.398447 0.641212
6 0.488360 0.655325 0.489834 0.657551 0.491676 0.657290 0.492633 0.657290 0.492707 0.655063 0.493444 0.653492 0.493591 0.651527 0.496169 0.651265 0.498748 0.651265 0.506483 0.651265 0.510240 0.651396 0.511124 0.651789 0.511566 0.653884 0.511566 0.656504 0.512082 0.657290 0.514144 0.657944 0.515397 0.657682 0.515912 0.655194 0.516060 0.653230 0.516207 0.649955 0.516281 0.646550 0.516502 0.641705 0.516796 0.638954 0.516723 0.634763 0.516428 0.632668 0.515765 0.630704 0.514955 0.628477 0.514365 0.626906 0.513481 0.623500 0.512524 0.620750 0.510977 0.618131 0.509061 0.616952 0.507514 0.614857 0.505451 0.614333 0.500737 0.613940 0.495433 0.614595 0.492854 0.615250 0.491602 0.618524 0.492486 0.619964 0.492854 0.621536 0.492118 0.623893 0.490644 0.625465 0.489907 0.628215 0.489465 0.627822 0.488213 0.627822 0.487992 0.629263 0.489318 0.629918 0.490349 0.630835 0.489760 0.635680 0.488508 0.640788 0.488434 0.649301
6 0.208372 0.695284 0.211180 0.703454 0.211308 0.705497 0.211691 0.707312 0.215265 0.708447 0.219478 0.708901 0.221137 0.707085 0.223435 0.702319 0.224967 0.696419 0.226243 0.697100 0.226882 0.698688 0.228924 0.700277 0.232243 0.700731 0.235562 0.697554 0.236073 0.692788 0.238498 0.686206 0.240285 0.679398 0.240413 0.673498 0.240030 0.665101 0.239009 0.655796 0.239009 0.646491 0.237732 0.642180 0.236073 0.640137 0.234158 0.638548 0.231605 0.624251 0.226116 0.616535 0.223435 0.614039 0.217307 0.613585 0.211052 0.614946 0.208499 0.614493 0.204797 0.612904 0.204542 0.609954 0.201478 0.608138 0.192287 0.607684 0.184755 0.608365 0.178117 0.619031 0.175437 0.624705 0.171607 0.631286 0.169947 0.635371 0.169054 0.637414 0.171862 0.640591 0.172756 0.644222 0.173905 0.649669 0.176330 0.654888 0.176968 0.657612 0.179649 0.657385 0.180798 0.660562 0.180798 0.666916 0.181692 0.672817 0.181819 0.677129 0.186032 0.685979 0.193181 0.684164 0.205436 0.682348 0.206584 0.688249 0.207350 0.692334
6 0.241051 0.668505 0.246158 0.668505 0.250753 0.668505 0.258668 0.666689 0.265561 0.661924 0.267221 0.659654 0.266199 0.653527 0.267221 0.646718 0.266965 0.640818 0.265689 0.637187 0.263902 0.634917 0.261349 0.630379 0.258923 0.629698 0.253562 0.629244 0.246924 0.629244 0.243094 0.628790 0.239137 0.628790 0.234796 0.628336 0.232881 0.628109 0.231860 0.628109 0.233647 0.631513 0.234030 0.637641 0.235179 0.639229 0.239520 0.643087 0.239647 0.648307 0.239647 0.651484 0.239264 0.654888 0.239137 0.657612 0.239137 0.660108 0.239647 0.663966
