8 0.732451 0.563394 0.718706 0.562382 0.693988 0.565521 0.670595 0.570229 0.656029 0.577291 0.649409 0.578861 0.649409 0.596124 0.650291 0.624372 0.650291 0.655760 0.650733 0.678515 0.650733 0.712257 0.650733 0.739721 0.650664 0.754831 0.650291 0.767185 0.657353 0.771108 0.667064 0.773462 0.679423 0.774247 0.690412 0.773795 0.706653 0.774791 0.715240 0.775123 0.727534 0.773462 0.731065 0.784448 0.737244 0.794648 0.746954 0.800141 0.761782 0.788792 0.765562 0.775724 0.777953 0.776098 0.783203 0.773484 0.790210 0.775816 0.792654 0.785805 0.800803 0.791510 0.815810 0.789940 0.819783 0.789156 0.819115 0.774604 0.816693 0.754630 0.818017 0.735797 0.821480 0.721903 0.831259 0.712257 0.829052 0.706764 0.835231 0.698132 0.837880 0.702056 0.845383 0.686362 0.849537 0.678155 0.856859 0.670669 0.864363 0.664391 0.880015 0.661008 0.888117 0.659636 0.892361 0.664781 0.903204 0.663606 0.916005 0.663606 0.924190 0.660665 0.930363 0.661008 0.938657 0.660322 0.943287 0.661351 0.940281 0.639281 0.938957 0.622018 0.936150 0.597908 0.934101 0.585138 0.926156 0.585138 0.888310 0.582476 0.860390 0.578861 0.827148 0.571812 0.792858 0.570229 0.772113 0.564736 0.736451 0.560051
8 0.510851 0.724923 0.509983 0.696373 0.509620 0.666903 0.509289 0.641543 0.508294 0.623850 0.510616 0.615004 0.513601 0.616773 0.521231 0.613824 0.531515 0.609696 0.542795 0.606157 0.554074 0.604388 0.562036 0.603208 0.575637 0.606157 0.586584 0.607337 0.591892 0.611465 0.594878 0.610285 0.597656 0.615869 0.598235 0.626672 0.599682 0.655736 0.600839 0.674769 0.601997 0.694059 0.602575 0.713092 0.602840 0.743572 0.602176 0.749469 0.599522 0.743572 0.601513 0.736494 0.599522 0.733546 0.595541 0.733546 0.589570 0.718212 0.583267 0.699929 0.580613 0.695801 0.562699 0.692852 0.548102 0.694032 0.535590 0.694573 0.527633 0.695859 0.524016 0.698945 0.519573 0.701699 0.513933 0.719391
6 0.410524 0.710905 0.381213 0.711176 0.357456 0.715237 0.347405 0.718486 0.340552 0.742853 0.336897 0.754224 0.331871 0.759909 0.329587 0.780214 0.328216 0.803769 0.326834 0.827240 0.327303 0.837070 0.328673 0.854938 0.331414 0.863060 0.340095 0.865497 0.341466 0.857375 0.342836 0.849253 0.343293 0.845192 0.351974 0.842755 0.355172 0.843567 0.355172 0.848441 0.364766 0.847628 0.366594 0.841943 0.373447 0.837882 0.383041 0.835445 0.385782 0.835445 0.391265 0.837882 0.402686 0.837882 0.414565 0.837070 0.416393 0.849253 0.416393 0.854126 0.422789 0.855750 0.427814 0.850877 0.429185 0.841131 0.429185 0.830572 0.431223 0.827635 0.432336 0.840298 0.438568 0.841089 0.440794 0.835549 0.440150 0.816764 0.441520 0.797271 0.441520 0.776966 0.439693 0.766407 0.433297 0.757472 0.438322 0.754224 0.441684 0.753245 0.441239 0.745726 0.434785 0.743352 0.433297 0.750162 0.430556 0.745289 0.424616 0.725796 0.418677 0.714425
6 0.001139 0.611400 0.022298 0.607060 0.061966 0.606046 0.082888 0.606046 0.102920 0.608420 0.125623 0.613169 0.146991 0.619500 0.156784 0.624248 0.159455 0.635328 0.148326 0.637702 0.147881 0.649573 0.157675 0.649573 0.164797 0.651947 0.172365 0.657487 0.179042 0.666983 0.191952 0.682020 0.202190 0.699430 0.208868 0.720798 0.211093 0.728712 0.216435 0.727920 0.221332 0.734251 0.220887 0.745331 0.219996 0.750079 0.225783 0.764324 0.230235 0.782526 0.232016 0.797563 0.232461 0.829218 0.231125 0.856125 0.227564 0.863248 0.226289 0.881054 0.222647 0.897242 0.215727 0.901127 0.206622 0.901127 0.202615 0.899832 0.201158 0.894652 0.197880 0.879759 0.186954 0.883644 0.166193 0.892062 0.144704 0.901774 0.145068 0.916667 0.142519 0.934797 0.136691 0.945157 0.126129 0.947099 0.120302 0.948394 0.110468 0.945157 0.105733 0.937387 0.102819 0.923789 0.087971 0.914130 0.062286 0.919203 0.044449 0.923009 0.027326 0.930619 0.021821 0.914272 0.016433 0.903097 0.002963 0.896711 0.000000 0.836127 0.000000 0.721105 0.000000 0.657233
6 0.511387 0.727170 0.508013 0.738791 0.505061 0.749663 0.502052 0.758558 0.501687 0.769531 0.500843 0.781152 0.500843 0.790523 0.500211 0.798770 0.499367 0.806268 0.499157 0.817889 0.499578 0.834383 0.499367 0.841880 0.499578 0.849003 0.500843 0.857625 0.504217 0.859124 0.509278 0.859874 0.512863 0.859499 0.514339 0.858000 0.514339 0.850127 0.514128 0.838881 0.515182 0.830634 0.522141 0.829885 0.522141 0.833258 0.527412 0.831384 0.528256 0.829135 0.532051 0.828385 0.540486 0.831009 0.549764 0.830259 0.560729 0.829510 0.566000 0.828760 0.570007 0.827635 0.574646 0.829135 0.580128 0.829510 0.586454 0.832509 0.591937 0.835133 0.593119 0.845539 0.593202 0.852377 0.599590 0.853395 0.605587 0.852273 0.608586 0.850870 0.609649 0.837382 0.609438 0.828760 0.608806 0.814140 0.607751 0.799895 0.605221 0.790523 0.605221 0.782276 0.603956 0.768406 0.603323 0.758285 0.601425 0.748913 0.599739 0.744040 0.602480 0.741416 0.602058 0.734293 0.600160 0.732419 0.595486 0.732183 0.591304 0.724172 0.589406 0.716299 0.585400 0.708427 0.583924 0.700930 0.580339 0.697181 0.572959 0.695307 0.563892 0.693432 0.558198 0.693807 0.550396 0.693432 0.543860 0.694182 0.537534 0.694182 0.530786 0.694557 0.526569 0.695682 0.523406 0.697931 0.520243 0.700555 0.516658 0.706553 0.513495 0.717049 0.513074 0.723422
6 0.999953 0.652236 0.981184 0.658909 0.963823 0.668919 0.947870 0.683934 0.936608 0.696446 0.925816 0.711461 0.919247 0.713964 0.919247 0.719803 0.911740 0.728145 0.900479 0.733150 0.884056 0.738989 0.870449 0.746496 0.854964 0.756507 0.852618 0.775692 0.850272 0.784868 0.852149 0.799049 0.854964 0.812396 0.856841 0.823240 0.866226 0.824074 0.870918 0.836587 0.877018 0.848265 0.884994 0.853270 0.892971 0.853270 0.901417 0.853270 0.908455 0.845762 0.910801 0.835752 0.912678 0.829079 0.920186 0.830747 0.934262 0.831582 0.941301 0.829913 0.944116 0.833250 0.947870 0.841592 0.957723 0.844094 0.965231 0.841592 0.971800 0.838255 0.974615 0.832416 0.977431 0.826577 0.982592 0.826577 0.993384 0.828245 0.999015 0.828245 0.999953 0.791542 1.000000 0.790513 0.999953 0.731481 0.999953 0.700617
6 0.957419 0.672816 0.954238 0.665041 0.944696 0.659386 0.933166 0.657973 0.923624 0.657973 0.912492 0.660093 0.902950 0.660800 0.897384 0.661507 0.894203 0.658680 0.891420 0.657973 0.885854 0.657973 0.881878 0.659386 0.867168 0.663627 0.863192 0.665041 0.858421 0.670696 0.850469 0.677764 0.846096 0.684125 0.838542 0.701795 0.838542 0.701088 0.836156 0.700382 0.831783 0.701088 0.830590 0.706743 0.834168 0.712398 0.828602 0.718759 0.823434 0.722293 0.817867 0.730068 0.816675 0.737136 0.816277 0.749152 0.817072 0.766822 0.819060 0.780252 0.821048 0.788733 0.822638 0.796508 0.825819 0.800042 0.832578 0.801456 0.836554 0.800042 0.837349 0.795095 0.837349 0.788027 0.842915 0.788027 0.848084 0.788027 0.851264 0.785199 0.851662 0.778131 0.852855 0.765409 0.854843 0.758340 0.860409 0.755513 0.866372 0.750565 0.873131 0.746325 0.880288 0.742791 0.885854 0.738550 0.894203 0.735722 0.900962 0.733602 0.908516 0.729361 0.914082 0.726534 0.921239 0.718759 0.918058 0.710984 0.925612 0.713104 0.930781 0.705329 0.935552 0.698968 0.941516 0.694727 0.946287 0.688366 0.951058 0.682005
6 0.344640 0.728712 0.342192 0.725942 0.335069 0.725150 0.326834 0.724359 0.320824 0.725150 0.314147 0.725942 0.308583 0.726337 0.300347 0.728316 0.295896 0.729899 0.290999 0.734647 0.288328 0.741770 0.283876 0.754827 0.280538 0.760367 0.275196 0.768281 0.275196 0.776591 0.274528 0.789253 0.274306 0.805476 0.274857 0.815991 0.276786 0.822849 0.278990 0.824319 0.279541 0.833627 0.282022 0.839506 0.285880 0.838036 0.289462 0.836567 0.289738 0.826769 0.294698 0.825789 0.302138 0.822359 0.304067 0.828728 0.307374 0.829708 0.309028 0.828238 0.310957 0.823339 0.311784 0.820890 0.319500 0.819910 0.326113 0.818930 0.327767 0.817950 0.327491 0.806682 0.328869 0.794925 0.329145 0.783657 0.331074 0.773859 0.331625 0.762591 0.331625 0.759651 0.337687 0.752792 0.340443 0.746424 0.341270 0.741525
10 0.675488 0.567568 0.672673 0.553387 0.669154 0.544211 0.665400 0.539206 0.661177 0.532950 0.656015 0.529613 0.651323 0.526693 0.645223 0.524608 0.639123 0.524608 0.637716 0.518352 0.632554 0.517518 0.624812 0.518352 0.618478 0.518352 0.614489 0.518352 0.614020 0.526276 0.611909 0.526693 0.610970 0.522940 0.604870 0.521688 0.591732 0.521688 0.582817 0.522940 0.579063 0.522940 0.578360 0.530447 0.577187 0.530447 0.576483 0.522105 0.573198 0.522105 0.565456 0.523774 0.557479 0.524608 0.551849 0.525025 0.551614 0.535869 0.557714 0.538789 0.567098 0.537538 0.576717 0.537538 0.576483 0.532950 0.578360 0.533367 0.579063 0.537538 0.589621 0.536703 0.604870 0.535869 0.611674 0.535869 0.611205 0.530447 0.613551 0.530447 0.614489 0.534618 0.625047 0.533784 0.637012 0.533367 0.639593 0.533784 0.640297 0.530447 0.645927 0.530447 0.652262 0.531281 0.657423 0.534618 0.661881 0.539206 0.666338 0.545879 0.670327 0.552970 0.672438 0.557975 0.673142 0.563814 0.673142 0.568819
10 0.894253 0.581306 0.896067 0.575318 0.894771 0.569329 0.891661 0.566105 0.889848 0.566105 0.888552 0.556891 0.888293 0.547218 0.885443 0.530634 0.883370 0.516353 0.878705 0.508983 0.874041 0.502534 0.868600 0.498388 0.862381 0.495624 0.858235 0.495624 0.858235 0.489174 0.852534 0.491478 0.843724 0.491478 0.834396 0.493320 0.826363 0.496084 0.822735 0.499309 0.822217 0.503455 0.820144 0.502534 0.818330 0.494702 0.815480 0.494702 0.812889 0.499309 0.811852 0.502994 0.810297 0.498848 0.808225 0.497006 0.804856 0.496545 0.803042 0.500691 0.801746 0.502994 0.797082 0.498388 0.794232 0.500230 0.793714 0.503455 0.788790 0.507601 0.788790 0.514511 0.796564 0.517275 0.811852 0.513129 0.832064 0.509904 0.849166 0.506219 0.859790 0.504837 0.859790 0.501152 0.865231 0.502994 0.873264 0.507601 0.878705 0.517735 0.883110 0.532477 0.883110 0.546757 0.883110 0.554128 0.885702 0.561498 0.885702 0.574397 0.886220 0.583149 0.888811 0.583610
4 0.441820 0.794128 0.446160 0.793577 0.447193 0.797803 0.448330 0.800191 0.450190 0.797435 0.451017 0.793761 0.451637 0.792291 0.453187 0.802028 0.454634 0.806254 0.458147 0.805703 0.462694 0.802212 0.463521 0.800007 0.464761 0.792291 0.464141 0.785678 0.463934 0.777961 0.464244 0.773001 0.464658 0.767490 0.464864 0.763081 0.464451 0.759039 0.463418 0.754813 0.462384 0.749853 0.461764 0.746362 0.460834 0.743056 0.460532 0.740297 0.461053 0.738854 0.462445 0.738235 0.464301 0.737720 0.465403 0.736792 0.465925 0.735451 0.465403 0.732049 0.464765 0.730605 0.463315 0.729677 0.462677 0.729471 0.460648 0.729780 0.460300 0.732873 0.460010 0.736998 0.459198 0.737720 0.458386 0.732152 0.458096 0.730193 0.457632 0.728440 0.457284 0.727306 0.456762 0.723490 0.456008 0.719263 0.455312 0.716891 0.454036 0.714107 0.453108 0.711633 0.450092 0.707715 0.448932 0.705652 0.447482 0.703797 0.447018 0.701734 0.445394 0.698538 0.444930 0.696579 0.444408 0.694723 0.443074 0.692867 0.441624 0.691630 0.440754 0.691114 0.439536 0.690908 0.428980 0.691836 0.413378 0.693073 0.411348 0.695445 0.410420 0.697507 0.410420 0.699569 0.411000 0.702765 0.412450 0.703281 0.413262 0.704209 0.413204 0.706374 0.408796 0.708540 0.407984 0.711117 0.410362 0.710911 0.418772 0.714314 0.424630 0.726171 0.430662 0.745453 0.433156 0.750608 0.435070 0.742875 0.435360 0.742875 0.437738 0.743803 0.440000 0.744834 0.440696 0.745453 0.442088 0.748752 0.442668 0.752671 0.437680 0.756176 0.434490 0.757207 0.437506 0.761332 0.439536 0.767003 0.440986 0.773808 0.441392 0.777211 0.442088 0.787522
6 0.464417 0.777726 0.468245 0.776386 0.472131 0.775767 0.474277 0.775767 0.475321 0.776901 0.478105 0.778036 0.478279 0.779788 0.478685 0.783397 0.479961 0.784428 0.481063 0.784428 0.482281 0.783294 0.483673 0.782263 0.485181 0.781851 0.485935 0.781438 0.486225 0.779170 0.486051 0.775458 0.486341 0.770715 0.486515 0.765559 0.486631 0.762672 0.486515 0.761332 0.486515 0.758032 0.486515 0.752464 0.486399 0.749577 0.485587 0.747309 0.484427 0.745144 0.483847 0.743700 0.482687 0.741019 0.481701 0.738132 0.480831 0.734729 0.480425 0.732873 0.479845 0.730399 0.477931 0.725656 0.477061 0.724522 0.472537 0.723181 0.470449 0.722975 0.468361 0.722872 0.464997 0.722459 0.462735 0.722253 0.460590 0.721944 0.458212 0.722150 0.456994 0.723490 0.456646 0.724831 0.456878 0.726687 0.457110 0.727306 0.457632 0.729058 0.457980 0.730296 0.458270 0.732049 0.458444 0.732873 0.458734 0.734420 0.458966 0.736173 0.459372 0.737926 0.460010 0.737204 0.460068 0.734523 0.460300 0.732255 0.460764 0.729368 0.461981 0.729368 0.462967 0.729471 0.464649 0.730089 0.465577 0.732873 0.466215 0.735761 0.465287 0.737204 0.464533 0.737926 0.463199 0.738132 0.461807 0.738338 0.460764 0.740091 0.460474 0.742772 0.462445 0.749680 0.463547 0.755248 0.464185 0.759682 0.464649 0.763600 0.464707 0.766178 0.464649 0.768240 0.464359 0.771849 0.464243 0.773808
6 0.486771 0.765509 0.489687 0.765417 0.490521 0.764120 0.492344 0.763472 0.493229 0.763380 0.494167 0.763380 0.496927 0.763472 0.499896 0.763472 0.501406 0.763102 0.501771 0.763009 0.501927 0.758657 0.505000 0.750139 0.508021 0.738472 0.507760 0.734491 0.507344 0.732454 0.506406 0.729676 0.505521 0.725417 0.505156 0.722639 0.504792 0.720231 0.504323 0.717269 0.501979 0.715324 0.501094 0.714306 0.499167 0.713565 0.496875 0.713194 0.490885 0.712824 0.484375 0.713750 0.484115 0.714120 0.483229 0.716065 0.482396 0.718657 0.481510 0.720046 0.481250 0.721528 0.480677 0.725324 0.479844 0.729306 0.480625 0.733194 0.481615 0.738194 0.482917 0.741620 0.484271 0.744861 0.485781 0.748009 0.486510 0.750231 0.486615 0.755046 0.486510 0.761435
6 0.635573 0.760139 0.634375 0.762731 0.632917 0.764306 0.633698 0.766343 0.636563 0.766435 0.637708 0.765509 0.637656 0.764583 0.637552 0.762731 0.637604 0.760417 0.637604 0.757639 0.637865 0.755046 0.638021 0.753009 0.638385 0.754398 0.638802 0.756343 0.639271 0.759120 0.639479 0.761065 0.639635 0.763102 0.639740 0.764491 0.640260 0.766250 0.641562 0.765972 0.641979 0.765324 0.641250 0.758935 0.640990 0.756713 0.640781 0.754120 0.640625 0.753287 0.640417 0.750787 0.640313 0.747731 0.640208 0.745324 0.640208 0.741806 0.640104 0.738843 0.639948 0.737361 0.639740 0.735324 0.639323 0.731806 0.639271 0.730602 0.639271 0.724861 0.639219 0.722824 0.639115 0.720417 0.639010 0.719213 0.638906 0.717639 0.638750 0.716435 0.638594 0.715787 0.637760 0.714120 0.637448 0.712917 0.637240 0.711620 0.636875 0.710046 0.636406 0.708657 0.636146 0.708102 0.635312 0.707454 0.634531 0.706991 0.634167 0.706898 0.633490 0.707361 0.633229 0.709028 0.633177 0.710787 0.633646 0.713472 0.634167 0.714398 0.634792 0.716528 0.634323 0.717917 0.633906 0.718843 0.633490 0.721250 0.633229 0.725324 0.633073 0.730972 0.633021 0.732824 0.634323 0.735417 0.635104 0.736620 0.635625 0.738102 0.635260 0.741991 0.635260 0.743657 0.635365 0.745694 0.635625 0.748472 0.635469 0.750324 0.635781 0.753472 0.635781 0.755602 0.635781 0.758565
6 0.274271 0.789491 0.271875 0.789491 0.272031 0.793472 0.271667 0.794306 0.268438 0.795417 0.266979 0.792176 0.266823 0.791713 0.266458 0.790602 0.259167 0.790602 0.259427 0.792361 0.258750 0.794861 0.257448 0.796528 0.255156 0.796806 0.253125 0.795880 0.251615 0.793565 0.251198 0.792546 0.250625 0.786713 0.250729 0.783843 0.251458 0.780602 0.251510 0.777639 0.251563 0.776065 0.251927 0.773472 0.252604 0.770972 0.254010 0.769213 0.259115 0.764213 0.261198 0.761065 0.262500 0.759120 0.264062 0.756065 0.264688 0.752361 0.265260 0.749676 0.267292 0.747176 0.268958 0.745694 0.270052 0.745046 0.273229 0.744306 0.278958 0.743194 0.284635 0.742639 0.287083 0.742639 0.288385 0.741898 0.283802 0.755046 0.280365 0.760417 0.275156 0.768380 0.275156 0.776435 0.274688 0.786528
