6 0.001657 0.682555 0.025331 0.682555 0.058475 0.685711 0.084517 0.687816 0.109375 0.692024 0.138968 0.699390 0.166785 0.712016 0.194010 0.733060 0.218277 0.764625 0.241951 0.805661 0.256155 0.838279 0.256155 0.830913 0.265033 0.830913 0.277462 0.833018 0.283381 0.839331 0.289299 0.856166 0.283973 0.869844 0.276870 0.878262 0.272727 0.878262 0.282789 0.894045 0.298177 0.907723 0.306463 0.921402 0.308830 0.941393 0.310014 0.960332 0.307055 0.994003 0.303504 0.999263 0.000000 0.999263 0.000000 0.681503
6 0.263472 0.828904 0.263780 0.826717 0.264190 0.824165 0.265522 0.823072 0.266343 0.821249 0.266343 0.819608 0.266343 0.817968 0.267265 0.815416 0.268598 0.816145 0.269316 0.817239 0.273725 0.812682 0.277108 0.807214 0.281722 0.805938 0.283465 0.804662 0.284695 0.803569 0.285925 0.804298 0.286745 0.806121 0.295153 0.806485 0.298228 0.808490 0.300586 0.812682 0.301714 0.817239 0.302329 0.819791 0.305508 0.821796 0.306533 0.822889 0.306430 0.828175 0.306430 0.831821 0.305918 0.834919 0.305405 0.836742 0.305303 0.840023 0.304585 0.839840 0.304175 0.844033 0.303970 0.846220 0.302329 0.847860 0.300689 0.848042 0.299664 0.845308 0.298741 0.842574 0.296690 0.841298 0.293000 0.840934 0.291462 0.842028 0.290949 0.845855 0.289206 0.847678 0.287258 0.847313 0.286438 0.843668 0.285925 0.841845 0.284387 0.839111 0.283157 0.836195 0.280389 0.834008 0.277210 0.831456 0.274237 0.831456
4 0.365896 0.817786 0.364768 0.815416 0.363948 0.813776 0.363230 0.811953 0.362205 0.809401 0.361077 0.805027 0.358719 0.805392 0.358309 0.807761 0.358514 0.811224 0.357283 0.813958 0.355848 0.816328 0.354720 0.819426 0.354823 0.829633 0.354208 0.833643 0.355233 0.838929 0.355848 0.842574 0.355643 0.847313 0.356258 0.856245 0.357181 0.857885 0.359231 0.857338 0.359231 0.854422 0.359231 0.851506 0.359847 0.847860 0.360359 0.854057 0.360872 0.856427 0.361897 0.856427 0.362410 0.854057 0.363640 0.839294 0.363640 0.834919 0.364665 0.827446
4 0.835195 0.872602 0.835822 0.915365 0.833940 0.922059 0.833312 0.926149 0.829547 0.928380 0.824736 0.929496 0.819507 0.929496 0.816997 0.928008 0.818252 0.925405 0.820971 0.923918 0.822436 0.922430 0.822017 0.915365 0.821181 0.909044 0.820519 0.886313 0.820002 0.870064 0.819140 0.869451 0.818277 0.870064 0.816898 0.872823 0.814656 0.872210 0.814656 0.864238 0.816035 0.853814 0.815863 0.844310 0.816035 0.835418 0.817070 0.829286 0.818622 0.823154 0.820692 0.822234 0.819485 0.817022 0.819485 0.810584 0.820347 0.805372 0.823796 0.804145 0.826383 0.806291 0.827418 0.811197 0.828798 0.816103 0.828798 0.818249 0.830005 0.821008 0.833627 0.824687 0.835869 0.828673 0.837076 0.838178 0.837421 0.847682 0.837076 0.851974 0.835524 0.855040 0.835006 0.859026 0.835696 0.865465 0.835696 0.869451
6 0.814138 0.925865 0.813449 0.936596 0.812759 0.943034 0.811034 0.946100 0.806205 0.947633 0.803101 0.947020 0.800514 0.935676 0.799134 0.931690 0.794133 0.930157 0.793271 0.929237 0.791718 0.929850 0.791029 0.936289 0.788097 0.938435 0.784303 0.938435 0.781198 0.933836 0.778611 0.928317 0.749983 0.924332 0.749293 0.926784 0.748948 0.929544 0.748431 0.935982 0.745844 0.939355 0.738428 0.937822 0.736358 0.931383 0.734979 0.925251 0.734979 0.921572 0.733082 0.919733 0.730840 0.924332 0.730667 0.928011 0.725493 0.928931 0.722044 0.927704 0.719457 0.914520 0.718595 0.902870 0.718767 0.892445 0.719285 0.878955 0.722561 0.869144 0.724458 0.864545 0.722044 0.861479 0.718940 0.858413 0.717388 0.852894 0.718940 0.848909 0.721872 0.846762 0.726528 0.849215 0.728598 0.852281 0.731874 0.844923 0.736358 0.832659 0.740152 0.824381 0.741360 0.824074 0.742222 0.823767 0.743947 0.825300 0.760503 0.824994 0.778956 0.825914 0.792581 0.829593 0.796720 0.834805 0.801894 0.846456 0.807585 0.859026 0.810689 0.865771 0.813276 0.875276 0.815518 0.889073 0.815518 0.898577 0.815346 0.910228 0.814828 0.920959
6 0.737418 0.832189 0.736482 0.829692 0.735428 0.826987 0.733556 0.824906 0.731800 0.823450 0.727938 0.823034 0.722086 0.823034 0.720213 0.823034 0.719979 0.821161 0.718106 0.818248 0.716702 0.817416 0.715648 0.816583 0.714478 0.816583 0.713542 0.817208 0.711552 0.818664 0.711318 0.821577 0.709328 0.821785 0.701955 0.822618 0.697624 0.824074 0.696805 0.826363 0.690602 0.844465 0.686739 0.843633 0.684281 0.844049 0.681941 0.847378 0.681355 0.850083 0.682643 0.854661 0.685686 0.856325 0.686739 0.857366 0.685335 0.860279 0.683930 0.868602 0.682760 0.874844 0.682175 0.883583 0.682175 0.890241 0.682292 0.894819 0.681941 0.900437 0.683462 0.906263 0.685569 0.909800 0.688612 0.910216 0.689548 0.908968 0.689899 0.911881 0.691304 0.913546 0.694113 0.914794 0.698092 0.916042 0.699263 0.913962 0.699263 0.910424 0.699263 0.907928 0.699263 0.906471 0.702657 0.907095 0.704061 0.904182 0.704998 0.903142 0.709094 0.902518 0.717170 0.903558 0.719745 0.903766 0.721266 0.892946 0.722320 0.883167 0.723724 0.870891 0.723256 0.865689 0.720915 0.859447 0.718223 0.856325 0.718574 0.850291 0.720447 0.847794 0.725714 0.849251 0.727235 0.849875 0.728289 0.852164 0.731683 0.844049 0.733907 0.838847
1 0.530918 0.872768 0.514318 0.884204 0.657288 0.894533 0.652307 0.882359
1 0.679124 0.799925 0.680110 0.888013 0.677154 0.888013 0.676591 0.799424 0.673775 0.798674 0.673635 0.782157 0.677154 0.781907 0.668004 0.763388 0.677717 0.745120 0.688274 0.763388 0.679124 0.781406 0.682925 0.781406 0.682362 0.799675
9 0.775018 0.756235 0.775018 0.764799 0.787663 0.765869 0.788114 0.756770
9 0.560603 0.663466 0.559960 0.684614 0.668628 0.687471 0.667663 0.665752
6 0.589477 0.850555 0.589546 0.852268 0.588652 0.852757 0.588033 0.852390 0.587826 0.850555 0.588033 0.846397 0.588239 0.843583 0.588652 0.839669 0.589133 0.837101 0.589615 0.834043 0.590303 0.832208 0.591679 0.831719 0.594775 0.832330 0.597046 0.832453 0.598628 0.833554 0.599041 0.835144 0.599247 0.837468 0.600004 0.840036 0.600692 0.843094 0.600623 0.846397 0.600692 0.849944 0.600348 0.851778 0.599660 0.853246 0.598078 0.852512 0.598009 0.850922 0.597458 0.850433 0.594844 0.850555 0.592161 0.850188
