8 0.795718 0.004115 0.448495 0.318930 0.436921 0.421811 0.424190 0.446502 0.418403 0.475309 0.414931 0.510288 0.416088 0.537037 0.419560 0.549383 0.414931 0.574074 0.407986 0.594650 0.410301 0.606996 0.420718 0.621399 0.413773 0.683128 0.406829 0.740741 0.404514 0.820988 0.404514 0.921811 0.458912 0.962963 0.473958 0.958848 0.477431 0.997942 0.608796 1.000000 1.000000 1.000000 1.000000 0.004115
6 0.017974 0.941176 0.022059 0.916667 0.030739 0.910312 0.044016 0.910312 0.077206 0.914851 0.110396 0.917574 0.145118 0.918482 0.166054 0.918482 0.170650 0.932099 0.173203 0.954793 0.186989 0.955701 0.196181 0.954793 0.197712 0.918482 0.207414 0.890341 0.215584 0.881264 0.218648 0.864924 0.218648 0.849492 0.213542 0.831336 0.215584 0.804103 0.216095 0.779593 0.214563 0.754176 0.203329 0.748729 0.196181 0.743282 0.193627 0.727850 0.186989 0.704248 0.176777 0.666122 0.170650 0.659768 0.153799 0.655229 0.129800 0.647059 0.113971 0.644336 0.111417 0.637981 0.106822 0.633442 0.099673 0.627088 0.089461 0.628903 0.085886 0.632534 0.082823 0.637981 0.074142 0.643428 0.061377 0.637981 0.047590 0.637073 0.035846 0.633442 0.024612 0.651598 0.018995 0.669753 0.009804 0.693355 0.000613 0.712418 0.000613 0.946623 0.004187 0.946623 0.012868 0.951162
6 0.002145 0.637073 0.010825 0.633442 0.015931 0.637981 0.017974 0.659768 0.017974 0.670661 0.014400 0.680646 0.011846 0.690632 0.007251 0.698802 0.005719 0.711511 0.003166 0.713326 0.000102 0.703341 0.000102 0.677923
10 0.001123 0.520879 0.035335 0.520879 0.035335 0.544481 0.001123 0.544481
10 0.010315 0.574437 0.025123 0.574437 0.025123 0.586238 0.010315 0.586238
10 0.384600 0.557190 0.316176 0.542665 0.315666 0.564452 0.383068 0.577160
6 0.177778 0.668107 0.185880 0.670165 0.193519 0.670988 0.204398 0.674280 0.212037 0.676337 0.219213 0.683333 0.225694 0.691152 0.229861 0.695679 0.239815 0.701029 0.246296 0.707613 0.249769 0.715432 0.249074 0.729012 0.243750 0.730658 0.242130 0.731070 0.238426 0.736008 0.230787 0.735185 0.224769 0.733128 0.222222 0.729835 0.216898 0.726543 0.194444 0.724074
4 0.278704 0.771399 0.273843 0.765638 0.276852 0.762346 0.276852 0.755350 0.277778 0.748354 0.277546 0.732716 0.278009 0.728601 0.279398 0.721193 0.279398 0.708848 0.280787 0.702263 0.281944 0.695679 0.281250 0.689506 0.279167 0.682510 0.276620 0.675926 0.275926 0.663580 0.272685 0.665226 0.268750 0.667695 0.267824 0.673868 0.267130 0.680453 0.264583 0.684156 0.260880 0.691152 0.259028 0.695679 0.259028 0.701029 0.260417 0.705144 0.260185 0.710082 0.258565 0.721605 0.261111 0.726543 0.262500 0.726543 0.264352 0.737243 0.263657 0.745885 0.263657 0.759053 0.263889 0.769753 0.266435 0.775103 0.269676 0.775926 0.269907 0.770988 0.268287 0.764815 0.266435 0.756173 0.267593 0.745473 0.268750 0.736420 0.270139 0.729835 0.271296 0.736831 0.271991 0.743004 0.272685 0.752058 0.271065 0.757819 0.271065 0.768107 0.272685 0.773457 0.276157 0.774280
4 0.328533 0.737896 0.328062 0.743474 0.328062 0.748215 0.327121 0.754630 0.325552 0.755466 0.323513 0.752120 0.324297 0.746263 0.324454 0.735944 0.324140 0.729250 0.324140 0.723672 0.325082 0.711401 0.325395 0.706102 0.324454 0.704987 0.324768 0.700245 0.324925 0.695225 0.325709 0.690484 0.328219 0.687974 0.330102 0.683791 0.331043 0.679607 0.333553 0.678492 0.335122 0.680165 0.335592 0.686859 0.336063 0.691321 0.337004 0.693273 0.338573 0.690205 0.336220 0.695783 0.336063 0.699688 0.333239 0.702755 0.331984 0.703592 0.330102 0.708333 0.330102 0.710843 0.328376 0.713075 0.326650 0.722836 0.328690 0.730645
4 0.338730 0.689926 0.342809 0.696062 0.342809 0.698014 0.343279 0.703592 0.344064 0.710007 0.344064 0.715585 0.342652 0.720047 0.342652 0.726461 0.341711 0.730924 0.341240 0.739569 0.339985 0.744311 0.338573 0.750725 0.337475 0.758255 0.334808 0.758534 0.331984 0.757140 0.332612 0.750167 0.332298 0.743195 0.331827 0.740127 0.329631 0.735665 0.327121 0.730366 0.325866 0.722557 0.327748 0.714469 0.328690 0.708891 0.333396 0.704150 0.334337 0.700245 0.336534 0.697735 0.337161 0.692436
4 0.376224 0.718931 0.376067 0.731481 0.374184 0.737059 0.372302 0.747100 0.371517 0.754072 0.367595 0.755187 0.365870 0.750725 0.367595 0.742916 0.367752 0.735386 0.367909 0.731203 0.365556 0.726183 0.366183 0.715863 0.367909 0.708054 0.368380 0.702198 0.370105 0.698572 0.372459 0.697178 0.373243 0.692158 0.374498 0.691042 0.376694 0.689369 0.378577 0.691042 0.378420 0.698014 0.377479 0.700524 0.378734 0.708612 0.379204 0.716142 0.379361 0.723115 0.379361 0.728414 0.377792 0.725625
6 0.304531 0.679328 0.291510 0.695504 0.286960 0.696620 0.284764 0.700245 0.283666 0.704429 0.282882 0.708612 0.282568 0.714748 0.284450 0.720884 0.286647 0.727298 0.288843 0.729529 0.296216 0.730645 0.300609 0.730924 0.301236 0.725346 0.307511 0.725904 0.314571 0.727577 0.321944 0.729250 0.324297 0.725625 0.325082 0.710286 0.324140 0.704708 0.324140 0.696341 0.325552 0.689926 0.328533 0.687137 0.329631 0.679050 0.332769 0.677655 0.336377 0.684906 0.336534 0.690484 0.339357 0.690763 0.344534 0.694946 0.345319 0.703592 0.344378 0.715027 0.345476 0.725904 0.349241 0.726461 0.349711 0.701082 0.347044 0.684070
6 0.409952 0.702755 0.406658 0.707218 0.405717 0.712238 0.404618 0.716421 0.401481 0.718652 0.399128 0.723394 0.397088 0.726183 0.394265 0.729808 0.391598 0.732597 0.392225 0.740406 0.391127 0.747100 0.392225 0.754630 0.395206 0.760207 0.400383 0.761323 0.402108 0.757419 0.404462 0.757140 0.407442 0.757697 0.408384 0.754630 0.411521 0.703034
6 0.379675 0.694389 0.382499 0.694110 0.384068 0.692994 0.389872 0.692994 0.398343 0.696620 0.401795 0.695504 0.406658 0.697735 0.407913 0.702755 0.406501 0.711122 0.404618 0.715585 0.401795 0.719768 0.399442 0.724788 0.395363 0.727856 0.386891 0.730645 0.381557 0.730087 0.377636 0.728414 0.375596 0.729808 0.369792 0.736780 0.365556 0.737896 0.361634 0.735665 0.356928 0.730366 0.355673 0.726183 0.351594 0.722836 0.350653 0.718373 0.350966 0.713353 0.352065 0.707497 0.353006 0.704429 0.358653 0.702477 0.364615 0.702755 0.367282 0.702755 0.368850 0.702477 0.371047 0.698014 0.373243 0.695225 0.374655 0.692436 0.375596 0.689090 0.379989 0.691600
6 0.228275 0.692264 0.228434 0.688017 0.230823 0.684902 0.233372 0.682920 0.237194 0.682354 0.240220 0.683769 0.241176 0.689149 0.240061 0.694529 0.239106 0.699060 0.236716 0.699060 0.232097 0.697078
8 0.242769 0.684619 0.250255 0.664515 0.255511 0.663665 0.259334 0.662249 0.263634 0.661683 0.270005 0.664798 0.272872 0.664232 0.277173 0.667629 0.280040 0.673576 0.280836 0.679522 0.281473 0.684336 0.278765 0.690565 0.277969 0.687167 0.277173 0.682920 0.276854 0.672160 0.275102 0.667913 0.271757 0.668479 0.269209 0.673009 0.268253 0.678673 0.265705 0.683769 0.262360 0.685468 0.259652 0.690282 0.260449 0.696795 0.259652 0.701608 0.259652 0.716616 0.258537 0.717748 0.254715 0.718315 0.253440 0.719730 0.250414 0.720297 0.248344 0.714634 0.247388 0.709820 0.245636 0.706705 0.242450 0.703024 0.239902 0.701325 0.239902 0.695379
7 0.213597 0.676975 0.214265 0.649474 0.241753 0.652441 0.240195 0.682910 0.234854 0.681921 0.232516 0.682119 0.229178 0.685878 0.227842 0.690230 0.225505 0.691022
8 0.242978 0.656201 0.260005 0.653826 0.279258 0.656596 0.279481 0.660355 0.281039 0.669061 0.280927 0.673413 0.279703 0.674205 0.278256 0.673413 0.277032 0.666686 0.274584 0.662927 0.268240 0.661345 0.261563 0.661147 0.256332 0.662136 0.250990 0.663719 0.247541 0.665697 0.240418 0.686075 0.241531 0.657190
8 0.019824 0.662037 0.015572 0.644085 0.013977 0.633692 0.018761 0.611961 0.022481 0.599679 0.029921 0.578893 0.034705 0.551493 0.040551 0.530707 0.050117 0.512755 0.055432 0.506141 0.068718 0.504252 0.164381 0.525038 0.167570 0.540155 0.167570 0.557162 0.169165 0.560941 0.168102 0.575113 0.168633 0.584562 0.169165 0.616686 0.169696 0.632748 0.165976 0.647865 0.163318 0.654478 0.149500 0.654478 0.129305 0.654478 0.117613 0.652589 0.116018 0.643141 0.108578 0.633692 0.096354 0.627079 0.085193 0.628968 0.076690 0.642196 0.062872 0.638416 0.042676 0.632748 0.034173 0.642196
