4 0.744740 0.843882 0.745517 0.831905 0.743962 0.817164 0.739557 0.808872 0.734116 0.810254 0.730747 0.819467 0.730747 0.826838 0.729970 0.834669 0.731784 0.851253 0.732302 0.864612 0.732043 0.875207 0.736966 0.879814 0.740335 0.879353 0.743703 0.874747 0.744740 0.863691 0.744740 0.855860
4 0.727897 0.846646 0.725824 0.856320 0.727897 0.869219 0.726860 0.877050 0.723492 0.873365 0.722455 0.861848 0.720642 0.868297 0.718309 0.871522 0.717014 0.862769 0.719346 0.854017 0.720382 0.848028 0.718828 0.841579 0.719087 0.834669 0.720901 0.829141 0.720901 0.822231 0.720382 0.813940 0.724788 0.812097 0.728156 0.820389 0.727897 0.829602
8 0.705613 0.860927 0.705613 0.872904 0.704576 0.876589 0.699135 0.876589 0.694211 0.875207 0.691102 0.865073 0.684365 0.862769 0.675295 0.861388 0.671409 0.869219 0.667004 0.874747 0.661562 0.874286 0.655861 0.865994 0.652234 0.858624 0.651715 0.843422 0.650679 0.830523 0.650420 0.813940 0.650938 0.795513 0.651975 0.778929 0.655861 0.772941 0.663894 0.770177 0.670631 0.765570 0.679700 0.763728 0.694470 0.766952 0.703540 0.766952 0.706649 0.772941 0.708981 0.792749 0.709499 0.819928 0.710277 0.841579 0.708463 0.857702
10 0.605333 0.775705 0.604555 0.782154 0.635650 0.783997 0.634354 0.778929
6 0.632800 0.850792 0.635132 0.854478 0.638241 0.852174 0.638759 0.846646 0.639796 0.835130 0.639018 0.822231 0.636686 0.809794 0.635391 0.802423 0.630467 0.799198 0.622176 0.797356 0.615179 0.796434 0.613106 0.802884 0.613106 0.811176 0.619325 0.825456 0.621139 0.833287 0.624767 0.848950 0.628394 0.852174
6 0.628654 0.853096 0.627876 0.866915 0.626840 0.879814 0.626322 0.889027 0.625544 0.900083 0.621916 0.902847 0.617511 0.899162 0.615438 0.893173 0.612329 0.889027 0.599373 0.891330 0.577866 0.886263 0.569833 0.889488 0.568797 0.897780 0.565428 0.901004 0.559468 0.897319 0.558691 0.880735 0.559987 0.857702 0.561023 0.838355 0.564392 0.827759 0.570351 0.806569 0.571388 0.801041 0.576570 0.798738 0.583826 0.798277 0.594450 0.798738 0.605851 0.800120 0.612070 0.801502 0.615179 0.814861 0.618030 0.823613 0.623730 0.845264 0.625803 0.849410
4 0.557902 0.836623 0.557902 0.831197 0.559047 0.824074 0.559047 0.812203 0.557139 0.805759 0.556757 0.797280 0.553133 0.798976 0.552560 0.802028 0.550462 0.807455 0.550080 0.815595 0.547982 0.828483 0.549889 0.830518 0.551034 0.838658 0.551225 0.846459 0.553133 0.856973 0.556185 0.853921 0.555231 0.845102 0.557521 0.854599 0.558856 0.854599 0.558665 0.844763
4 0.519746 0.829840 0.522035 0.858669 0.524515 0.863078 0.523752 0.865113 0.520318 0.864435 0.518410 0.857652 0.516503 0.847816 0.515549 0.841032 0.514976 0.851886 0.514595 0.861722 0.517075 0.865792 0.513641 0.865452 0.510588 0.861043 0.511542 0.851547 0.511924 0.842050 0.509825 0.827805 0.509062 0.821361 0.508490 0.814917 0.511351 0.803046 0.513450 0.798297 0.516312 0.803046 0.516884 0.807116 0.519174 0.816612 0.521081 0.824413
4 0.456216 0.849851 0.455071 0.868844 0.455834 0.890212 0.457551 0.892586 0.456597 0.895299 0.452400 0.894960 0.450111 0.893264 0.449538 0.887498 0.449729 0.855617 0.448203 0.856973 0.444960 0.889194 0.445723 0.893942 0.444387 0.895299 0.441144 0.893942 0.439808 0.888855 0.439618 0.883767 0.442289 0.850529 0.440572 0.847816 0.440190 0.841711 0.439427 0.831875 0.438473 0.824752 0.438855 0.816952 0.441335 0.809829 0.444006 0.804742 0.446486 0.799654 0.447440 0.792871 0.450492 0.786427 0.452972 0.786427 0.454308 0.790836 0.454117 0.796941 0.454689 0.804063 0.457933 0.809490 0.459459 0.821700 0.459077 0.834927 0.459077 0.844085 0.461176 0.849512 0.461558 0.860026 0.460031 0.866470 0.456979 0.866131
6 0.439705 0.811353 0.438532 0.810936 0.436655 0.815732 0.434779 0.819069 0.433136 0.825534 0.432667 0.834293 0.434896 0.839089 0.437711 0.838046 0.439119 0.837212 0.438650 0.830330 0.438415 0.824074 0.439236 0.816149
6 0.297180 0.804471 0.294365 0.807599 0.291667 0.812396 0.288382 0.816149 0.286271 0.817401 0.284511 0.820112 0.284394 0.822197 0.281930 0.827828 0.280171 0.832416 0.278998 0.838672 0.278763 0.845554 0.278646 0.855147 0.280405 0.861403 0.283221 0.862654 0.285567 0.859943 0.286623 0.855355 0.294247 0.856815 0.294717 0.857858 0.297180 0.860986 0.300113 0.860360 0.301638 0.857232 0.309145 0.858275 0.309966 0.860152 0.312547 0.863697 0.316770 0.861195 0.318060 0.855564 0.323808 0.852853 0.323808 0.858483 0.328383 0.861195 0.332723 0.855355 0.332958 0.850976 0.335539 0.849516 0.333779 0.831164 0.332958 0.824283 0.329791 0.816775 0.325216 0.809268 0.317943 0.805931 0.309145 0.802803
6 0.472829 0.830100 0.471360 0.830501 0.471360 0.833916 0.469552 0.833313 0.469100 0.827890 0.469665 0.822066 0.471021 0.815839 0.472377 0.811420 0.474297 0.808609 0.476557 0.808207 0.477009 0.811621 0.476783 0.813831 0.475314 0.819655 0.474749 0.823873
11 0.878423 0.849783 0.873339 0.852394 0.873678 0.856612 0.872096 0.857215 0.868707 0.854001 0.867125 0.851189 0.865431 0.848779 0.864414 0.838335 0.862945 0.825480 0.864075 0.818249 0.869272 0.814835 0.876729 0.816040 0.879214 0.816040 0.880457 0.822066 0.880005 0.840544 0.879553 0.848176
