4 0.786608 0.959770 0.792595 0.962431 0.794091 0.955513 0.794690 0.941677 0.793493 0.916667 0.793792 0.899106 0.793493 0.876756 0.791697 0.867178 0.792894 0.856535 0.797085 0.854406 0.800676 0.838442 0.795289 0.828331 0.787207 0.819817 0.786608 0.811835 0.787506 0.807046 0.783315 0.796403 0.776431 0.792678 0.771941 0.801724 0.770444 0.809174 0.771941 0.818753 0.769546 0.827799 0.767451 0.835249 0.762362 0.849085 0.763260 0.861856 0.765056 0.867710 0.767152 0.871967 0.769247 0.880481 0.769846 0.891656 0.771043 0.908152 0.772540 0.919327 0.774036 0.934227 0.775832 0.942742 0.777329 0.955513 0.780621 0.965624
6 0.614071 0.915875 0.613626 0.924976 0.609842 0.930912 0.606281 0.930912 0.601830 0.921415 0.599159 0.916271 0.589143 0.913105 0.577346 0.912314 0.560430 0.912314 0.547743 0.911523 0.544182 0.919437 0.540843 0.924976 0.534834 0.925768 0.533053 0.917062 0.533053 0.904796 0.532830 0.882241 0.534834 0.863248 0.536392 0.852960 0.538395 0.843067 0.538652 0.841845 0.536294 0.841298 0.532808 0.838564 0.532808 0.835466 0.533424 0.831821 0.536909 0.829451 0.540703 0.829269 0.543676 0.828722 0.548905 0.807396 0.550648 0.805209 0.553724 0.804480 0.553416 0.801199 0.553724 0.797189 0.556082 0.796096 0.561823 0.796096 0.565822 0.795367 0.569205 0.795914 0.572178 0.796643 0.573306 0.797918 0.574024 0.801017 0.576587 0.803569 0.581098 0.803387 0.588480 0.803933 0.594017 0.805209 0.596887 0.805574 0.598220 0.806303 0.599963 0.808490 0.600681 0.813047 0.601809 0.818697 0.603654 0.824712 0.605089 0.830362 0.606935 0.837471 0.608780 0.842757 0.611344 0.848225 0.612266 0.852417 0.613394 0.862259 0.613394 0.872649 0.615240 0.881398 0.614727 0.892152 0.616162 0.898895 0.616572 0.905639 0.615342 0.912930
6 0.469952 0.921037 0.468859 0.915534 0.470316 0.910354 0.472501 0.913267 0.472501 0.920714 0.477418 0.924599 0.482335 0.921361 0.484521 0.912296 0.483064 0.893195 0.483064 0.877655 0.483064 0.864057 0.480150 0.854021 0.478147 0.848517 0.474140 0.840423 0.476144 0.838805 0.482153 0.838805 0.485613 0.833625 0.484885 0.828121 0.483428 0.825207 0.479057 0.824883 0.474869 0.826502 0.473776 0.831035 0.470316 0.820351 0.469588 0.814200 0.464853 0.808372 0.462850 0.803192 0.459754 0.795746 0.454291 0.790890 0.449920 0.790890 0.444821 0.791537 0.436080 0.790890 0.427703 0.791537 0.418051 0.792185 0.410038 0.792508 0.405303 0.790890 0.402207 0.790890 0.398565 0.794775 0.388913 0.819703 0.387274 0.825855 0.384725 0.830063 0.382721 0.834920 0.383632 0.842366 0.383814 0.844956 0.381811 0.857258 0.380172 0.868590 0.377622 0.879597 0.376348 0.886072 0.375255 0.896432 0.375255 0.908087 0.376530 0.916181 0.376712 0.922332 0.377622 0.929131 0.378533 0.936901 0.382539 0.942729 0.386728 0.943052 0.389459 0.938520 0.391645 0.932692 0.392373 0.922009 0.392920 0.917152 0.398383 0.918124 0.402025 0.917800 0.404028 0.924922 0.409856 0.924922 0.413498 0.921361 0.413862 0.915534 0.453380 0.914562 0.454473 0.921037 0.456112 0.930102 0.458297 0.935930 0.464489 0.937225 0.466674 0.932045
6 0.483917 0.872711 0.501889 0.872914 0.502232 0.874339 0.505094 0.875153 0.506696 0.875153 0.507956 0.879223 0.509100 0.883293 0.513565 0.884514 0.516884 0.881665 0.517800 0.871490 0.517685 0.865385 0.517113 0.859076 0.516541 0.851750 0.516884 0.843407 0.517113 0.839947 0.516999 0.835674 0.515396 0.831400 0.513565 0.826720 0.517457 0.825499 0.519288 0.821836 0.518372 0.818376 0.516083 0.817155 0.513107 0.816952 0.512649 0.820208 0.510817 0.816952 0.509215 0.804335 0.505208 0.795991 0.503720 0.795788 0.495936 0.797212 0.492273 0.795991 0.485176 0.796398 0.480140 0.796398 0.476019 0.796195 0.473043 0.798230 0.470524 0.804335 0.468922 0.810847 0.469265 0.816748 0.472470 0.827127 0.473500 0.830383 0.476591 0.826313 0.480025 0.823871 0.485176 0.826720 0.486550 0.832418 0.485405 0.834860 0.484032 0.837302 0.481170 0.839133 0.476820 0.838523 0.475103 0.840761 0.476706 0.846052 0.479338 0.852768 0.481857 0.862943 0.483116 0.867013
6 0.516962 0.851686 0.520465 0.851686 0.522042 0.852205 0.522159 0.854177 0.522451 0.856149 0.524378 0.856668 0.525137 0.856253 0.525253 0.853969 0.525837 0.852205 0.527414 0.851686 0.528815 0.851790 0.529049 0.849402 0.529574 0.845873 0.529925 0.842862 0.529457 0.837465 0.529925 0.833313 0.529107 0.830406 0.526830 0.825216 0.525837 0.821583 0.525312 0.817846 0.525020 0.815147 0.522276 0.813694 0.519648 0.814005 0.516320 0.813590 0.513459 0.812863 0.510598 0.814524 0.511941 0.821271 0.512466 0.822102 0.512933 0.818676 0.514159 0.817846 0.516378 0.818053 0.518130 0.819714 0.518655 0.820752 0.518655 0.822621 0.518305 0.824178 0.517604 0.826981 0.516670 0.828019 0.516028 0.829679 0.516904 0.833209 0.517604 0.836946 0.517488 0.842551 0.517196 0.845665 0.516962 0.850648
6 0.286327 0.838812 0.288856 0.835315 0.292884 0.831318 0.294290 0.827321 0.298318 0.821493 0.300566 0.816996 0.303470 0.815831 0.308153 0.815997 0.313212 0.815997 0.317334 0.816164 0.322579 0.816497 0.326982 0.818329 0.328200 0.824823 0.330823 0.832651 0.334101 0.841310 0.334289 0.842976 0.333914 0.847972 0.333914 0.852135 0.333539 0.857631 0.332977 0.863459 0.331760 0.867290 0.329605 0.867456 0.327638 0.865125 0.326888 0.861461 0.325296 0.861461 0.322392 0.861461 0.322860 0.864958 0.322111 0.866623 0.319863 0.868122 0.316959 0.868122 0.313399 0.865291 0.312556 0.862627 0.310402 0.862127 0.307685 0.862460 0.302065 0.862460 0.301596 0.864792 0.301034 0.867956 0.298505 0.867789 0.297287 0.864458 0.297287 0.863126 0.293353 0.861960 0.290355 0.861960 0.290168 0.863959 0.289887 0.866290 0.287170 0.867623 0.285297 0.865791 0.283892 0.860129 0.283330 0.851635 0.283798 0.847972 0.284360 0.843142 0.285016 0.839312
6 0.142598 0.836620 0.154339 0.827960 0.159335 0.828404 0.162208 0.828404 0.167703 0.828182 0.171825 0.828404 0.175697 0.826850 0.180693 0.829070 0.185814 0.832623 0.187687 0.836842 0.188936 0.841949 0.188811 0.848166 0.186064 0.850164 0.186813 0.857270 0.186563 0.860600 0.184065 0.864819 0.180193 0.865041 0.177321 0.859268 0.177446 0.858158 0.173074 0.859490 0.165205 0.860156 0.158960 0.859712 0.156587 0.861267 0.155338 0.864153 0.152840 0.865485 0.148843 0.865707 0.145471 0.865707 0.144472 0.863709 0.142349 0.863043 0.141225 0.859934 0.142349 0.851941 0.142224 0.845057
6 0.081624 0.910768 0.084238 0.904690 0.085445 0.900758 0.098114 0.899328 0.109576 0.895395 0.117620 0.895753 0.120033 0.904333 0.127272 0.906478 0.132501 0.900758 0.134110 0.890033 0.138534 0.881810 0.142354 0.863578 0.143561 0.828543 0.139338 0.818890 0.135517 0.808523 0.133908 0.801730 0.132903 0.793865 0.129685 0.791720 0.120033 0.791720 0.110582 0.791005 0.101130 0.790290 0.092282 0.790290 0.078608 0.788860 0.064732 0.788145 0.057091 0.792078 0.051862 0.798155 0.043617 0.808880 0.039998 0.813885 0.034769 0.820678 0.029541 0.829615 0.026122 0.834620 0.019687 0.838195 0.013051 0.845345 0.013252 0.860003 0.013453 0.872873 0.015062 0.886100 0.016470 0.896110 0.020290 0.910053 0.029742 0.920063 0.042813 0.923638 0.059705 0.920420 0.075189 0.915058
6 0.860594 0.869081 0.862625 0.872434 0.865236 0.872950 0.866687 0.866244 0.866107 0.855411 0.864801 0.844579 0.862915 0.839678 0.858417 0.832714 0.853485 0.829619 0.845215 0.827814 0.839557 0.829103 0.833609 0.829877 0.829402 0.835294 0.826065 0.841741 0.823744 0.851284 0.823889 0.855153 0.824179 0.861085 0.825194 0.869081 0.827371 0.869081 0.828676 0.866502 0.834915 0.866502 0.837091 0.867017 0.838106 0.869855 0.840428 0.869855 0.842169 0.868565 0.842604 0.866502 0.846376 0.865728 0.846956 0.868823 0.849568 0.872434 0.854936 0.869081 0.856096 0.868049
11 0.774079 0.817146 0.768944 0.816168 0.765093 0.816657 0.757024 0.816331 0.752256 0.815190 0.749688 0.821710 0.748680 0.831328 0.749963 0.840783 0.749963 0.849260 0.749505 0.857900 0.751339 0.863442 0.755465 0.866376 0.758674 0.867029 0.761242 0.866376 0.766285 0.866866 0.769495 0.864420 0.769861 0.861160 0.766285 0.857900 0.764451 0.852683 0.763809 0.847793 0.765185 0.842087 0.768303 0.835404 0.770320 0.826112 0.771604 0.822525 0.772704 0.818287 0.772979 0.817635
6 0.708031 0.826833 0.710150 0.826295 0.713784 0.826564 0.716131 0.826295 0.718477 0.826295 0.722717 0.829525 0.725064 0.832889 0.726578 0.834908 0.728016 0.838945 0.729000 0.843925 0.729076 0.848232 0.728243 0.857787 0.727486 0.861286 0.725972 0.861421 0.725442 0.857383 0.722944 0.857383 0.722565 0.860344 0.720143 0.860748 0.719007 0.858460 0.716963 0.856037 0.713330 0.856576 0.712951 0.858594 0.709166 0.857383 0.709015 0.859671 0.707198 0.860344 0.706365 0.858325 0.706441 0.854826 0.706214 0.850789 0.706289 0.845944 0.706592 0.837600 0.706895 0.830332 0.707122 0.827237
6 0.730923 0.855990 0.732698 0.858796 0.735263 0.859498 0.736249 0.855640 0.738617 0.854938 0.741379 0.854588 0.745127 0.853185 0.746508 0.858095 0.749073 0.859147 0.749467 0.853535 0.749665 0.842663 0.750059 0.834947 0.747692 0.829686 0.743549 0.827581 0.736446 0.825477 0.729739 0.825477 0.727766 0.826529 0.725596 0.827231 0.723623 0.829335 0.725399 0.832492 0.728161 0.835648 0.729936 0.840558 0.730331 0.848976
