6 0.999647 0.608679 0.995674 0.596908 0.991261 0.595339 0.975812 0.590631 0.949329 0.585923 0.921522 0.585923 0.895922 0.585138 0.891066 0.574153 0.872970 0.572583 0.865907 0.587492 0.849576 0.599262 0.836776 0.600047 0.821328 0.603970 0.810293 0.616525 0.795286 0.637712 0.786458 0.662822 0.778955 0.665960 0.767479 0.667530 0.764389 0.684008 0.770569 0.687147 0.773658 0.687147 0.767479 0.698132 0.758210 0.712257 0.753355 0.738936 0.753796 0.765615 0.754237 0.809557 0.759093 0.839375 0.769686 0.848792 0.779396 0.848792 0.786458 0.834667 0.786900 0.822897 0.803672 0.826036 0.822210 0.832313 0.826624 0.840945 0.827948 0.877825 0.835011 0.907643 0.851342 0.912351 0.868556 0.906073 0.873411 0.883318 0.891949 0.873117 0.922846 0.875471 0.964336 0.881748 0.997881 0.878610 1.000000 0.876726
8 0.866349 0.583569 0.853107 0.536488 0.843397 0.511378 0.833245 0.495684 0.788224 0.490191 0.762624 0.494900 0.748941 0.501962 0.726430 0.512947 0.703037 0.524718 0.688912 0.534918 0.676995 0.553751 0.671257 0.567090 0.666843 0.584353 0.663754 0.598478 0.658457 0.632219 0.654484 0.665176 0.652278 0.700487 0.653602 0.724027 0.659340 0.727950 0.660664 0.739721 0.665519 0.756984 0.674788 0.769539 0.680085 0.765615 0.682733 0.749137 0.696416 0.749137 0.710982 0.753845 0.712306 0.777385 0.721133 0.786802 0.729520 0.785232 0.737906 0.771893 0.738789 0.759338 0.751589 0.756984 0.756003 0.749922 0.757327 0.727166 0.764389 0.704410 0.771010 0.692640 0.768362 0.691070 0.760858 0.672238 0.767920 0.661252 0.771893 0.658898 0.789548 0.662037 0.796169 0.647913 0.803231 0.625157 0.814266 0.610248 0.827507 0.596124 0.843838 0.589846 0.862376 0.587492
8 0.718361 0.515964 0.715068 0.502661 0.700700 0.498936 0.682441 0.498936 0.661788 0.496807 0.636045 0.503193 0.628562 0.508514 0.616589 0.514368 0.604915 0.522882 0.595935 0.528203 0.588751 0.535653 0.583962 0.550553 0.582765 0.563325 0.576778 0.565453 0.575880 0.571307 0.580370 0.573436 0.581268 0.588335 0.581268 0.608025 0.579173 0.627182 0.582465 0.642082 0.587853 0.652192 0.590847 0.676671 0.595336 0.705939 0.597132 0.718178 0.601922 0.714453 0.601922 0.708599 0.609405 0.710196 0.608208 0.722435 0.614194 0.733610 0.624371 0.736803 0.631855 0.732546 0.635447 0.716582 0.636644 0.711260 0.646222 0.711260 0.649515 0.710728 0.652209 0.695296 0.651610 0.681460 0.651610 0.668157 0.652209 0.652192 0.654304 0.638889 0.656998 0.624521 0.658196 0.613346 0.663883 0.587271 0.666876 0.569178 0.674958 0.552150 0.688727 0.532461 0.708782 0.522350
8 0.597382 0.527412 0.570107 0.527900 0.564899 0.530824 0.563802 0.537159 0.563117 0.542032 0.560238 0.544469 0.559005 0.547149 0.557086 0.562256 0.554208 0.577851 0.554893 0.580531 0.551467 0.584673 0.555167 0.585648 0.559690 0.585892 0.564762 0.589059 0.568462 0.593933 0.572437 0.603436 0.578468 0.620736 0.579975 0.624147 0.580798 0.620736 0.581894 0.605872 0.582031 0.594176 0.582305 0.582481 0.581483 0.576389 0.578879 0.574683 0.574904 0.571759 0.574767 0.567617 0.576412 0.564693 0.581483 0.564206 0.584087 0.561525 0.584772 0.550317 0.588199 0.542763 0.591763 0.534966
6 0.467281 0.792320 0.467281 0.818435 0.466613 0.824371 0.463942 0.827932 0.453259 0.831493 0.442909 0.825558 0.440572 0.803597 0.441239 0.787571 0.438902 0.772733 0.438235 0.748397 0.441573 0.726436 0.443243 0.712191 0.443243 0.705662 0.445246 0.681327 0.449920 0.661740 0.447917 0.661740 0.438902 0.664114 0.436899 0.648089 0.441907 0.640966 0.456263 0.638592 0.467615 0.599418 0.471287 0.589328 0.477965 0.585173 0.506677 0.582799 0.548411 0.585173 0.561765 0.586360 0.570446 0.599418 0.577457 0.616631 0.580796 0.632063 0.585470 0.645121 0.589810 0.659960 0.594818 0.686075 0.596154 0.710411 0.598157 0.738307 0.598825 0.765017 0.597155 0.784010 0.592815 0.796474 0.591480 0.819029 0.588141 0.831493 0.573785 0.827932 0.569778 0.798255 0.562433 0.791132 0.540064 0.785791 0.520366 0.785197 0.503673 0.786384 0.485310 0.787571
5 0.011543 0.998415 0.018081 1.000000 0.033596 0.999249 0.044857 0.990908 0.060342 0.987571 0.075558 1.000000 0.092248 0.984234 0.097879 0.944194 0.103510 0.901652 0.106325 0.862446 0.095533 0.825742 0.084741 0.807391 0.083803 0.783200 0.087556 0.769853 0.104917 0.773190 0.112894 0.753170 0.101164 0.746496 0.093656 0.730647 0.086149 0.709793 0.096002 0.702286 0.111017 0.701451 0.110548 0.691441 0.104448 0.690607 0.104917 0.683934 0.100694 0.663080 0.090372 0.661411 0.093656 0.647231 0.106325 0.643894 0.114771 0.629713 0.116179 0.616366 0.110548 0.611361 0.105856 0.612196 0.089902 0.618869 0.088964 0.629713 0.088026 0.642226 0.082395 0.653070 0.077233 0.661411 0.072541 0.678095 0.067380 0.683100 0.055649 0.683100 0.043450 0.683934 0.035004 0.690607 0.039227 0.713130 0.043919 0.736486 0.058465 0.748999 0.071134 0.756507 0.077233 0.770687 0.080049 0.796547 0.082395 0.830747 0.077703 0.865782 0.073480 0.897481 0.075826 0.928345 0.080049 0.941692 0.081456 0.955038 0.066441 0.954204 0.047673 0.955038 0.044857 0.944194 0.043450 0.932516 0.022335 0.932516 0.009197 0.921672 0.011543 0.910827 0.010604 0.879129 0.009666 0.850767 0.004035 0.851602 0.000751 0.864114 0.000000 0.868563 0.000000 0.950033 0.000000 0.999249
4 0.015766 0.930013 0.035473 0.933350 0.062218 0.924174 0.068788 0.914164 0.057526 0.901652 0.049080 0.882466 0.038758 0.833250 0.033596 0.779863 0.031719 0.732316 0.030781 0.691441 0.029842 0.648899 0.027965 0.615532 0.025619 0.580497 0.019520 0.572155 0.020927 0.557975 0.032188 0.566316 0.035942 0.532950 0.042980 0.509593 0.043450 0.485402 0.031250 0.469553 0.019050 0.462880 0.001220 0.462880 0.000000 0.464181 0.000000 0.858275 0.003566 0.835752 0.004974 0.828245 0.013889 0.837421 0.012012 0.857441 0.014827 0.891642 0.015297 0.917501
4 0.048611 0.929179 0.047673 0.949199 0.059872 0.952536 0.078641 0.953370 0.083333 0.942526 0.080987 0.930848 0.073011 0.914998 0.073480 0.889139 0.077233 0.839089 0.080518 0.806557 0.078172 0.778195 0.073949 0.758175 0.057995 0.746496 0.047673 0.738989 0.032188 0.623874 0.044857 0.636386 0.062218 0.654738 0.075826 0.669753 0.080518 0.683934 0.084741 0.695612 0.091779 0.692276 0.093656 0.683934 0.104917 0.682266 0.104448 0.669753 0.100225 0.670587 0.092248 0.663914 0.085210 0.645562 0.079580 0.635552 0.069726 0.623040 0.057995 0.612196 0.049550 0.598015 0.038758 0.587171 0.026558 0.571321 0.022335 0.568819 0.027027 0.600517 0.027027 0.639723 0.033596 0.694778 0.037819 0.724808 0.045796 0.744828 0.049550 0.770687 0.051896 0.808225 0.053303 0.856607 0.056588 0.890807 0.055649 0.909159
6 0.116648 0.858275 0.110548 0.885802 0.103041 0.888305 0.099756 0.850767 0.094595 0.816567 0.089433 0.782366 0.095533 0.772356 0.114771 0.774024 0.114302 0.748165 0.103510 0.739823 0.094595 0.714798 0.108671 0.708125 0.119932 0.702286 0.110548 0.678929 0.100694 0.655572 0.117117 0.629713 0.132601 0.598015 0.149024 0.593844 0.192661 0.593010 0.221753 0.592176 0.267736 0.596346 0.292605 0.606356 0.301520 0.629713 0.309966 0.652236 0.313720 0.663914 0.321697 0.653070 0.332020 0.659743 0.338589 0.673924 0.334835 0.680597 0.324512 0.686436 0.341873 0.704788 0.346565 0.727311 0.347504 0.761512 0.347504 0.790707 0.338119 0.820737 0.328266 0.832416 0.317474 0.809893 0.300113 0.809059 0.281344 0.820737 0.281813 0.869953 0.278059 0.894978 0.260698 0.899149 0.240991 0.892476 0.229730 0.872456 0.232076 0.842426 0.211430 0.840757 0.175770 0.835752 0.142924 0.829913 0.117586 0.830747
6 0.345753 0.766272 0.359005 0.759150 0.374723 0.755314 0.373490 0.774490 0.377496 0.789283 0.387666 0.788735 0.394138 0.776682 0.393214 0.754219 0.403384 0.751479 0.400610 0.759150 0.403384 0.767368 0.412938 0.765176 0.419101 0.753123 0.418177 0.738330 0.418177 0.719702 0.416636 0.699430 0.411705 0.674227 0.408623 0.661078 0.416328 0.659435 0.416944 0.652860 0.412013 0.641354 0.408315 0.642450 0.404925 0.639711 0.400918 0.623822 0.394755 0.604646 0.381811 0.594236 0.366402 0.592045 0.351301 0.587114 0.339589 0.588210 0.320482 0.586018 0.298601 0.588210 0.287506 0.591497 0.278261 0.593140 0.277952 0.601359 0.288739 0.606290 0.296444 0.617247 0.304765 0.633136 0.313702 0.656147 0.318325 0.661626 0.330960 0.663818 0.334350 0.667105 0.333734 0.673132 0.328495 0.680254 0.328495 0.690664 0.338049 0.702718 0.342980 0.716963 0.343904 0.737782 0.342671 0.757506 0.342671 0.767916
6 0.395402 0.606083 0.410234 0.607616 0.419202 0.609762 0.424031 0.616814 0.427997 0.630917 0.433861 0.645327 0.439897 0.662804 0.443174 0.680280 0.443002 0.690704 0.442484 0.704194 0.441794 0.715845 0.440587 0.722897 0.438345 0.729642 0.431447 0.730562 0.430239 0.725963 0.428515 0.736694 0.426963 0.741293 0.418512 0.742212 0.418857 0.726576 0.419202 0.708793 0.416787 0.686412 0.412303 0.665563 0.410579 0.660044 0.417132 0.657898 0.418684 0.647474 0.414028 0.639502 0.409027 0.640115 0.405750 0.645327 0.403680 0.634597 0.400231 0.614054
