6 0.652482 0.751938 0.652530 0.762042 0.654069 0.767971 0.657918 0.770708 0.662536 0.766603 0.663819 0.763866 0.673312 0.762954 0.674595 0.762954 0.675108 0.767515 0.675364 0.770708 0.677417 0.774357 0.678956 0.775725 0.683575 0.777094 0.688449 0.776181 0.689989 0.772989 0.691015 0.766603 0.696146 0.764778 0.709488 0.763410 0.713080 0.763410 0.715902 0.763866 0.717698 0.768883 0.718981 0.773445 0.724882 0.769796 0.725139 0.765234 0.730526 0.763866 0.737454 0.763410 0.744638 0.761585 0.744894 0.767515 0.745151 0.771164 0.750539 0.773445 0.754387 0.773901 0.757210 0.772076 0.757723 0.760673 0.759519 0.754288 0.761315 0.749726 0.761315 0.741972 0.761058 0.735130 0.759775 0.726008 0.759262 0.718254 0.758492 0.711868 0.755927 0.706851 0.751565 0.702746 0.746690 0.691799 0.740019 0.681764 0.733092 0.672642 0.725139 0.668081 0.678187 0.669449 0.670746 0.675379 0.666128 0.684045 0.664075 0.693623 0.662279 0.700465 0.661510 0.704570 0.660483 0.709132 0.658174 0.711868 0.655352 0.715517 0.653299 0.723727 0.652273 0.728289 0.651760 0.731938 0.650990 0.743341
4 0.897669 0.663808 0.896246 0.675192 0.894965 0.682529 0.893542 0.687589 0.892119 0.692901 0.891692 0.696696 0.891265 0.701250 0.891265 0.702515 0.892404 0.704539 0.893685 0.699732 0.895108 0.695937 0.896815 0.691636 0.898665 0.689106 0.899519 0.687336 0.899804 0.693913 0.899804 0.698720 0.900231 0.705803 0.899804 0.712128 0.899661 0.724777 0.900942 0.744004 0.901511 0.751341 0.902223 0.757918 0.903077 0.764749 0.902365 0.767279 0.901227 0.768544 0.900515 0.770315 0.900373 0.772339 0.903219 0.775627 0.907203 0.776892 0.909480 0.773857 0.909480 0.767532 0.909480 0.759436 0.910050 0.749570 0.910050 0.741474 0.909480 0.734391 0.909480 0.729584 0.909907 0.725283 0.912184 0.730343 0.912611 0.736162 0.913465 0.742739 0.913465 0.748558 0.913607 0.753871 0.914461 0.763231 0.914746 0.767532 0.914888 0.772592 0.914888 0.775374 0.914888 0.777145 0.918303 0.776639 0.919442 0.777904 0.921149 0.778157 0.922145 0.777651 0.922715 0.775121 0.922715 0.767785 0.922288 0.763231 0.921576 0.756148 0.921292 0.748811 0.920438 0.741474 0.920438 0.734897 0.921576 0.724524 0.921576 0.718200 0.921576 0.713646 0.921576 0.708080 0.921718 0.696443 0.922715 0.684300 0.922572 0.672915 0.919157 0.670639 0.915315 0.671903 0.913323 0.675445 0.909480 0.672915 0.906492 0.666844 0.904215 0.664061 0.900657 0.660519 0.900088 0.657736 0.900800 0.652171 0.902365 0.652930 0.904784 0.655965 0.908911 0.660519 0.910334 0.660772 0.911899 0.663555 0.917165 0.659760 0.917449 0.656724 0.916880 0.651159 0.915884 0.646099 0.914888 0.643569 0.912326 0.640533 0.910619 0.638509 0.909907 0.637750 0.908057 0.636233 0.905780 0.637750 0.904357 0.640280 0.903646 0.644328 0.903361 0.646858 0.903361 0.649388 0.902650 0.650653 0.900373 0.652424
4 0.928097 0.771819 0.926035 0.774875 0.928269 0.778236 0.933426 0.779153 0.935489 0.779153 0.935833 0.774569 0.936005 0.768152 0.936348 0.764485 0.935661 0.759901 0.934286 0.755317 0.933598 0.749817 0.933254 0.740649 0.933770 0.732398 0.934629 0.725981 0.935833 0.721703 0.936348 0.728426 0.938239 0.736982 0.939614 0.743705 0.942021 0.753178 0.943568 0.758373 0.944427 0.761429 0.943912 0.767846 0.943568 0.771819 0.943568 0.775791 0.948209 0.776708 0.949756 0.769985 0.951819 0.761429 0.951991 0.755317 0.948553 0.747678 0.945802 0.735149 0.944943 0.729954 0.944943 0.720480 0.944943 0.712535 0.944943 0.707035 0.945631 0.704590 0.947006 0.703673 0.946834 0.693589 0.947178 0.688699 0.949240 0.686866 0.948896 0.677393 0.946146 0.667614 0.943912 0.661197 0.941849 0.656307 0.938411 0.651418 0.932567 0.647140 0.931192 0.645612 0.930504 0.641334 0.929645 0.635833 0.928957 0.633694 0.925691 0.630944 0.923972 0.630638 0.919331 0.634000 0.921394 0.643167 0.923285 0.646529 0.923113 0.652335 0.920190 0.655696 0.918643 0.658141 0.916237 0.660586 0.914002 0.662725 0.911768 0.663030 0.909017 0.661502 0.903517 0.656002 0.901454 0.654474 0.901454 0.660586 0.907127 0.668225 0.910736 0.671587 0.914002 0.674642 0.915549 0.674642 0.919503 0.671281 0.922081 0.676170 0.923113 0.680754 0.923285 0.686560 0.923285 0.693283 0.923285 0.698173 0.923972 0.705812 0.924832 0.713146 0.925175 0.719258 0.925519 0.729037 0.926035 0.739732 0.926550 0.747678 0.927582 0.753484 0.929129 0.760512 0.929645 0.764790 0.929988 0.769374
6 0.592076 0.727486 0.573475 0.728312 0.573010 0.729690 0.572545 0.732170 0.568669 0.732722 0.565259 0.730793 0.563554 0.731068 0.561229 0.731344 0.559059 0.725832 0.558749 0.717841 0.559524 0.711778 0.559834 0.703786 0.561384 0.699653 0.562934 0.697173 0.564329 0.694141 0.565879 0.688079 0.567119 0.683118 0.567739 0.679260 0.569134 0.675678 0.577350 0.674851 0.589441 0.675127 0.597191 0.675678 0.599516 0.677882 0.600446 0.681189 0.602307 0.686150 0.603702 0.690008 0.606182 0.696070 0.607112 0.701582 0.607422 0.709298 0.607577 0.716738 0.608042 0.723903 0.608507 0.733548 0.606957 0.737131 0.603082 0.737131 0.599671 0.735477 0.595951 0.735477 0.594556 0.735477
6 0.424964 0.710026 0.424820 0.716284 0.425611 0.718838 0.427407 0.718966 0.428484 0.718072 0.428484 0.715517 0.428772 0.713091 0.437751 0.711558 0.442996 0.711558 0.446803 0.711941 0.447306 0.712069 0.447737 0.713474 0.447665 0.715517 0.448599 0.717178 0.450251 0.717688 0.450826 0.715006 0.450826 0.713218 0.450467 0.709642 0.450251 0.707599 0.450251 0.704023 0.450251 0.697893 0.450467 0.692784 0.450323 0.689974 0.449533 0.686015 0.449102 0.683716 0.448455 0.681162 0.447234 0.677203 0.445007 0.673755 0.433728 0.674266 0.429131 0.675160 0.428341 0.677842 0.427407 0.682184 0.426401 0.685632 0.425682 0.691507 0.425395 0.696488 0.425323 0.701980 0.425108 0.706705
6 0.459193 0.708472 0.458828 0.706065 0.458880 0.702731 0.458932 0.699954 0.458516 0.695046 0.458307 0.691991 0.458672 0.689120 0.459245 0.685972 0.459557 0.683750 0.461068 0.680417 0.462057 0.677917 0.467682 0.676157 0.473828 0.676157 0.476016 0.676435 0.476693 0.678194 0.476797 0.680139 0.478307 0.682731 0.479349 0.684306 0.479766 0.686620 0.479922 0.688472 0.479818 0.692361 0.480026 0.697639 0.480391 0.699954 0.480339 0.703472 0.480182 0.706343 0.480026 0.707731 0.478828 0.708565 0.477161 0.708750 0.476484 0.707546 0.476068 0.704954 0.475859 0.703935 0.469974 0.703657 0.463620 0.703287 0.461797 0.703194 0.461536 0.704491 0.461745 0.706435 0.460807 0.708565
6 0.110665 0.724808 0.110665 0.743994 0.112777 0.765682 0.115827 0.771522 0.120050 0.771939 0.122396 0.764014 0.126384 0.756089 0.145388 0.755255 0.165799 0.753170 0.166737 0.759009 0.167675 0.763597 0.174479 0.766517 0.181048 0.766517 0.182456 0.758592 0.184333 0.749416 0.194421 0.746496 0.194656 0.753587 0.195829 0.759843 0.198879 0.765682 0.203805 0.763180 0.206855 0.758175 0.208028 0.750250 0.209201 0.741074 0.211547 0.725642 0.212721 0.713547 0.212721 0.699783 0.211078 0.684768 0.201694 0.688939 0.202867 0.682266 0.197940 0.657241 0.180344 0.656406 0.162279 0.657241 0.140695 0.660160 0.135769 0.675175 0.135299 0.678095 0.131311 0.689356 0.125446 0.698115 0.114888 0.712713
6 0.235451 0.732298 0.235320 0.722036 0.235451 0.713406 0.236369 0.705010 0.238731 0.698246 0.239649 0.694514 0.238206 0.691482 0.238468 0.688450 0.240698 0.688917 0.242666 0.685885 0.246209 0.676322 0.251456 0.671891 0.254736 0.671891 0.255392 0.667926 0.256442 0.666760 0.262083 0.665827 0.267462 0.665361 0.271791 0.665127 0.275989 0.669325 0.279794 0.669792 0.287009 0.674690 0.291076 0.679588 0.294750 0.688217 0.296062 0.708975 0.296324 0.713639 0.275333 0.721336 0.267593 0.726933 0.258147 0.733930 0.249095 0.734630
4 0.739634 0.681499 0.740949 0.676645 0.741859 0.671431 0.742466 0.664779 0.744691 0.661363 0.747017 0.660284 0.747725 0.657048 0.746511 0.650755 0.747522 0.645901 0.750051 0.645361 0.751770 0.646980 0.752174 0.650396 0.752579 0.653272 0.752983 0.658127 0.753995 0.661003 0.756321 0.662621 0.758141 0.665678 0.759051 0.672510 0.759557 0.675027 0.760063 0.681859 0.760063 0.687073 0.759456 0.691927 0.759254 0.695164 0.758445 0.701277 0.757939 0.703973 0.757636 0.705232 0.756725 0.706670 0.751871 0.703434 0.746511 0.690849
4 0.715501 0.667935 0.715751 0.662037 0.717442 0.659700 0.719507 0.656806 0.719758 0.654358 0.718819 0.651576 0.718005 0.649016 0.717129 0.644676 0.716941 0.641782 0.717504 0.638666 0.720384 0.637553 0.722324 0.640558 0.723451 0.642784 0.724015 0.646790 0.724015 0.651353 0.723639 0.654358 0.725830 0.655805 0.727708 0.657919 0.730525 0.659589 0.732090 0.664374 0.734344 0.672721 0.733154 0.672943 0.725267 0.667935
4 0.653574 0.710748 0.652456 0.701233 0.650858 0.702937 0.651018 0.709185 0.651257 0.714440 0.651098 0.718416 0.650618 0.722535 0.650299 0.725801 0.647343 0.726795 0.646704 0.726369 0.646944 0.721541 0.647982 0.716570 0.648461 0.712878 0.648861 0.705635 0.648382 0.700239 0.647583 0.695552 0.646065 0.696830 0.644867 0.697256 0.644068 0.697256 0.646305 0.692854 0.646704 0.690724 0.647263 0.687031 0.647343 0.683481 0.647583 0.679079 0.648062 0.674960 0.648302 0.671410 0.648541 0.670132 0.649021 0.666723 0.651177 0.663031 0.651817 0.663315 0.653414 0.668286 0.653893 0.671268 0.655172 0.673540 0.656929 0.675244 0.658527 0.678937 0.659805 0.683055 0.660284 0.686463 0.658527 0.686605 0.657728 0.685895 0.657089 0.684901 0.656290 0.683907 0.655651 0.683481 0.655331 0.686321 0.655970 0.690724 0.656929 0.694842 0.657568 0.701233 0.657568 0.705067 0.657089 0.710748 0.656769 0.712736 0.653574 0.717422
4 0.663240 0.695978 0.663160 0.684475 0.661962 0.684617 0.661243 0.683623 0.660683 0.679931 0.661562 0.675954 0.661962 0.674250 0.662681 0.671694 0.663399 0.670132 0.663959 0.668854 0.664039 0.665871 0.663959 0.661895 0.663959 0.660333 0.665636 0.659055 0.668352 0.660901 0.668432 0.665019 0.668672 0.668144 0.670829 0.669706 0.672506 0.670132 0.674024 0.672688 0.670669 0.675528 0.666435 0.683907 0.664278 0.694274
6 0.298496 0.690911 0.295498 0.693477 0.295387 0.698808 0.296053 0.706507 0.296831 0.712232 0.318597 0.713220 0.323816 0.708481 0.326037 0.706112 0.328480 0.701769 0.329036 0.697623 0.328814 0.695846 0.328925 0.691898 0.327148 0.685580 0.325815 0.680842 0.324149 0.679065 0.319485 0.676893 0.313488 0.675906 0.308713 0.677486 0.305382 0.680052 0.303605 0.682816 0.300717 0.688541
