9 0.458583 0.615494 0.531721 0.615494 0.531721 0.631747 0.458583 0.631747
9 0.484070 0.657851 0.499584 0.657851 0.499584 0.670656 0.484070 0.670656
9 0.605136 0.677551 0.625914 0.677551 0.625914 0.686909 0.605136 0.686909
9 0.758339 0.582989 0.855580 0.582989 0.855580 0.597271 0.758339 0.597271
9 0.834802 0.677059 0.840896 0.677059 0.840896 0.695282 0.834802 0.695282
6 0.003646 0.459259 0.143229 0.453704 0.420312 0.566667 0.439063 0.587037 0.455729 0.614815 0.472396 0.648148 0.485938 0.685185 0.504687 0.720370 0.525521 0.738889 0.507812 0.753704 0.514062 0.772222 0.524479 0.779630 0.542188 0.812963 0.550521 0.853704 0.553646 0.901852 0.554688 0.933333 0.545312 0.970370 0.539062 0.996296 0.000000 0.998136
6 0.511979 0.718519 0.525361 0.714536 0.528084 0.709090 0.530467 0.707274 0.533871 0.703643 0.541020 0.703038 0.549190 0.709090 0.551232 0.715747 0.561104 0.717562 0.568253 0.717562 0.584593 0.718773 0.595146 0.723009 0.599231 0.735718 0.606379 0.756899 0.610464 0.773844 0.611826 0.785343 0.621017 0.792605 0.626804 0.796236 0.631230 0.808339 0.634634 0.825284 0.634974 0.840414 0.633272 0.898511 0.629187 0.902142 0.628847 0.917877 0.627825 0.932401 0.627145 0.948741 0.622038 0.960240 0.616592 0.964476 0.611826 0.965686 0.604337 0.957214 0.599231 0.929375 0.582550 0.915456 0.570976 0.920903 0.555658 0.919693 0.554977 0.909405 0.549190 0.883987 0.548509 0.864621 0.545105 0.837388 0.538637 0.814391 0.539318 0.796236 0.532510 0.785948 0.528084 0.776265 0.518553 0.760530 0.513106 0.758109 0.519574 0.754478 0.522297 0.746006 0.518893 0.731481
8 0.508785 0.633125 0.505857 0.642422 0.505438 0.655065 0.503347 0.663246 0.500837 0.679235 0.497699 0.694110 0.498327 0.707125 0.501046 0.714190 0.506484 0.715678 0.512132 0.717165 0.520917 0.714934 0.523845 0.714934 0.528447 0.707869 0.533467 0.703406 0.538487 0.701175 0.544972 0.703034 0.550410 0.711215 0.555848 0.716049 0.564006 0.717909 0.570072 0.719396 0.581995 0.721627 0.587433 0.721255 0.588688 0.709728 0.586596 0.686301 0.581158 0.636844 0.579275 0.632010 0.571327 0.632010 0.546854 0.630522 0.528656 0.630522
8 0.999299 0.147436 0.882111 0.295228 0.877103 0.325499 0.876102 0.364672 0.872095 0.398504 0.869091 0.419872 0.864083 0.432336 0.862079 0.450142 0.858073 0.512464 0.860076 0.542735 0.871094 0.564103 0.864083 0.580128 0.860076 0.606838 0.871094 0.626425 0.873097 0.658476 0.878105 0.964744 0.940204 0.989672 0.948503 1.000000 0.999299 1.000000
4 0.718330 0.726216 0.715368 0.727093 0.714381 0.734553 0.713640 0.745963 0.713147 0.756933 0.713640 0.766149 0.715862 0.769659 0.718084 0.775364 0.719811 0.791162 0.719318 0.801694 0.720058 0.812665 0.722527 0.815736 0.726229 0.813103 0.723761 0.803449 0.724255 0.792040 0.724255 0.779314 0.726476 0.780191 0.728451 0.791601 0.725982 0.803449 0.726723 0.813542 0.730426 0.818369 0.731413 0.806521 0.733388 0.791601 0.733634 0.776681 0.733141 0.768782 0.731660 0.757811 0.733388 0.744646 0.733634 0.734992 0.733388 0.728410 0.728204 0.727093 0.725242 0.721827 0.722527 0.718317
6 0.650696 0.735870 0.655880 0.731043 0.660817 0.728410 0.667234 0.724899 0.674146 0.722705 0.684760 0.722705 0.694140 0.722705 0.693893 0.727532 0.691918 0.734553 0.692906 0.752545 0.692659 0.760883 0.689203 0.763955 0.686735 0.760444 0.682785 0.756056 0.677108 0.754739 0.669456 0.755178 0.664025 0.761761 0.661310 0.764394 0.659829 0.761322 0.658842 0.750351 0.656620 0.742891
6 0.793864 0.741136 0.788680 0.745085 0.787693 0.752545 0.787199 0.762199 0.788186 0.771854 0.795345 0.774925 0.798060 0.772292 0.801269 0.771854 0.806206 0.778875 0.808427 0.771854 0.811883 0.770537 0.823484 0.773170 0.830643 0.773170 0.832617 0.779753 0.838048 0.780191 0.840270 0.768343 0.840270 0.759128 0.838048 0.748596 0.832617 0.732798 0.831136 0.726654 0.817560 0.730604 0.808427 0.727971 0.802256 0.729287 0.795098 0.734992
4 0.760626 0.765878 0.762090 0.777406 0.763973 0.790049 0.763554 0.797114 0.758325 0.795627 0.754769 0.784099 0.757070 0.795627 0.757070 0.801949 0.752050 0.799346 0.750377 0.791537 0.748076 0.775547 0.747239 0.763275 0.745566 0.765878 0.745984 0.786702 0.744729 0.791537 0.742428 0.794511 0.739709 0.791165 0.736990 0.782612 0.737826 0.789305 0.736153 0.791537 0.731970 0.788934 0.732388 0.780009 0.731133 0.767738 0.731760 0.756210 0.734270 0.745798 0.733852 0.736873 0.734061 0.726461 0.735944 0.722371 0.736571 0.718652 0.737408 0.710100 0.743892 0.708984 0.745566 0.715678 0.746611 0.723858 0.749121 0.731296 0.749331 0.726833 0.753514 0.723487 0.756233 0.730552 0.759998 0.735014 0.763973 0.740964 0.765646 0.746542 0.763136 0.755466 0.761672 0.761416
4 0.715863 0.722371 0.711680 0.715678 0.710634 0.711959 0.711262 0.703406 0.709588 0.698200 0.705823 0.700803 0.705196 0.708240 0.704568 0.715678 0.701640 0.717165 0.699130 0.718652 0.695365 0.719024 0.693482 0.724230 0.693064 0.730552 0.693482 0.745054 0.691809 0.755838 0.692227 0.763275 0.693273 0.779265 0.693064 0.790049 0.696829 0.791537 0.697247 0.784843 0.697038 0.774059 0.697875 0.763647 0.701012 0.767738 0.703104 0.779265 0.702477 0.785959 0.704359 0.794140 0.708543 0.798974 0.712935 0.796371 0.710843 0.782984 0.712517 0.772944 0.712935 0.762160 0.713353 0.751748 0.713981 0.743567 0.713772 0.729064
6 0.869476 0.741162 0.862374 0.743967 0.857323 0.744248 0.852431 0.749018 0.849432 0.754910 0.847380 0.759119 0.843592 0.761364 0.839015 0.769501 0.839015 0.774551 0.839646 0.780443 0.843434 0.787458 0.851957 0.789703 0.857008 0.788019 0.865215 0.788019 0.870265 0.788300 0.871370 0.789141
