8 0.773112 0.986690 0.778971 0.968171 0.778320 0.940394 0.778320 0.933449 0.810221 0.928819 0.816732 0.892940 0.814779 0.799190 0.799805 0.689236 0.778971 0.597801 0.751628 0.539931 0.719076 0.529514 0.649414 0.534144 0.627930 0.545718 0.613607 0.580440 0.594727 0.625579 0.581706 0.659144 0.574544 0.734375 0.569336 0.794560 0.574544 0.883681 0.579102 0.923032 0.588867 0.935764 0.594076 0.925347 0.590820 0.950810 0.595378 0.979745 0.613607 0.985532 0.624674 0.969329 0.626628 0.949653 0.749023 0.938079 0.745768 0.970486 0.762044 0.986690
6 0.494163 0.857067 0.495959 0.870370 0.492068 0.877288 0.483387 0.877820 0.480394 0.868242 0.477101 0.866645 0.471414 0.858131 0.473210 0.836845 0.471115 0.813963 0.472911 0.784696 0.464829 0.777778 0.467822 0.770328 0.471414 0.765539 0.478299 0.770328 0.483088 0.753831 0.489374 0.733610 0.495360 0.726160 0.518409 0.722967 0.548940 0.724032 0.558220 0.732014 0.563608 0.756492 0.569893 0.772989 0.569295 0.796935 0.570492 0.832056 0.572288 0.873031 0.564206 0.877820 0.561213 0.869838 0.559118 0.854938 0.553430 0.851745 0.554328 0.861856 0.550138 0.863453 0.543552 0.858131 0.541756 0.854406 0.510626 0.854406 0.501646 0.856003 0.497456 0.852810
8 0.587853 0.646871 0.553430 0.650064 0.542355 0.654321 0.537267 0.664964 0.534273 0.692103 0.534273 0.725628 0.543253 0.722967 0.553430 0.728289 0.563009 0.750106 0.570193 0.768199 0.575880 0.700085 0.581867 0.663367
6 0.337614 0.863985 0.336716 0.882077 0.334022 0.894317 0.325940 0.890060 0.320851 0.881013 0.317559 0.859728 0.317259 0.843763 0.315463 0.823010 0.319355 0.782567 0.329233 0.732546 0.335219 0.726692 0.355274 0.724032 0.397180 0.723499 0.416038 0.735206 0.423222 0.770860 0.427113 0.766071 0.433998 0.768199 0.432801 0.776713 0.428610 0.781503 0.426515 0.783631 0.432801 0.808642 0.431304 0.844295 0.432801 0.864517 0.425916 0.874095 0.420229 0.868774 0.419031 0.855470 0.416337 0.857067 0.419331 0.871967 0.416936 0.884206 0.411249 0.887931 0.404963 0.873563 0.403766 0.863985 0.397779 0.859195 0.388799 0.859728 0.359165 0.862388 0.358567 0.868242 0.357070 0.875160 0.353179 0.875160 0.348090 0.869306 0.345696 0.862920 0.343301 0.869838 0.339110 0.872499
6 0.431987 0.798968 0.451758 0.798365 0.451984 0.804190 0.455034 0.805997 0.456842 0.803386 0.457294 0.798365 0.458198 0.797963 0.459102 0.802784 0.461361 0.802784 0.462491 0.798566 0.461248 0.788523 0.461926 0.776874 0.461248 0.770045 0.460344 0.767434 0.461248 0.763216 0.459666 0.761810 0.458424 0.762613 0.457294 0.758797 0.455034 0.751567 0.452097 0.749558 0.449837 0.747951 0.445318 0.747750 0.440460 0.748152 0.432100 0.749558 0.427919 0.750362 0.423739 0.757793 0.423400 0.765024 0.423174 0.770045 0.425886 0.765626 0.429614 0.764622 0.433794 0.765827 0.435037 0.770648 0.434359 0.775669 0.431422 0.779686 0.428710 0.783100 0.428710 0.789126 0.430744 0.796156
9 0.542892 0.256718 0.546977 0.287582 0.602124 0.273057 0.594975 0.236747
6 0.183243 0.999466 0.214794 0.983440 0.218800 0.995905 0.226040 1.000000 0.243840 0.995014 0.248347 0.966524 0.251853 0.911325 0.247346 0.870370 0.240835 0.840100 0.227314 0.825855 0.236328 0.824074 0.240335 0.811610 0.236328 0.799145 0.229317 0.792023 0.215294 0.792913 0.216296 0.803597 0.202774 0.764423 0.181741 0.735933 0.159706 0.715456 0.109125 0.710114 0.048027 0.711004 0.007462 0.712785 0.000000 0.715943 0.000000 0.999466
7 0.998315 0.608660 0.972886 0.607571 0.841452 0.635349 0.842065 0.657680 0.837469 0.660948 0.834406 0.670752 0.831036 0.679466 0.826746 0.693627 0.825827 0.720861 0.825214 0.765523 0.826440 0.770425 0.832567 0.762255 0.833487 0.773148 0.834712 0.778050 0.840533 0.781863 0.845435 0.780229 0.849724 0.767702 0.895067 0.767157 0.970741 0.761166 0.999234 0.761166
7 0.797641 0.674020 0.813572 0.669662 0.834099 0.668028 0.831648 0.677832 0.826134 0.692538 0.824295 0.701797 0.823989 0.716503 0.824295 0.735022 0.824295 0.749728 0.819700 0.749728 0.812960 0.745915 0.809283 0.748094
6 0.276276 0.761444 0.274988 0.764981 0.272999 0.770183 0.270892 0.778922 0.271009 0.784956 0.271360 0.788910 0.273935 0.789326 0.274871 0.786413 0.279085 0.784748 0.291374 0.785789 0.291959 0.788494 0.293949 0.789742 0.296173 0.787453 0.296524 0.783084 0.297460 0.777882 0.295939 0.762901 0.295119 0.759363 0.293247 0.759155 0.291842 0.756034 0.283298 0.756866 0.278851 0.757074 0.278851 0.759988
