6 0.059399 0.673143 0.057292 0.674748 0.055786 0.679030 0.053077 0.679030 0.053679 0.684918 0.053077 0.692946 0.050668 0.696157 0.049464 0.704185 0.048260 0.710073 0.050668 0.712749 0.053378 0.710608 0.056690 0.710608 0.060001 0.710073 0.065119 0.709538 0.066926 0.714355 0.069936 0.713819 0.075054 0.711678 0.079871 0.711678 0.083183 0.710608 0.084688 0.705791 0.085591 0.699368 0.086796 0.694551 0.085892 0.687594 0.087398 0.683312 0.085290 0.678495 0.084086 0.673143 0.081678 0.672608 0.078366 0.672608 0.075957 0.672608 0.072044 0.672608
6 0.104257 0.676354 0.109375 0.677960 0.114794 0.678495 0.119310 0.679030 0.123224 0.686523 0.124428 0.693481 0.124428 0.699368 0.123826 0.703650 0.119009 0.706326 0.114794 0.706326 0.111783 0.707932 0.109676 0.712749 0.105461 0.712214 0.101246 0.711143 0.100945 0.702580
6 0.127439 0.705256 0.125030 0.694551 0.123826 0.685988 0.126535 0.681706 0.128342 0.679030 0.133460 0.677425 0.136169 0.676354 0.142492 0.676354 0.146405 0.677425 0.154233 0.683312 0.157545 0.690270 0.157545 0.694551 0.156039 0.696692 0.150319 0.695087 0.145201 0.696157 0.138879 0.696692 0.137374 0.701509 0.134965 0.703650
6 0.307478 0.765790 0.304920 0.763310 0.306780 0.758763 0.307478 0.748843 0.308873 0.739749 0.309105 0.725281 0.309338 0.716187 0.309105 0.709160 0.310500 0.707507 0.310035 0.694279 0.311430 0.679812 0.310035 0.665344 0.311430 0.660797 0.311895 0.655010 0.312593 0.650050 0.311430 0.645089 0.308873 0.642609 0.305153 0.643849 0.302362 0.649223 0.303757 0.656663 0.301200 0.660797 0.298177 0.666997 0.297247 0.673198 0.297015 0.687665 0.297015 0.694279 0.296317 0.702546 0.296782 0.711227 0.297015 0.719494 0.296549 0.728175 0.296084 0.737682 0.295619 0.748843 0.295154 0.766204 0.297015 0.768684 0.302130 0.768684 0.306780 0.770751
10 0.474656 0.613261 0.523717 0.613261 0.523717 0.622768 0.474656 0.622768
10 0.489769 0.634755 0.522554 0.634755 0.522554 0.642609 0.489769 0.642609
1 0.428618 0.664104 0.427920 0.662037 0.426758 0.659144 0.425828 0.657077 0.425828 0.655423 0.427688 0.653356 0.428618 0.651290 0.429781 0.648810 0.431873 0.651703 0.434431 0.654597 0.434896 0.657077 0.433733 0.659144 0.431641 0.661624
6 0.430013 0.733548 0.429315 0.737682 0.427688 0.740162 0.425130 0.740575 0.423270 0.736442 0.421177 0.733135 0.421410 0.727348 0.421410 0.720734 0.421875 0.713707 0.422573 0.707093 0.423270 0.700066 0.424898 0.694692 0.426060 0.686012 0.427223 0.681052 0.428153 0.673198 0.429083 0.670304 0.433733 0.670718 0.438384 0.670304 0.443964 0.671131 0.450474 0.671131 0.455822 0.670718 0.460007 0.674438 0.462333 0.679812 0.463495 0.686012 0.465355 0.693866 0.465588 0.697586 0.466750 0.707507 0.467913 0.717427 0.468378 0.724454 0.467913 0.729415 0.467215 0.737682 0.464890 0.739749 0.460938 0.734788 0.460240 0.731481 0.459310 0.733962 0.459775 0.740162 0.457682 0.742229 0.456055 0.741815 0.452567 0.735202 0.449544 0.734788 0.441406 0.735202 0.439314 0.736855 0.435826 0.739749 0.433733 0.734788
6 0.491862 0.730655 0.492560 0.735202 0.491629 0.737269 0.489304 0.738509 0.487909 0.735202 0.487909 0.730241 0.487909 0.724454 0.487677 0.719081 0.487677 0.712880 0.488607 0.707920 0.491164 0.700893 0.493257 0.695933 0.494885 0.691799 0.497675 0.691386 0.502558 0.690559 0.507440 0.691799 0.513021 0.694279 0.514881 0.694279 0.516974 0.701720 0.519299 0.709987 0.519764 0.712467 0.519996 0.721147 0.519996 0.726521 0.519531 0.731068 0.519531 0.737682 0.517671 0.740575 0.515346 0.739335 0.514648 0.733135 0.509998 0.733135 0.504883 0.733135 0.500698 0.733962
6 0.490973 0.686686 0.488765 0.687610 0.487726 0.690381 0.486947 0.693382 0.485388 0.696615 0.483050 0.703542 0.482661 0.709084 0.482920 0.715780 0.482790 0.719244 0.482920 0.723400 0.483570 0.725016 0.485258 0.724785 0.486297 0.721784 0.486297 0.719244 0.487077 0.718089 0.488246 0.716011 0.488246 0.711624 0.488635 0.708622 0.490064 0.704466 0.491493 0.699386 0.492662 0.695230 0.493571 0.688071
8 0.492532 0.686455 0.493311 0.682761 0.493960 0.677912 0.494999 0.673294 0.495909 0.668445 0.496818 0.664750 0.497727 0.660594 0.498506 0.659901 0.503961 0.658747 0.508637 0.660594 0.512664 0.659670 0.518379 0.659670 0.521496 0.661287 0.523834 0.664519 0.523964 0.671446 0.524483 0.677681 0.526172 0.688071 0.526301 0.694999 0.525522 0.705389 0.525392 0.708853 0.524873 0.715318 0.524743 0.720167 0.524483 0.726402 0.524483 0.730789 0.523054 0.732405 0.520457 0.732636 0.520327 0.727556 0.519937 0.719936 0.520067 0.713009 0.519807 0.708391 0.516690 0.702388 0.515002 0.695691 0.513703 0.693613 0.509676 0.692459 0.506429 0.691304 0.503312 0.690842 0.500584 0.691535 0.496558 0.691073 0.493960 0.693382 0.493181 0.693844
4 0.533445 0.724323 0.532666 0.727094 0.531497 0.729403 0.532016 0.731481 0.530717 0.731251 0.529678 0.729403 0.530717 0.727325 0.531237 0.724785 0.532016 0.723400 0.532406 0.720629 0.532016 0.718320 0.531886 0.715780 0.531757 0.712086 0.531237 0.707698 0.531237 0.698462 0.532016 0.694999 0.534354 0.691997 0.536432 0.693382 0.535913 0.696384 0.536043 0.699386 0.536952 0.701464 0.536952 0.704927 0.536952 0.708622 0.536692 0.712086 0.537991 0.718320 0.536432 0.724785 0.536302 0.727325 0.536692 0.731251 0.538121 0.732636 0.536692 0.733560 0.534744 0.731943 0.534484 0.729172
8 0.564430 0.738490 0.563807 0.744393 0.561940 0.748451 0.556752 0.748820 0.553017 0.748451 0.551772 0.744024 0.551150 0.739597 0.549905 0.739597 0.549075 0.742548 0.545132 0.741811 0.543887 0.733326 0.543679 0.731113 0.543679 0.724472 0.544509 0.685001 0.543057 0.684263 0.540774 0.684263 0.539944 0.681312 0.539944 0.675778 0.539944 0.657703 0.544302 0.656227 0.544509 0.642209 0.558205 0.622289 0.562562 0.619337 0.570447 0.615649 0.592028 0.617124 0.607590 0.621920 0.610081 0.647742 0.610911 0.728530 0.606760 0.740335 0.601573 0.738490 0.601988 0.746606 0.599705 0.747713 0.595763 0.748820 0.592858 0.748820 0.587048 0.750664 0.583313 0.749188 0.583520 0.740335 0.582275 0.739228 0.580615 0.737753 0.578748 0.741811 0.577295 0.744762 0.572315 0.741073 0.571070 0.737015 0.570655 0.738859
10 0.642036 0.610484 0.681462 0.610484 0.681462 0.622289 0.642036 0.622289
8 0.682292 0.665818 0.640999 0.663974 0.639753 0.667663 0.637678 0.682787 0.638093 0.708979 0.641414 0.712299 0.654279 0.714881 0.654694 0.708610 0.654486 0.704921 0.654279 0.700125 0.654694 0.694592 0.656769 0.688690 0.660089 0.683525 0.662579 0.680205 0.669634 0.681312 0.675859 0.681312 0.679179 0.679836 0.681047 0.679467 0.682499 0.677623
1 0.722926 0.674409 0.724722 0.669221 0.726293 0.665230 0.722252 0.659642 0.721130 0.658046 0.717313 0.664432 0.716864 0.666826
6 0.729885 0.726692 0.729661 0.732679 0.728314 0.735872 0.724497 0.736670 0.722477 0.735473 0.721579 0.729885 0.719109 0.727890 0.716415 0.727890 0.717089 0.731881 0.715742 0.733876 0.712823 0.733477 0.711252 0.727091 0.711476 0.722701 0.710578 0.715916 0.712150 0.711127 0.714844 0.707934 0.717313 0.703943 0.718436 0.697158 0.721354 0.697158 0.723375 0.694365 0.727191 0.693566 0.731906 0.693566 0.737293 0.694764 0.738640 0.695562 0.739314 0.700750 0.742906 0.707934 0.744926 0.710728 0.744477 0.715517 0.744477 0.721504 0.745375 0.726692 0.744477 0.730284 0.742008 0.735473 0.740212 0.737867 0.738865 0.737069 0.737069 0.732679 0.734824 0.726692
6 0.822722 0.734078 0.823695 0.726722 0.823695 0.718069 0.823939 0.705521 0.820775 0.695137 0.820775 0.689079 0.817124 0.679560 0.813230 0.675666 0.813474 0.669609 0.809823 0.668744 0.804712 0.668744 0.798384 0.667878 0.793516 0.667878 0.786458 0.667013 0.784511 0.670907 0.786458 0.674368 0.783294 0.675666 0.781347 0.678695 0.778914 0.682589 0.777453 0.685618 0.775750 0.690810 0.773559 0.694271 0.772342 0.700329 0.769178 0.705088 0.766988 0.708982 0.766988 0.715472 0.767961 0.723693 0.768692 0.730183 0.768692 0.734943 0.768692 0.741866 0.772586 0.744894 0.776480 0.743164 0.777210 0.736241 0.781104 0.734943 0.782564 0.736241 0.784268 0.743164 0.789136 0.746625 0.791083 0.741433 0.793030 0.736241 0.798384 0.740568 0.798384 0.744462 0.803252 0.749221 0.805199 0.742298 0.808119 0.738404 0.814690 0.744894 0.814934 0.750519 0.819801 0.750952 0.822235 0.745327
8 0.998162 0.621460 0.899510 0.639978 0.898284 0.646514 0.899510 0.657407 0.897672 0.669390 0.895221 0.683551 0.898284 0.690087 0.905025 0.690087 0.920343 0.694444 0.922794 0.710784 0.924632 0.724946 0.925858 0.740196 0.930147 0.743464 0.935662 0.746732 0.936887 0.736928 0.941176 0.730392 0.945466 0.720588 0.950980 0.712963 0.950980 0.703159 0.959559 0.704248 0.965686 0.695534 0.974265 0.690087 0.981618 0.686819 0.992034 0.683551 0.999387 0.684641
6 0.992301 0.778180 0.989583 0.778986 0.985960 0.771739 0.982790 0.765298 0.972826 0.762882 0.961051 0.762882 0.955616 0.764493 0.955163 0.771739 0.947917 0.773349 0.938859 0.764493 0.936141 0.749195 0.938859 0.739533 0.942935 0.728261 0.953804 0.713768 0.959239 0.705717 0.965580 0.695250 0.973732 0.692834 0.982337 0.692834 0.986413 0.697665 0.990036 0.713768 0.990942 0.729871 0.992754 0.756441
