6 0.031518 0.633639 0.052459 0.641275 0.088434 0.653685 0.107764 0.669912 0.114207 0.685185 0.128168 0.703322 0.152867 0.743414 0.175419 0.781596 0.176493 0.776823 0.187768 0.774914 0.197433 0.775869 0.200118 0.790187 0.199044 0.807369 0.213005 0.814051 0.225354 0.834097 0.243610 0.872279 0.246832 0.920008 0.245758 0.961054 0.240926 0.989691 0.230724 0.996373 0.030982 0.999236
6 0.366495 0.802098 0.361551 0.785689 0.352650 0.769280 0.343420 0.758146 0.325620 0.754630 0.304523 0.752286 0.283426 0.753458 0.261999 0.754044 0.244858 0.761662 0.228376 0.779243 0.209586 0.807958 0.206290 0.812647 0.213212 0.821437 0.223761 0.831985 0.228705 0.838432 0.234309 0.853669 0.240572 0.877110 0.245187 0.918718 0.242880 0.949777 0.251450 0.943917 0.276503 0.943917 0.289689 0.948605 0.295952 0.956224 0.303534 0.963842 0.307160 0.963256 0.312764 0.972046 0.321334 0.974977 0.328916 0.974977 0.339465 0.974977 0.344739 0.970288 0.348365 0.954466 0.349024 0.948605 0.361880 0.940401
6 0.637726 0.996373 0.638262 0.971554 0.637726 0.954372 0.632893 0.922871 0.628598 0.906644 0.627524 0.806415 0.620006 0.763459 0.609805 0.719549 0.602824 0.668003 0.595844 0.647003 0.590475 0.632684 0.585105 0.590683 0.576514 0.593547 0.524431 0.595456 0.523357 0.583047 0.510470 0.568729 0.495436 0.568729 0.476643 0.564910 0.458924 0.566819 0.439057 0.571592 0.432614 0.576365 0.428855 0.584956 0.422949 0.604047 0.421338 0.624093 0.419727 0.632684 0.408988 0.638412 0.403082 0.654639 0.384289 0.734822 0.376235 0.761550 0.368181 0.780641 0.368181 0.799733 0.362274 0.877052 0.360691 1.000000 0.637726 1.000000
6 0.632542 0.883036 0.636719 0.885220 0.640404 0.884783 0.641141 0.874301 0.642615 0.869060 0.652933 0.872991 0.680449 0.872554 0.683152 0.877795 0.682906 0.887404 0.686591 0.890024 0.689785 0.890024 0.692979 0.886094 0.693716 0.879106 0.693224 0.871681 0.698138 0.855521 0.697155 0.827568 0.687819 0.818833 0.677501 0.797432 0.665463 0.793501 0.655144 0.794811 0.655144 0.790881 0.654899 0.790007 0.652933 0.787386 0.651459 0.787386 0.649003 0.788260 0.646300 0.791317 0.633034 0.795685 0.627383 0.815776 0.629348 0.880853
1 0.647458 0.744539 0.657474 0.727129 0.647458 0.706948 0.636329 0.726733
5 0.725138 0.811808 0.727809 0.807059 0.733151 0.807059 0.741831 0.808246 0.749622 0.808246 0.754296 0.810620 0.754963 0.820909 0.753405 0.827240 0.753851 0.833571 0.753851 0.838715 0.751180 0.842276 0.749399 0.846233 0.748286 0.850981 0.750067 0.854543 0.751402 0.857708 0.752293 0.871953 0.749399 0.876701 0.748509 0.880658 0.747173 0.895695 0.746060 0.901630 0.744725 0.908357 0.745393 0.917062 0.744947 0.924581 0.741609 0.926559 0.738048 0.924581 0.738048 0.915480 0.737602 0.909544 0.736489 0.905192 0.734486 0.904004 0.730480 0.902817 0.726251 0.898860 0.726696 0.893321 0.732928 0.885407 0.733819 0.879867 0.733151 0.875514 0.730925 0.868788 0.730035 0.860478 0.730035 0.853751 0.731148 0.844650 0.728477 0.838715 0.726696 0.837528 0.724693 0.835549 0.724248 0.826844
4 0.751402 0.897278 0.756522 0.898465 0.759192 0.892925 0.758747 0.886594 0.764534 0.885407 0.766092 0.882241 0.762976 0.869579 0.762531 0.854543 0.761418 0.842672 0.757412 0.833571 0.756076 0.826053 0.755854 0.821304 0.754963 0.814577 0.760305 0.827635 0.760528 0.833966 0.764980 0.833966 0.764534 0.826448 0.762309 0.821304 0.761196 0.813390 0.760751 0.806268 0.758302 0.794397 0.754741 0.786483 0.756299 0.781339 0.758302 0.769864 0.758525 0.761159 0.757412 0.754432 0.752738 0.752849 0.749176 0.753640 0.746728 0.756015 0.744947 0.757202 0.742054 0.752058 0.736489 0.751266 0.732928 0.757202 0.733151 0.766303 0.736044 0.772634 0.736044 0.775008 0.732706 0.778173 0.729812 0.783713 0.725361 0.789253 0.721799 0.799937 0.719351 0.808246 0.715122 0.811016 0.715790 0.818139 0.720241 0.820117 0.722690 0.822887 0.724470 0.830009 0.722244 0.837132 0.718238 0.841880 0.716903 0.849399 0.716903 0.864039 0.719351 0.877493 0.723135 0.890947 0.729812 0.888968 0.730480 0.879867 0.728477 0.866809 0.730480 0.854543 0.729812 0.847024 0.728699 0.835945 0.727809 0.829218 0.727141 0.822096 0.726473 0.811412 0.728032 0.805081 0.733151 0.805872 0.738493 0.806268 0.746060 0.809433 0.752515 0.810225 0.753851 0.816160 0.753851 0.823678 0.753405 0.832384 0.751847 0.845046 0.750735 0.850190 0.751402 0.860478 0.751402 0.869579 0.750067 0.883033
4 0.716986 0.871997 0.714490 0.872589 0.713159 0.869631 0.714657 0.856615 0.713159 0.848332 0.713658 0.840936 0.713325 0.829991 0.713325 0.824962 0.711329 0.825849 0.709332 0.824666 0.708500 0.821707 0.708666 0.815791 0.708999 0.807212 0.709332 0.798337 0.709831 0.789759 0.713492 0.783251 0.714570 0.778874 0.715803 0.776438 0.716077 0.774245 0.716900 0.770590 0.720737 0.770346 0.723067 0.773026 0.723342 0.777656 0.724438 0.782773 0.725672 0.785210 0.726220 0.788134 0.719230 0.810794 0.717037 0.811038 0.715118 0.815424 0.718133 0.819323 0.721697 0.819810 0.722930 0.820297 0.724301 0.822247 0.723753 0.828826 0.722793 0.835648 0.717585 0.845638 0.717174 0.851486 0.717585 0.862451 0.718407 0.870249
10 0.790636 0.695772 0.790636 0.709676 0.849829 0.711256 0.849296 0.696720
4 0.830011 0.779534 0.831807 0.777937 0.832525 0.772829 0.831448 0.768678 0.831268 0.764527 0.831986 0.760057 0.834501 0.758142 0.837554 0.757822 0.840248 0.761335 0.841146 0.767082 0.839889 0.774425 0.839889 0.776980 0.841864 0.778257 0.845815 0.781130 0.848330 0.787835 0.851562 0.799968 0.853897 0.814017 0.853718 0.823595 0.853718 0.831897 0.852460 0.836047 0.849767 0.837005 0.847971 0.834770 0.847252 0.841156 0.847611 0.854246 0.848330 0.874361 0.849228 0.884259 0.850305 0.891603 0.850665 0.896711 0.847971 0.899266 0.845995 0.898627 0.842942 0.890326 0.842583 0.886494 0.842583 0.882982 0.842583 0.875000 0.841685 0.865421 0.841685 0.860632 0.837733 0.843072 0.837015 0.870211 0.836835 0.888091 0.835938 0.895754 0.833962 0.896392 0.830190 0.896392 0.828215 0.893519 0.829113 0.890964 0.830909 0.886814 0.831448 0.874681 0.829831 0.850415 0.827856 0.841156 0.829472 0.829342 0.828933 0.832854 0.827676 0.837324 0.826239 0.839559 0.824623 0.838602 0.823725 0.831258 0.823186 0.811462 0.823725 0.800926 0.825162 0.787516 0.825341 0.783685 0.827317 0.780811
4 0.821031 0.851373 0.821749 0.866379 0.821031 0.873084 0.820492 0.880428 0.820133 0.886814 0.821390 0.892880 0.821749 0.897669 0.818337 0.896711 0.813129 0.895434 0.808998 0.897350 0.807920 0.894796 0.810614 0.888729 0.810973 0.885856 0.811512 0.877874 0.810794 0.870530 0.810075 0.867018 0.808100 0.863506 0.807741 0.859355 0.806663 0.852969 0.807202 0.845945 0.808639 0.839559 0.809716 0.836047 0.810075 0.831897 0.809537 0.826149 0.810973 0.821679 0.812949 0.818487 0.813847 0.818167 0.817619 0.818806 0.819774 0.821999 0.821390 0.827746 0.822108 0.837963 0.823186 0.842433 0.823186 0.835728 0.825521 0.832535 0.828035 0.834132 0.828035 0.838282 0.826419 0.844668 0.824982 0.847542
4 0.887931 0.767667 0.884938 0.764829 0.880548 0.760572 0.877953 0.752412 0.875758 0.746027 0.872765 0.739996 0.868774 0.739996 0.865581 0.741770 0.860991 0.746381 0.858198 0.749929 0.861191 0.752767 0.863586 0.753122 0.864583 0.758798 0.865382 0.765893 0.861989 0.773698 0.860991 0.778310 0.859595 0.787179 0.857599 0.800305 0.858996 0.814496 0.862588 0.823719 0.863586 0.843586 0.862588 0.876224 0.863785 0.911345 0.863586 0.921279 0.863785 0.928374 0.869572 0.929438 0.874361 0.929083 0.876557 0.921633 0.875958 0.917731 0.875758 0.912410 0.874162 0.896800 0.874561 0.882610 0.874162 0.869838 0.876357 0.859905 0.877754 0.858131 0.879550 0.872322 0.879550 0.888286 0.883341 0.911345 0.884140 0.919150 0.888729 0.929438 0.892720 0.929438 0.893918 0.925890 0.892720 0.919860 0.894915 0.915602 0.895115 0.910636 0.892720 0.901412 0.893918 0.891833 0.895913 0.882964 0.895913 0.872322 0.898507 0.864162 0.899705 0.871612 0.899705 0.881191 0.900303 0.894317 0.905492 0.894317 0.905292 0.902121 0.903496 0.911345 0.904095 0.914538 0.906689 0.918440 0.907886 0.923407 0.907886 0.931567 0.905492 0.931921 0.901301 0.937598 0.898507 0.943628 0.902698 0.948240 0.909084 0.946112 0.913474 0.946112 0.918662 0.946112 0.918662 0.940790 0.916467 0.934405 0.917066 0.926600 0.917664 0.917021 0.918263 0.907088 0.917864 0.900702 0.916866 0.892543 0.916068 0.886157 0.917265 0.876933 0.922254 0.893607 0.923651 0.895026 0.925447 0.896445 0.925846 0.906024 0.927642 0.915602 0.929239 0.924826 0.929638 0.931212 0.928640 0.934405 0.926245 0.940790 0.925048 0.947531 0.931034 0.949305 0.938218 0.949305 0.940613 0.948950 0.938817 0.940436 0.937221 0.936179 0.936622 0.926955 0.936822 0.918086 0.937021 0.907798 0.935824 0.898219 0.934227 0.891479 0.931434 0.875869 0.929638 0.862033 0.930037 0.848553 0.931434 0.840748 0.928839 0.833653 0.928839 0.827622 0.930436 0.813431 0.933429 0.787179 0.933030 0.777955 0.933030 0.771215 0.929837 0.766248 0.926245 0.763765 0.925048 0.761281 0.925048 0.754541 0.925048 0.744962 0.922853 0.735739 0.920059 0.733610 0.915070 0.733255 0.911678 0.735384 0.908884 0.738931 0.907288 0.742479 0.906090 0.743189 0.900104 0.741770 0.897909 0.742834 0.895714 0.749929 0.894516 0.756670 0.891922 0.762346
4 0.987420 0.839052 0.987420 0.851307 0.987228 0.866626 0.988186 0.879221 0.987611 0.888072 0.987228 0.898625 0.987420 0.907816 0.985313 0.913263 0.981292 0.913943 0.979952 0.909518 0.978420 0.896242 0.979377 0.886370 0.977654 0.869009 0.976314 0.860158 0.974399 0.862200 0.975165 0.872072 0.974973 0.882625 0.975165 0.894880 0.974016 0.905773 0.972675 0.910199 0.968654 0.912241 0.963867 0.912241 0.964442 0.907816 0.967505 0.905773 0.966739 0.900327 0.965782 0.890795 0.964825 0.881944 0.965208 0.875136 0.965208 0.867987 0.965016 0.856073 0.963867 0.850626 0.964059 0.847563 0.964633 0.842456 0.964825 0.840074 0.964442 0.831563 0.963676 0.821010 0.961952 0.814542 0.960803 0.809777 0.961761 0.804330 0.963867 0.794798 0.965782 0.793777 0.967505 0.791054 0.967697 0.785948 0.967122 0.780842 0.967505 0.772331 0.968846 0.768246 0.971335 0.765863 0.975931 0.767906 0.978228 0.774374 0.978611 0.781863 0.981675 0.792075 0.985505 0.792756 0.988951 0.801266 0.990100 0.810458 0.991632 0.819989 0.992207 0.826457 0.989717 0.829180
6 0.001123 0.630719 0.000110 1.000000 0.234988 1.000000 0.241115 0.973856 0.241115 0.953885 0.241115 0.913943 0.236009 0.866739 0.225797 0.841322 0.202308 0.817720 0.198223 0.806826 0.198223 0.785040 0.184947 0.763253 0.174734 0.768700 0.164522 0.770516 0.156352 0.739651 0.140012 0.710603 0.120609 0.687001 0.111417 0.674292 0.094056 0.654321 0.050143 0.636166
