4 0.906863 0.998366 0.905637 0.984205 0.905637 0.968954 0.908088 0.948257 0.912990 0.922113 0.911765 0.900327 0.911765 0.873094 0.911765 0.865468 0.916054 0.857843 0.912990 0.848039 0.911765 0.814270 0.908701 0.784858 0.911152 0.754357 0.909926 0.730392 0.905637 0.694444 0.901961 0.668301 0.903186 0.641068 0.912377 0.634532 0.914828 0.619281 0.914216 0.592048 0.914828 0.565904 0.911765 0.545207 0.903799 0.529956 0.896446 0.525599 0.886029 0.517974 0.879289 0.512527 0.875613 0.496187 0.875613 0.484205 0.870711 0.465686 0.865809 0.460240 0.854779 0.460240 0.845588 0.471133 0.841912 0.488562 0.847426 0.514706 0.848652 0.523420 0.845588 0.527778 0.840074 0.531046 0.833946 0.544118 0.832721 0.560458 0.832721 0.578976 0.832721 0.599673 0.824755 0.610566 0.817402 0.623638 0.811275 0.634532 0.802696 0.648693 0.810049 0.662854 0.818015 0.666122 0.825980 0.662854 0.822917 0.656318 0.822917 0.646514 0.838235 0.646514 0.842525 0.637800 0.838235 0.653050 0.834559 0.671569 0.829044 0.678105 0.822304 0.692266 0.813725 0.706427 0.814951 0.727124 0.814951 0.745643 0.818627 0.759804 0.825980 0.773965 0.829657 0.787037 0.827819 0.806645 0.825980 0.830610 0.831495 0.854575 0.829657 0.895969 0.836397 0.905773 0.841299 0.944989 0.836397 0.951525 0.828431 0.965686 0.840074 0.978758 0.860907 0.983115 0.867034 0.982026 0.866422 0.960240 0.862132 0.947168 0.859681 0.926471 0.859681 0.906863 0.856618 0.890523 0.855392 0.867647 0.852941 0.849129 0.857843 0.837146 0.862132 0.824074 0.868873 0.806645 0.870098 0.822985 0.873775 0.838235 0.876838 0.850218 0.884191 0.864379 0.889093 0.873094 0.888480 0.894880 0.893382 0.914488 0.890319 0.926471 0.888480 0.940632 0.888480 0.960240 0.887868 0.974401 0.881127 0.986383 0.879289 0.996187
4 0.575211 0.660449 0.574270 0.657441 0.575775 0.653430 0.578595 0.658778 0.578971 0.656104 0.580851 0.654767 0.581603 0.659781 0.582544 0.663123 0.583296 0.671146 0.583108 0.676828 0.583484 0.686188 0.582732 0.696885 0.583296 0.702233 0.579911 0.702233 0.575211 0.701899 0.574835 0.700227 0.576151 0.697219 0.575587 0.692539 0.575211 0.686188 0.574835 0.681842 0.574082 0.675826 0.574270 0.669475
4 0.591005 0.697219 0.591193 0.692539 0.591193 0.683180 0.591005 0.681174 0.591005 0.678834 0.591945 0.678834 0.593073 0.677831 0.592885 0.673820 0.591005 0.669140 0.591005 0.664460 0.589125 0.659112 0.587056 0.658778 0.585552 0.659781 0.584800 0.665463 0.584612 0.668806 0.586492 0.671480 0.585364 0.677831 0.586492 0.683180 0.586304 0.687859 0.585552 0.693876 0.586868 0.695882 0.588372 0.694545 0.588748 0.687525 0.589877 0.691202
8 0.550579 0.691871 0.550579 0.697553 0.548323 0.697553 0.546631 0.697887 0.543998 0.698222 0.541742 0.693876 0.540426 0.688528 0.539298 0.688528 0.538733 0.683514 0.538357 0.677831 0.538357 0.674154 0.538169 0.668806 0.539298 0.663458 0.539110 0.655769 0.537605 0.654432 0.536665 0.652427 0.537417 0.649084 0.536665 0.646076 0.537041 0.643067 0.538169 0.640727 0.539298 0.636716 0.537605 0.631034 0.539298 0.629696 0.541930 0.627357 0.545314 0.626020 0.544562 0.624014 0.546066 0.623680 0.547947 0.623011 0.553023 0.620337 0.554340 0.619668 0.559040 0.621005 0.563741 0.620337 0.568442 0.621005 0.570698 0.621005 0.573142 0.622343 0.575399 0.630699 0.575587 0.635045 0.576339 0.644404 0.575963 0.650755 0.573894 0.653095 0.572766 0.656104 0.572766 0.661452 0.573518 0.665463 0.573142 0.675491 0.573518 0.680840 0.573894 0.687859 0.573894 0.692873 0.572578 0.695882 0.569946 0.697553 0.565997 0.697219 0.565057 0.693208 0.565621 0.690868 0.561297 0.690199 0.561485 0.690199 0.560356 0.692205 0.557160 0.691871 0.554528 0.690533 0.553211 0.689531
8 0.995139 0.694444 0.984028 0.694444 0.968750 0.694444 0.960417 0.691975 0.952778 0.691975 0.947222 0.691975 0.935417 0.693210 0.920833 0.690741 0.911111 0.689506 0.905556 0.661111 0.913889 0.638889 0.915972 0.615432 0.913889 0.600617 0.912500 0.572222 0.915972 0.563580 0.928472 0.556173 0.953472 0.556173 0.958333 0.558642 0.975000 0.562346 0.989583 0.561111 0.993750 0.578395 0.993056 0.600617 0.994444 0.630247 0.995139 0.647531
6 0.000113 0.700953 0.003887 0.696927 0.008039 0.693572 0.014455 0.688205 0.020494 0.677469 0.026910 0.672772 0.035213 0.665392 0.043893 0.666063 0.056348 0.666063 0.067671 0.667405 0.075974 0.667405 0.086164 0.671430 0.096354 0.680824 0.103148 0.692230 0.105412 0.709675 0.103902 0.721753 0.103525 0.731817 0.101261 0.735843 0.099373 0.743894 0.094467 0.749262 0.090693 0.752617 0.084277 0.745236 0.078238 0.743223 0.072577 0.745236 0.062764 0.745907 0.061255 0.752617 0.055593 0.756643 0.047290 0.752617 0.039742 0.748591 0.032571 0.751275 0.020494 0.750604 0.011058 0.749262 0.005774 0.751275 0.000113 0.753959
6 0.361300 0.695585 0.355639 0.691559 0.352997 0.693572 0.349600 0.696256 0.345826 0.696927 0.344316 0.690217 0.346958 0.678140 0.343939 0.678811 0.348845 0.670760 0.353374 0.667405 0.361300 0.668076 0.365829 0.667405 0.368848 0.677469 0.366206 0.682166
6 0.439491 0.731028 0.438725 0.736474 0.438725 0.744190 0.436938 0.749637 0.432598 0.749637 0.427492 0.745098 0.424683 0.737836 0.420854 0.733297 0.412684 0.730574 0.401961 0.730574 0.399663 0.736928 0.396344 0.737836 0.388685 0.733751 0.390217 0.739651 0.387919 0.742829 0.382557 0.736474 0.379749 0.736020 0.377706 0.741467 0.378217 0.746460 0.372600 0.749637 0.366728 0.746914 0.364430 0.741013 0.364685 0.733751 0.363664 0.720134 0.363664 0.712418 0.364685 0.704702 0.366217 0.693355 0.365451 0.686093 0.368004 0.677015 0.371324 0.664760 0.375153 0.658406 0.379238 0.644789 0.382302 0.637073 0.385876 0.631173 0.387919 0.634804 0.390217 0.635258 0.394301 0.635258 0.398131 0.634804 0.400684 0.633896 0.402982 0.629357 0.404259 0.634350 0.407578 0.634350 0.411152 0.633442 0.416003 0.634350 0.419322 0.634350 0.422641 0.631627 0.427747 0.632081 0.429790 0.636166 0.433364 0.644336 0.434385 0.649782 0.435662 0.656590 0.437960 0.667484 0.439747 0.665668 0.442045 0.662491 0.445619 0.662491 0.449193 0.667938 0.447661 0.671115 0.446640 0.675200 0.445364 0.676561 0.447151 0.687001 0.447661 0.693809 0.447917 0.705610 0.447661 0.713326 0.446640 0.727397 0.446385 0.736928 0.443066 0.739651
6 0.436947 0.658221 0.438664 0.662291 0.438855 0.664666 0.440190 0.661952 0.442098 0.660935 0.445150 0.662631 0.447440 0.664326 0.447821 0.669414 0.446677 0.672806 0.444960 0.674162 0.444387 0.675858 0.444960 0.680267 0.446104 0.686711 0.446867 0.694512 0.447440 0.702652 0.447440 0.704687 0.448203 0.708757 0.450492 0.711810 0.454308 0.712149 0.457551 0.711810 0.457551 0.714523 0.462511 0.719271 0.462893 0.716558 0.464801 0.714184 0.464228 0.707061 0.463465 0.704348 0.463084 0.697904 0.463656 0.695869 0.462893 0.690103 0.463084 0.687390 0.463084 0.684676 0.462130 0.680606 0.460222 0.672806 0.459077 0.668057 0.456025 0.659239 0.454308 0.657882 0.446867 0.656526
6 0.465182 0.698921 0.467281 0.699261 0.470143 0.704687 0.471478 0.704687 0.472432 0.703331 0.472432 0.697565 0.471669 0.690781 0.471097 0.686033 0.470906 0.678911 0.469380 0.672806 0.469189 0.668736 0.468616 0.664666 0.466899 0.658561 0.465373 0.657543 0.462130 0.657543 0.458123 0.657882 0.456406 0.658900 0.456788 0.663648 0.458696 0.667718 0.460222 0.673145 0.460794 0.676536 0.462130 0.678571 0.462321 0.680946 0.463275 0.688068
1 0.459268 0.655508 0.458505 0.649403 0.459268 0.645672 0.460604 0.643298 0.461558 0.639567 0.461939 0.636854 0.460985 0.635497 0.459459 0.633801 0.457551 0.632106 0.455453 0.634141 0.454689 0.636854 0.453736 0.639228 0.454689 0.642959 0.455453 0.644655 0.456216 0.648725 0.457360 0.650421 0.457360 0.652456 0.457360 0.654830
6 0.498569 0.680267 0.496471 0.680267 0.496089 0.682641 0.494563 0.684337 0.493036 0.681285 0.493418 0.678571 0.493418 0.675180 0.493609 0.671110 0.494181 0.667379 0.495707 0.665683 0.497615 0.665683 0.498760 0.666701
6 0.512305 0.700617 0.512305 0.704348 0.510016 0.706044 0.507345 0.706722 0.505056 0.700278 0.505246 0.695530 0.504483 0.685355 0.505628 0.679928 0.509253 0.672466 0.513832 0.660256 0.515167 0.663987 0.517838 0.664326 0.519555 0.661952 0.522608 0.664666 0.525469 0.662631 0.528903 0.663987 0.529285 0.671110 0.530430 0.676876 0.533291 0.680606 0.535581 0.687729 0.535390 0.696208 0.534436 0.700956 0.531574 0.702991 0.528713 0.702313 0.526805 0.699939 0.523562 0.699600 0.519555 0.699600
8 0.502576 0.699261 0.501049 0.697565 0.501622 0.691799 0.502003 0.683320 0.501049 0.680606 0.501049 0.674841 0.500095 0.665344 0.500668 0.659239 0.500477 0.653134 0.502385 0.647029 0.504483 0.638211 0.506964 0.636176 0.510970 0.636854 0.518029 0.637193 0.522226 0.638550 0.524325 0.640924 0.526232 0.646011 0.526805 0.653812 0.526042 0.660596 0.524897 0.662631 0.518983 0.662291 0.514976 0.661952 0.511733 0.662631 0.509444 0.669075 0.506773 0.678232 0.504293 0.687729
