8 0.553435 0.803110 0.553680 0.806167 0.553926 0.824511 0.546556 0.839361 0.541396 0.836740 0.538940 0.820580 0.536729 0.797869 0.537220 0.775594 0.537711 0.747642 0.538203 0.726240 0.539677 0.689990 0.545819 0.651992 0.549504 0.621855 0.560068 0.577306 0.570141 0.555031 0.587338 0.553284 0.627874 0.558526 0.646791 0.565950 0.658584 0.613994 0.667183 0.669462 0.670131 0.719689 0.668165 0.798305 0.664972 0.813155 0.658584 0.814029 0.657847 0.824074 0.655390 0.838487 0.648020 0.847659 0.641632 0.841108 0.639667 0.824948 0.638193 0.813592 0.638193 0.821454 0.634508 0.824074 0.630331 0.821890 0.624681 0.808351 0.611414 0.807914 0.606009 0.812282 0.603552 0.821890 0.596182 0.822764 0.590532 0.817086 0.587092 0.808788 0.577019 0.806604 0.570386 0.806604 0.570141 0.813155 0.563016 0.815776 0.559331 0.809224
6 0.515579 0.680398 0.524272 0.680672 0.533504 0.681766 0.535351 0.686416 0.536351 0.691613 0.536812 0.694349 0.537197 0.696947 0.535658 0.699546 0.534658 0.705564 0.534197 0.712539 0.533735 0.714591 0.530273 0.715001 0.526811 0.715411 0.523349 0.714317 0.522426 0.713086 0.522349 0.705974 0.521964 0.702828 0.520041 0.696947 0.517810 0.693255 0.516579 0.688331 0.515810 0.683544
6 0.501901 0.729200 0.512546 0.729200 0.513686 0.733256 0.515207 0.735452 0.517583 0.735114 0.518913 0.732073 0.520149 0.733087 0.521290 0.729707 0.521480 0.724132 0.522620 0.715345 0.522430 0.706559 0.520909 0.700645 0.517583 0.696252 0.516062 0.688311 0.514637 0.682397 0.512831 0.678342 0.505798 0.676990 0.499715 0.677159 0.492682 0.677497 0.493537 0.681890 0.494963 0.685270 0.496293 0.692028 0.497624 0.693042 0.497814 0.689325 0.500475 0.689663 0.502186 0.693042 0.501996 0.696252 0.499905 0.698280 0.500570 0.701659 0.500380 0.709601 0.500000 0.718556 0.500855 0.724807 0.501236 0.731059
6 0.476664 0.673053 0.489372 0.674308 0.492980 0.678910 0.494470 0.686022 0.495725 0.692297 0.496823 0.693273 0.498000 0.690345 0.500902 0.691181 0.501843 0.694110 0.501137 0.696620 0.499098 0.697317 0.499490 0.701222 0.500510 0.707776 0.500745 0.712377 0.500510 0.721581 0.500196 0.731203 0.499647 0.736223 0.498470 0.737478 0.496666 0.737338 0.496039 0.738593 0.494941 0.741522 0.489607 0.741382 0.487646 0.740685 0.487881 0.735247 0.486312 0.732597 0.486312 0.728414 0.486077 0.714608 0.484901 0.703453 0.482234 0.695644 0.479802 0.684070
6 0.455749 0.667092 0.456747 0.667447 0.474208 0.669044 0.476303 0.672059 0.479596 0.684476 0.481791 0.696715 0.483786 0.703810 0.485283 0.713034 0.485483 0.724032 0.485183 0.736093 0.485682 0.743721 0.483387 0.746381 0.480294 0.743366 0.479197 0.739109 0.478299 0.747623 0.477201 0.749752 0.473509 0.749574 0.471514 0.742834 0.468121 0.740705 0.465328 0.740351 0.465926 0.732368 0.465427 0.723145 0.465627 0.713389 0.463931 0.703810 0.462534 0.698843 0.465827 0.696892 0.467423 0.691926 0.465427 0.686249 0.461835 0.685540 0.460538 0.688555 0.459341 0.682347 0.458044 0.675607 0.455649 0.673655 0.455051 0.671882
6 0.435771 0.654353 0.439491 0.655326 0.446057 0.658049 0.454263 0.665441 0.454591 0.667970 0.453716 0.671666 0.455467 0.674778 0.457217 0.678085 0.458202 0.680808 0.459077 0.684893 0.459624 0.689951 0.462579 0.686255 0.465752 0.686450 0.467393 0.690729 0.466846 0.695981 0.463345 0.699288 0.463673 0.704151 0.465314 0.712905 0.465752 0.730995 0.465424 0.744417 0.464439 0.755700 0.462798 0.760368 0.460172 0.758812 0.459406 0.754338 0.459515 0.741499 0.457983 0.734691 0.458530 0.726716 0.456451 0.720296 0.454372 0.713294 0.450762 0.711737 0.449558 0.704735 0.449339 0.698899 0.455576 0.697732 0.457217 0.695009 0.457327 0.690146 0.457327 0.685088 0.457108 0.680225 0.454263 0.675556 0.449558 0.673806 0.446166 0.674778 0.445400 0.683532 0.445619 0.689951 0.443321 0.689951 0.442555 0.682948 0.441133 0.674000 0.437631 0.662912 0.434677 0.654548
6 0.430463 0.818903 0.435450 0.814963 0.438497 0.827275 0.445977 0.829245 0.452903 0.825305 0.456782 0.803142 0.456505 0.780487 0.455674 0.761279 0.457890 0.740100 0.456782 0.723355 0.453180 0.717445 0.449856 0.712520 0.447086 0.701192 0.450133 0.693312 0.456782 0.687401 0.454566 0.675581 0.449579 0.674104 0.444592 0.682969 0.443207 0.690357 0.441545 0.681984 0.434619 0.656373 0.428247 0.637658 0.416334 0.619435 0.408023 0.611554 0.397773 0.614509 0.358710 0.610569 0.331283 0.611554 0.317985 0.613032 0.298593 0.617465 0.295268 0.632732 0.284741 0.654403 0.275598 0.672626 0.271720 0.683954 0.264517 0.725818 0.258145 0.765219 0.260361 0.793784 0.261469 0.825305 0.265625 0.847468 0.275598 0.858304 0.286680 0.853379 0.293052 0.834663 0.297484 0.819395 0.329067 0.820380 0.393617 0.820380 0.404145 0.822350 0.405807 0.851901 0.414949 0.872587 0.424368 0.869139 0.426585 0.849439 0.428524 0.827768
6 0.001065 0.997159 0.122396 0.999263 0.120028 0.983481 0.130090 0.958228 0.134825 0.925610 0.140743 0.890888 0.136009 0.835122 0.125947 0.782513 0.105232 0.748843 0.079190 0.732008 0.078007 0.712016 0.070904 0.684659 0.054924 0.677294 0.034209 0.647832 0.023556 0.620476 0.000000 0.585113
6 0.140516 0.848679 0.147800 0.848032 0.174024 0.840909 0.179851 0.862277 0.198427 0.868104 0.212267 0.844794 0.214452 0.826664 0.257066 0.809182 0.259251 0.819542 0.264350 0.761267 0.263986 0.717236 0.265443 0.704934 0.270178 0.697164 0.273456 0.683566 0.262893 0.667379 0.257430 0.677091 0.241769 0.642774 0.211903 0.624644 0.200612 0.612341 0.179487 0.608456 0.163097 0.609751 0.156541 0.614931 0.140516 0.611694 0.115749 0.609104 0.097538 0.611694 0.082241 0.617521 0.075321 0.627234 0.062209 0.630471 0.043998 0.633061 0.034164 0.638241 0.043998 0.652486 0.043998 0.671911 0.051282 0.683566 0.063666 0.683566 0.074592 0.688746 0.077506 0.708819 0.077870 0.724359 0.096081 0.736014 0.110286 0.748316 0.124490 0.770332 0.131046 0.791052 0.135052 0.824722 0.136874 0.851917
6 0.296422 0.622786 0.293252 0.622786 0.282986 0.622517 0.272418 0.623859 0.268493 0.628422 0.269701 0.635937 0.263511 0.641036 0.259435 0.648551 0.255057 0.657944 0.255057 0.666264 0.257171 0.675389 0.258982 0.678073 0.265021 0.672169 0.272418 0.675926 0.279212 0.667874 0.284194 0.659554 0.289176 0.644525 0.293101 0.636205 0.294912 0.632448 0.298083 0.623859
6 0.684902 0.705358 0.689781 0.703341 0.694206 0.699911 0.702263 0.694465 0.708957 0.691237 0.716900 0.690834 0.718262 0.691439 0.728474 0.693456 0.735169 0.693658 0.735169 0.696078 0.736077 0.699104 0.738120 0.703341 0.738914 0.706972 0.737098 0.710199 0.735169 0.713830 0.734148 0.717865 0.733921 0.722706 0.732333 0.726136 0.728021 0.726539 0.727113 0.728960 0.724276 0.730170 0.720872 0.730574 0.718489 0.728355 0.716560 0.725732 0.712702 0.726337 0.700901 0.724522 0.700334 0.724522 0.692391 0.724522 0.688306 0.724320 0.684561 0.723110 0.683199 0.717058 0.682632 0.711006 0.683767 0.706972
6 0.747087 0.706891 0.746469 0.707028 0.741368 0.707853 0.737814 0.709913 0.734800 0.714035 0.733795 0.718980 0.734027 0.724613 0.736268 0.727498 0.738741 0.727223 0.740287 0.729833 0.744537 0.730932 0.747087 0.729558 0.748787 0.726673 0.749714 0.724338 0.754814 0.724750 0.760146 0.725574 0.770424 0.725849 0.771660 0.727635 0.774519 0.733267 0.779697 0.733130 0.782170 0.729009 0.784874 0.728322 0.786729 0.724750 0.786188 0.715408 0.783020 0.706341 0.782401 0.699885 0.778847 0.698236 0.770269 0.696862 0.760764 0.696313 0.755587 0.696862 0.751260 0.697961 0.748864 0.703869
8 0.783170 0.706697 0.783872 0.707008 0.785275 0.703267 0.784485 0.695006 0.784661 0.683782 0.784661 0.670065 0.783959 0.663362 0.773788 0.660244 0.755024 0.659465 0.737663 0.658686 0.690139 0.655568 0.672778 0.654321 0.667605 0.656503 0.665851 0.659621 0.667693 0.679574 0.670411 0.717296 0.677864 0.717296 0.681897 0.714491 0.681809 0.709502 0.686895 0.703267 0.696803 0.697032 0.708553 0.689862 0.721705 0.691420 0.735559 0.693447 0.737751 0.696876 0.739767 0.704203 0.741872 0.706541 0.747922 0.704358 0.750026 0.698435 0.754849 0.694382 0.762740 0.694070 0.772035 0.695629 0.777646 0.697500 0.782907 0.698747
4 0.961769 0.748494 0.966162 0.746821 0.966162 0.738733 0.966162 0.730366 0.965377 0.719489 0.965534 0.709170 0.967260 0.704987 0.969299 0.719768 0.970397 0.725625 0.972280 0.721999 0.971338 0.711680 0.970868 0.709170 0.970397 0.704987 0.967260 0.691879 0.963965 0.685185 0.961612 0.678771 0.960985 0.672356 0.959259 0.668173 0.956278 0.667057 0.952043 0.674029 0.951415 0.679607 0.950944 0.685743 0.947179 0.692158 0.944512 0.701640 0.943571 0.715027 0.942002 0.729808 0.944512 0.733434 0.946081 0.727298 0.946552 0.711680 0.947964 0.708054 0.950003 0.713632 0.949533 0.726461 0.951415 0.738175 0.954553 0.751283 0.955494 0.762996 0.955808 0.776104 0.957847 0.781961 0.960828 0.780288 0.961926 0.774152 0.960985 0.764949 0.961612 0.755466
6 0.888151 0.718069 0.879957 0.722251 0.876144 0.726866 0.876468 0.734510 0.876793 0.737683 0.878010 0.741145 0.883689 0.740279 0.888637 0.742731 0.890666 0.740712 0.891233 0.737972 0.899589 0.741000 0.905431 0.740423 0.910947 0.741145 0.920439 0.742154 0.923603 0.743452 0.928552 0.747202 0.932040 0.746625 0.934393 0.743164 0.940558 0.740856 0.941451 0.737827 0.939585 0.727155 0.938693 0.724126 0.937151 0.718645 0.936908 0.716338 0.934717 0.708838 0.930742 0.706386 0.923765 0.703358 0.917356 0.703358 0.916220 0.703502 0.903402 0.703502 0.899914 0.707540 0.894316 0.711434 0.893667 0.712155
