6 0.253370 0.996187 0.262561 0.972222 0.262561 0.935185 0.265625 0.892702 0.262561 0.853486 0.253370 0.832789 0.236213 0.816449 0.230086 0.802288 0.226409 0.781590 0.214154 0.775054 0.205576 0.775054 0.199449 0.767429 0.191483 0.752179 0.180453 0.731481 0.164522 0.706427 0.155944 0.693355 0.141238 0.679194 0.108762 0.656318 0.087929 0.655229 0.070159 0.648693 0.051777 0.643246 0.027267 0.639978 0.013787 0.639978 0.001532 0.651961 0.000308 1.000000 0.255821 1.000000
6 0.374070 0.924272 0.352865 0.930886 0.352121 0.940146 0.350632 0.949405 0.346168 0.963955 0.343564 0.965278 0.334635 0.968585 0.323847 0.960648 0.317522 0.946759 0.315290 0.938823 0.303757 0.936839 0.292225 0.934193 0.268415 0.935516 0.261347 0.934854 0.267299 0.895833 0.265439 0.891865 0.261719 0.879960 0.257999 0.861442 0.255394 0.843585 0.243118 0.828373 0.233817 0.813823 0.224516 0.807209 0.233445 0.791997 0.247954 0.775463 0.267671 0.764881 0.279204 0.762235 0.287760 0.759590 0.299665 0.755622 0.314546 0.758929 0.330171 0.758929 0.346912 0.764220 0.359561 0.773479 0.368862 0.794643 0.372210 0.804563 0.373698 0.816468 0.377046 0.807209 0.380766 0.805225 0.385231 0.809193 0.385603 0.815146 0.382999 0.827050 0.380766 0.829696 0.380766 0.841601 0.383371 0.855489 0.382254 0.899802 0.380394 0.916997 0.380022 0.939484 0.379650 0.943452 0.371466 0.942130
4 0.360026 0.813465 0.362506 0.811260 0.362351 0.805748 0.364211 0.799410 0.364986 0.793623 0.365141 0.790316 0.364676 0.785080 0.364676 0.781774 0.364056 0.776262 0.366071 0.772680 0.367156 0.769924 0.368242 0.775987 0.369017 0.784805 0.369482 0.790316 0.370722 0.800237 0.370412 0.809055 0.369947 0.814567 0.367312 0.822283 0.363281 0.825590 0.360646 0.823385 0.359406 0.820905
6 0.625260 0.991204 0.625781 0.973611 0.623177 0.942130 0.621094 0.918056 0.619531 0.868981 0.616927 0.826389 0.613281 0.796759 0.608073 0.777315 0.597656 0.710648 0.587240 0.675463 0.583073 0.655093 0.582552 0.630093 0.577344 0.620833 0.570573 0.614352 0.557552 0.618056 0.541406 0.618056 0.524740 0.618056 0.519531 0.600463 0.508073 0.600463 0.487240 0.594907 0.469010 0.593981 0.449740 0.593056 0.441406 0.601389 0.437760 0.611574 0.432031 0.623611 0.432031 0.646759 0.424740 0.660648 0.416927 0.679167 0.409115 0.697685 0.396615 0.730093 0.395052 0.760648 0.391927 0.793981 0.387240 0.817130 0.382552 0.855093 0.380469 0.908796 0.379948 0.960648 0.382552 0.994907 0.394583 1.000000 0.620052 1.000000
6 0.619160 0.867876 0.620563 0.867253 0.621265 0.873488 0.622668 0.880035 0.626876 0.881905 0.629156 0.881594 0.630734 0.877853 0.631085 0.871306 0.634417 0.870059 0.639678 0.871306 0.652304 0.871306 0.652480 0.876294 0.654058 0.880347 0.659494 0.881282 0.661248 0.877541 0.661248 0.874111 0.665632 0.873488 0.670016 0.873176 0.671244 0.874735 0.672471 0.882217 0.676154 0.886894 0.679661 0.884711 0.681766 0.879723 0.681766 0.872553 0.682818 0.864447 0.685273 0.856965 0.687202 0.852600 0.685273 0.827659 0.679135 0.821424 0.666509 0.798666 0.655636 0.796795 0.650200 0.797107 0.646342 0.795548 0.645640 0.792430 0.643887 0.791183 0.641256 0.790560 0.638801 0.790872 0.636872 0.793989 0.623544 0.797419 0.616179 0.812383
1 0.637749 0.747225 0.647394 0.730702 0.638275 0.711997 0.627578 0.729455
4 0.696645 0.785853 0.696524 0.781977 0.696887 0.777670 0.699310 0.775517 0.702701 0.777455 0.703186 0.781546 0.702338 0.785853 0.704760 0.791882 0.706819 0.797696 0.707425 0.803941 0.707304 0.811908 0.707667 0.820090 0.706335 0.828273 0.704760 0.831934 0.704881 0.838824 0.704881 0.846146 0.704639 0.853036 0.704397 0.859927 0.705002 0.864879 0.703064 0.867463 0.700884 0.867033 0.698583 0.865956 0.699188 0.858850 0.700157 0.848945 0.699552 0.841408 0.699188 0.834087 0.698098 0.838394 0.697008 0.843562 0.697614 0.849591 0.697614 0.853898 0.696766 0.860788 0.696766 0.865095 0.694707 0.867679 0.693496 0.866171 0.692406 0.859927 0.692648 0.853252 0.691679 0.839470 0.692406 0.836025 0.692406 0.831718 0.691437 0.829134 0.689499 0.830426 0.687561 0.821167 0.688408 0.817291 0.689256 0.810616 0.689499 0.805017 0.689377 0.798988 0.689741 0.794035 0.692163 0.789298 0.693859 0.787360
4 0.715782 0.832149 0.715056 0.833010 0.713360 0.833656 0.712270 0.832364 0.711422 0.825258 0.711301 0.820736 0.711301 0.814061 0.712149 0.809109 0.712997 0.803510 0.714450 0.799203 0.715540 0.797481 0.715782 0.793389 0.716025 0.790590 0.717357 0.787575 0.719901 0.785853 0.722687 0.787360 0.723413 0.790159 0.723898 0.797050 0.725594 0.800065 0.727531 0.806309 0.728743 0.812339 0.727531 0.817506 0.726199 0.815999 0.726926 0.820952 0.727289 0.828273 0.726805 0.837748 0.725472 0.843131 0.725715 0.851098 0.726078 0.858850 0.726078 0.864664 0.725109 0.868971 0.722081 0.869401 0.717963 0.868325 0.717115 0.862941 0.717963 0.858850 0.717842 0.854543 0.717599 0.847222 0.716388 0.839040
6 0.783437 0.823683 0.777613 0.819581 0.773438 0.820167 0.770581 0.819777 0.767724 0.819777 0.764537 0.818995 0.759702 0.818995 0.756186 0.819777 0.752231 0.822121 0.744539 0.827200 0.739375 0.829153 0.734210 0.831106 0.730584 0.834037 0.727398 0.837943 0.726848 0.844194 0.726958 0.849469 0.729705 0.854352 0.734540 0.853180 0.737067 0.852789 0.739375 0.854743 0.740913 0.855134 0.743330 0.855915 0.746627 0.856110 0.748934 0.853180 0.779371 0.854938 0.779151 0.848883 0.778602 0.844390 0.779261 0.839897 0.779920 0.836967 0.780470 0.836771 0.782118 0.835990
4 0.801450 0.829701 0.800673 0.833254 0.800007 0.835623 0.798008 0.837005 0.796120 0.835623 0.795009 0.833649 0.795898 0.830096 0.796231 0.826937 0.795120 0.823186 0.794232 0.820027 0.792566 0.817460 0.790234 0.818053 0.788346 0.819632 0.787458 0.822988 0.786125 0.826739 0.786236 0.832662 0.786236 0.834439 0.785237 0.838387 0.784459 0.842336 0.784904 0.853392 0.784793 0.859315 0.785459 0.860894 0.786347 0.859117 0.787014 0.867606 0.787236 0.878267 0.787014 0.885572 0.788679 0.889126 0.791567 0.888139 0.795565 0.888731 0.796120 0.883598 0.796231 0.872345 0.798008 0.862276 0.797230 0.852602 0.796786 0.845890 0.797119 0.842336 0.799785 0.841941 0.803116 0.837400 0.803671 0.835031 0.805337 0.839572 0.806226 0.848654 0.807558 0.858722 0.808336 0.869976 0.809002 0.881821 0.810112 0.888139 0.813999 0.889916 0.817220 0.888928 0.817997 0.882808 0.817997 0.873727 0.819330 0.859512 0.821218 0.840362 0.821884 0.832070 0.823883 0.835623 0.825882 0.835426 0.826326 0.830688 0.826326 0.824173 0.825660 0.811340 0.824549 0.804825 0.823772 0.797520 0.822994 0.791203 0.821884 0.786267 0.818441 0.782911 0.817664 0.777778 0.817997 0.773237 0.817331 0.766525 0.813999 0.762773 0.811556 0.764550 0.810112 0.769486 0.809668 0.776396 0.809446 0.780739 0.806670 0.782713 0.802783 0.787057 0.799896 0.798507 0.799785 0.810748 0.801117 0.822199
4 0.854690 0.762009 0.854235 0.755135 0.853325 0.747453 0.850823 0.742196 0.844682 0.741792 0.841726 0.747048 0.841271 0.760391 0.844000 0.761200 0.840589 0.764435 0.838087 0.768478 0.833311 0.778991 0.830809 0.793951 0.830809 0.800825 0.833083 0.810933 0.834903 0.814168 0.837404 0.819829 0.838769 0.829128 0.840134 0.850558 0.841271 0.871988 0.841043 0.886948 0.842408 0.905952 0.843773 0.915656 0.845592 0.924956 0.851051 0.924956 0.854007 0.924147 0.853098 0.910804 0.852415 0.903526 0.852415 0.888970 0.851278 0.874414 0.853098 0.847728 0.857192 0.873605 0.858556 0.901908 0.861058 0.905952 0.861740 0.908782 0.861285 0.912421 0.861285 0.917678 0.864242 0.923338 0.868109 0.924551 0.870838 0.922125 0.870610 0.916464 0.869473 0.912825 0.870610 0.905143 0.868791 0.895439 0.866744 0.877244 0.866289 0.846515 0.866289 0.838428 0.867881 0.842067 0.871065 0.841663 0.871975 0.832363 0.871748 0.821850 0.871065 0.812551 0.869473 0.795973 0.867654 0.783438 0.866062 0.773330 0.859921 0.764839
4 0.865379 0.771308 0.866744 0.766861 0.870610 0.764839 0.872657 0.765243 0.875387 0.756348 0.876069 0.750687 0.878116 0.744218 0.881527 0.742601 0.883802 0.741792 0.886986 0.739770 0.891307 0.738962 0.896311 0.741388 0.899040 0.748666 0.899268 0.757157 0.899268 0.764435 0.903362 0.771308 0.904726 0.779395 0.906091 0.786269 0.905636 0.798399 0.905636 0.811742 0.904271 0.822255 0.903134 0.835598 0.904044 0.847323 0.905181 0.866731 0.905181 0.874009 0.907228 0.884522 0.908365 0.895035 0.909502 0.906760 0.910640 0.922530 0.911094 0.933447 0.912232 0.940320 0.907455 0.940725 0.901315 0.940320 0.897448 0.939916 0.899040 0.936277 0.900632 0.930616 0.901087 0.923743 0.901087 0.918486 0.899495 0.903526 0.897676 0.891800 0.895629 0.890587 0.894264 0.889374 0.891762 0.873201 0.891762 0.883713 0.891762 0.894226 0.891080 0.905547 0.889943 0.921317 0.890398 0.926977 0.892672 0.934660 0.892672 0.937086 0.886759 0.936681 0.879481 0.936277 0.872657 0.937086 0.876296 0.928999 0.879935 0.927382 0.881527 0.921721 0.881982 0.913230 0.881982 0.905547 0.881300 0.895843 0.880618 0.888565 0.879481 0.886948 0.879481 0.877648 0.878116 0.865923 0.876296 0.861475 0.874704 0.872796 0.873567 0.882905 0.873340 0.891800 0.873567 0.903930 0.873340 0.909995 0.871975 0.908782 0.869701 0.896652 0.869018 0.890991 0.868109 0.878053 0.867426 0.866327 0.867426 0.853388 0.867199 0.841663 0.869246 0.838832 0.871293 0.838428 0.871293 0.824681 0.869928 0.807699
4 0.951900 0.862957 0.950027 0.875666 0.951559 0.905320 0.950708 0.908043 0.939474 0.908648 0.939134 0.906530 0.939815 0.904109 0.942538 0.903201 0.943730 0.902294 0.943900 0.899570 0.941347 0.895939 0.941687 0.891703 0.941347 0.884743 0.941687 0.879902 0.941176 0.872337 0.941857 0.865075 0.942708 0.851458 0.942538 0.842683 0.942538 0.837842 0.942198 0.827554 0.941006 0.824528 0.939985 0.820594 0.939134 0.814845 0.939645 0.810306 0.940496 0.796387 0.945602 0.790033 0.945091 0.786704 0.944070 0.783073 0.944070 0.778837 0.944921 0.772785 0.946453 0.771272 0.950027 0.769759 0.954112 0.772180 0.955644 0.778232 0.955814 0.782468 0.955814 0.786402 0.957857 0.790940 0.961772 0.796690 0.964665 0.801229 0.965856 0.810911 0.966537 0.828764 0.966027 0.832698 0.962963 0.833000 0.961942 0.837842 0.961261 0.846920 0.962793 0.870824 0.963474 0.894729 0.963133 0.909253 0.959048 0.909858 0.955814 0.907438 0.954963 0.901991 0.954453 0.894426 0.954453 0.889282 0.954112 0.879902 0.954112 0.869311
11 0.999740 0.799228 0.997309 0.798611 0.994531 0.799537 0.991059 0.803858 0.988976 0.810957 0.988628 0.820525 0.989323 0.832253 0.989323 0.841204 0.990712 0.851698 0.991233 0.860648 0.991580 0.868981 0.994705 0.877932 0.998698 0.881636 0.999740 0.879784
