5 0.051193 0.841362 0.050534 0.844878 0.048556 0.851324 0.044930 0.851910 0.041304 0.848394 0.039656 0.843706 0.038337 0.833158 0.040315 0.824953 0.040974 0.820265 0.044600 0.809130 0.048227 0.803856 0.050204 0.799754 0.048556 0.790377 0.047897 0.785689 0.053830 0.791549 0.054819 0.786861 0.056468 0.781587 0.063060 0.776313 0.065368 0.777485 0.063060 0.785103 0.061083 0.789205 0.065038 0.790377 0.067016 0.790377 0.066686 0.796238 0.064049 0.796238 0.069324 0.801512 0.074268 0.800926 0.075916 0.809130 0.076576 0.814991 0.075587 0.826125 0.073279 0.834330 0.071631 0.839604 0.068335 0.846050 0.065368 0.849566 0.057127 0.835502 0.055149 0.833744
6 0.266515 0.836736 0.264957 0.843067 0.263844 0.846629 0.262064 0.848607 0.258502 0.849003 0.256054 0.848211 0.254051 0.843067 0.254051 0.838715 0.252938 0.838319 0.246483 0.839506 0.241809 0.839110 0.235800 0.839110 0.229122 0.838715 0.226229 0.837528 0.223335 0.837132 0.221777 0.840693 0.221554 0.845442 0.218884 0.845837 0.215767 0.842672 0.214877 0.833966 0.215767 0.827240 0.216435 0.820909 0.217993 0.812203 0.219106 0.807455 0.222890 0.801915 0.226229 0.796375 0.230458 0.788066 0.235354 0.781735 0.238248 0.775404 0.241809 0.769468 0.244480 0.767094 0.246261 0.763533 0.248932 0.759972 0.252048 0.759180 0.254719 0.761950 0.258948 0.761950 0.265625 0.762741 0.268519 0.762346 0.272970 0.763137 0.279202 0.766698 0.284767 0.774612 0.287660 0.779756 0.290331 0.786879 0.291889 0.794001 0.291889 0.797958 0.291444 0.804685 0.290999 0.810620 0.290776 0.815764 0.290776 0.823283 0.289663 0.830801 0.288328 0.837132 0.286993 0.842672 0.284989 0.843859 0.281651 0.843859 0.280315 0.843463 0.278089 0.836736 0.277422 0.834362
6 0.375323 0.813577 0.375323 0.816671 0.377063 0.820649 0.378431 0.817334 0.378431 0.814682 0.380668 0.814682 0.392353 0.815787 0.392477 0.817334 0.393099 0.819986 0.394590 0.819765 0.395833 0.816671 0.395833 0.815566 0.398568 0.815124 0.399687 0.817997 0.401427 0.818881 0.402173 0.815566 0.402670 0.812472 0.403664 0.807832 0.403664 0.804959 0.402173 0.801423 0.400930 0.799655 0.400060 0.796782 0.399190 0.793468 0.397325 0.789932 0.395212 0.789048 0.393720 0.789048 0.390115 0.788606 0.385640 0.788606 0.380793 0.788606 0.380047 0.789269 0.378058 0.794352 0.377188 0.797224 0.374950 0.800539 0.374577 0.804517
6 0.442070 0.790497 0.440916 0.791728 0.438685 0.793917 0.437223 0.795695 0.435761 0.797336 0.433299 0.799524 0.432299 0.800755 0.431222 0.803080 0.429991 0.806362 0.429530 0.808961 0.429222 0.811833 0.429222 0.814705 0.430299 0.816483 0.431761 0.816483 0.434761 0.816757 0.437608 0.817578 0.441839 0.818398 0.447378 0.818261 0.449686 0.818672 0.451917 0.818672 0.453148 0.817988 0.453764 0.817030 0.456148 0.817030 0.458379 0.815800 0.458610 0.812517 0.459072 0.810602 0.459149 0.806910 0.459226 0.802943 0.459610 0.799661 0.459072 0.796515 0.458764 0.795284 0.457918 0.792959 0.456072 0.791318 0.455918 0.789540 0.454610 0.789130 0.452071 0.789266 0.450455 0.789130 0.447917 0.789130 0.445763 0.789130 0.443532 0.789130
6 0.557648 0.947135 0.562322 0.950696 0.568332 0.947531 0.571670 0.943178 0.573006 0.934869 0.572338 0.926559 0.571670 0.923393 0.573228 0.920624 0.574786 0.915875 0.574786 0.909940 0.574119 0.904796 0.574119 0.898465 0.575009 0.899256 0.576790 0.898069 0.576122 0.888177 0.576122 0.882241 0.576122 0.873140 0.576122 0.864039 0.576344 0.855730 0.575677 0.847420 0.574786 0.841089 0.573673 0.832779 0.572115 0.828427 0.575231 0.826844 0.580128 0.824470 0.581019 0.820513 0.578348 0.811808 0.576344 0.809038 0.569890 0.807059 0.567886 0.808246 0.567441 0.812203 0.566328 0.808642 0.565215 0.801915 0.562322 0.790836 0.561877 0.782130 0.560541 0.774217 0.558316 0.767490 0.554754 0.765511 0.547187 0.763137 0.524261 0.761554 0.520032 0.761159 0.511351 0.762346 0.499110 0.762741 0.489094 0.765511 0.483974 0.765907 0.479523 0.774612 0.475739 0.788462 0.470620 0.803498 0.466168 0.812599 0.461494 0.818930 0.459268 0.829614 0.456375 0.862061 0.455262 0.886990 0.456152 0.911523 0.456375 0.928142 0.457488 0.939617 0.461271 0.940804 0.466391 0.942387 0.470842 0.940408 0.472623 0.934077 0.472623 0.929329 0.473513 0.925372 0.475516 0.921811 0.488649 0.920228 0.529380 0.921019 0.555867 0.923789 0.556757 0.932099
6 0.566771 0.809613 0.568804 0.808609 0.571855 0.808408 0.574792 0.809814 0.576487 0.810215 0.577278 0.809613 0.577165 0.807805 0.577052 0.806801 0.581006 0.806801 0.584847 0.804993 0.586090 0.802985 0.585186 0.797361 0.582927 0.793545 0.579989 0.791536 0.574792 0.789728 0.572758 0.792540 0.573549 0.798566 0.573210 0.801177 0.571516 0.797160 0.570047 0.792741 0.568804 0.786515 0.568804 0.779485 0.567900 0.774865 0.566319 0.769643 0.563381 0.764622 0.560783 0.761007 0.560444 0.756588 0.558523 0.755182 0.557280 0.755182 0.555473 0.757391 0.554004 0.757592 0.552761 0.758998 0.550276 0.760002 0.547564 0.761810 0.551631 0.764220 0.555360 0.764823 0.557732 0.767635 0.560331 0.768840 0.560783 0.769844 0.562929 0.776673 0.562703 0.784305 0.562590 0.789929 0.563042 0.796156 0.563833 0.802784 0.564624 0.808408
1 0.647020 0.773676 0.642311 0.764299 0.647774 0.755760 0.653048 0.765304 0.648150 0.773676
6 0.655299 0.851662 0.654823 0.855467 0.654229 0.858849 0.651375 0.858426 0.649472 0.855678 0.648759 0.851873 0.648283 0.854833 0.647094 0.856947 0.644359 0.856524 0.643645 0.852930 0.642932 0.850182 0.621409 0.847856 0.621409 0.851450 0.620576 0.854198 0.618555 0.855890 0.616058 0.854198 0.614988 0.848279 0.614512 0.844897 0.614274 0.849970 0.612134 0.850816 0.611896 0.847645 0.612253 0.843206 0.612253 0.841092 0.612134 0.837075 0.611420 0.831790 0.611896 0.828619 0.611896 0.825025 0.611777 0.819740 0.612015 0.815935 0.612609 0.812130 0.613204 0.809170 0.613442 0.807056 0.612728 0.807056 0.609874 0.805365 0.607972 0.803674 0.609756 0.801560 0.610588 0.801137 0.611658 0.800292 0.614036 0.800715 0.615701 0.795641 0.617128 0.791413 0.618198 0.785705 0.619506 0.783168 0.621052 0.780843 0.621052 0.778940 0.620101 0.774924 0.621290 0.773444 0.622717 0.772599 0.628187 0.772387 0.640078 0.773656 0.648283 0.775135 0.650542 0.777249 0.650661 0.781477 0.650542 0.784225 0.652088 0.786974 0.653158 0.792681 0.654229 0.798812 0.654585 0.803674 0.656012 0.812764 0.656250 0.821854 0.656250 0.833270 0.656845 0.841726 0.655893 0.848491
6 0.614750 0.791251 0.611946 0.791251 0.610610 0.793981 0.609943 0.797068 0.608607 0.800392 0.607873 0.803597 0.607205 0.808820 0.605669 0.813568 0.605602 0.821522 0.605335 0.827339 0.605736 0.831849 0.605536 0.838616 0.606671 0.841940 0.608874 0.842296 0.610677 0.840634 0.610944 0.838735 0.610544 0.835767 0.610343 0.832087 0.610210 0.828170 0.609876 0.824608 0.610544 0.820335 0.611879 0.814874 0.612146 0.811788 0.612480 0.809888 0.612413 0.808226 0.611745 0.807277 0.610477 0.805971 0.609475 0.804784 0.609342 0.802647 0.610143 0.801341 0.610811 0.800392 0.612547 0.799798 0.613949 0.799561 0.615084 0.796830 0.615485 0.793981 0.616086 0.792676 0.616353 0.790658 0.615552 0.790895
6 0.616687 0.789945 0.616353 0.785553 0.602597 0.785316 0.601729 0.788165 0.600995 0.791726 0.600260 0.796237 0.598925 0.800748 0.598458 0.806802 0.598458 0.813450 0.598791 0.819266 0.598591 0.825558 0.599192 0.831849 0.599659 0.835529 0.600995 0.836835 0.602931 0.835292 0.602931 0.831612 0.604601 0.830544 0.605268 0.828526 0.605202 0.825439 0.605268 0.821047 0.605602 0.818673 0.605736 0.815112 0.606404 0.810482 0.606871 0.804190 0.607405 0.801104 0.608206 0.798492 0.609609 0.795287 0.610477 0.793269 0.611679 0.791132 0.613014 0.790658 0.615885 0.790302
6 0.585844 0.833655 0.587443 0.834273 0.588695 0.834026 0.589460 0.830935 0.589599 0.826114 0.589668 0.820674 0.589877 0.815730 0.589738 0.812886 0.589320 0.807694 0.588834 0.804851 0.587373 0.800401 0.585774 0.796568 0.583549 0.794961 0.582923 0.796568 0.585635 0.800524 0.586122 0.803615 0.585496 0.805964 0.584314 0.807571 0.584801 0.811897 0.585426 0.817460 0.585218 0.824507 0.585565 0.831553
8 0.640552 0.772733 0.639728 0.762807 0.609338 0.759878 0.607874 0.761830 0.598080 0.770130 0.598537 0.776801 0.598903 0.783311 0.599086 0.789657 0.599361 0.792586 0.600917 0.792261 0.601558 0.787704 0.602656 0.784775 0.604304 0.784450 0.606775 0.784775 0.611993 0.784938 0.617851 0.787053 0.618583 0.784287 0.619590 0.780707 0.619590 0.777452 0.619682 0.774686 0.620963 0.772082 0.625357 0.770943 0.627920 0.771106 0.635426 0.771920
10 0.627096 0.741652 0.626822 0.732865 0.578583 0.731237 0.578766 0.740350
10 0.739509 0.737169 0.739807 0.746164 0.778497 0.747487 0.778348 0.738757
6 0.656288 0.840584 0.657273 0.841393 0.658486 0.841393 0.659396 0.838024 0.659548 0.836676 0.661671 0.836002 0.663338 0.835598 0.664021 0.835732 0.664551 0.839506 0.665537 0.842337 0.668115 0.842067 0.668949 0.840719 0.669252 0.838024 0.669100 0.834115 0.669934 0.832767 0.671375 0.832363 0.672057 0.830476 0.671678 0.826702 0.671602 0.824141 0.671375 0.818750 0.670086 0.816190 0.668115 0.813090 0.666826 0.809585 0.665537 0.805812 0.664400 0.804060 0.661671 0.801634 0.658486 0.801364 0.655302 0.802577 0.653559 0.801634 0.654544 0.806486 0.655302 0.813224 0.656288 0.823872 0.656288 0.830476 0.655985 0.836271
4 0.765470 0.826017 0.766017 0.823103 0.766654 0.820513 0.766654 0.817599 0.766836 0.814523 0.766290 0.811610 0.765015 0.809182 0.763649 0.807725 0.762921 0.806915 0.762739 0.804973 0.761919 0.801573 0.760917 0.800926 0.759643 0.801573 0.759005 0.807077 0.758823 0.809829 0.758186 0.813876 0.758186 0.816142 0.758368 0.820513 0.758459 0.822779 0.759096 0.827312 0.759734 0.833625 0.759916 0.837186 0.760462 0.841718 0.760735 0.843337 0.760189 0.844794 0.759096 0.847546 0.762101 0.850298 0.764013 0.849488 0.764742 0.848032 0.764833 0.843823 0.764013 0.838805 0.764560 0.835243 0.764560 0.831035
4 0.755181 0.821160 0.755090 0.826502 0.754817 0.831035 0.755272 0.837024 0.755909 0.840909 0.756001 0.844470 0.753997 0.844794 0.753178 0.843013 0.753451 0.839452 0.753542 0.835891 0.753542 0.830711 0.752814 0.826178 0.752176 0.829740 0.751812 0.833948 0.751812 0.837510 0.751903 0.839776 0.751175 0.842690 0.750628 0.845280 0.749991 0.844794 0.748898 0.842366 0.748898 0.838481 0.749900 0.832815 0.749262 0.826340 0.749080 0.824236 0.748534 0.823103 0.748261 0.819542 0.748170 0.814200 0.747806 0.809505 0.748170 0.806268 0.749445 0.803030 0.750719 0.801250 0.751539 0.798822 0.751903 0.796555 0.753360 0.795584 0.754453 0.797203 0.754817 0.799955 0.754453 0.803192 0.756456 0.808372 0.756911 0.809505 0.757275 0.813228 0.756911 0.817437
11 0.958997 0.860595 0.953187 0.810056 0.950697 0.809318 0.940530 0.808580 0.932644 0.807843 0.928494 0.807105 0.921439 0.808212 0.918327 0.815589 0.918327 0.823705 0.917912 0.831083 0.917912 0.841043 0.917912 0.851741 0.918534 0.857275 0.921024 0.863915 0.928287 0.866497 0.930984 0.862070 0.941360 0.863546 0.948830 0.863546 0.955885 0.866128
4 0.864794 0.840215 0.865639 0.834710 0.865639 0.826702 0.865217 0.822698 0.864372 0.820946 0.861698 0.819194 0.860994 0.814439 0.858601 0.813939 0.857193 0.816191 0.857334 0.817693 0.854941 0.816692 0.852829 0.815440 0.847903 0.817192 0.846636 0.822197 0.845932 0.819444 0.844524 0.813438 0.842413 0.812688 0.841146 0.815691 0.841146 0.817943 0.839457 0.816942 0.837064 0.813438 0.834671 0.815440 0.833826 0.818944 0.833263 0.824449 0.832981 0.830455 0.831574 0.836211 0.831292 0.839715 0.831292 0.844469 0.829462 0.847973 0.827632 0.850726 0.829040 0.852477 0.830166 0.853478 0.831996 0.852227 0.833685 0.850976 0.835234 0.851226 0.836782 0.851476 0.837345 0.854479 0.839034 0.854730 0.839175 0.856481 0.842553 0.858984 0.845932 0.856982 0.847480 0.855230 0.850155 0.855230 0.852407 0.859234 0.855926 0.859735 0.860572 0.858734 0.860994 0.857232 0.860431 0.852728 0.859305 0.848473 0.859305 0.845971 0.860572 0.844219 0.863105 0.843468
1 0.869440 0.784159 0.875211 0.793919 0.880983 0.784409 0.874226 0.773649
10 0.801339 0.779058 0.801099 0.793992 0.805660 0.794419 0.806140 0.779058
4 0.712655 0.817706 0.712427 0.822760 0.712427 0.826601 0.712427 0.830847 0.714360 0.838933 0.714474 0.840955 0.712655 0.841359 0.712086 0.839136 0.711631 0.836305 0.711063 0.831655 0.710608 0.831858 0.710039 0.836103 0.710153 0.838327 0.709812 0.840551 0.708902 0.840551 0.708333 0.837316 0.708333 0.833879 0.708333 0.830645 0.707424 0.824579 0.706855 0.819930 0.706059 0.820940 0.705035 0.823164 0.703557 0.824377 0.702193 0.830847 0.702193 0.833475 0.702306 0.838125 0.701965 0.839338 0.699691 0.837923 0.697757 0.837518 0.698212 0.833677 0.698553 0.831251 0.698326 0.828219 0.697416 0.824377 0.697985 0.820738 0.698440 0.818717 0.698895 0.817706 0.699122 0.816291 0.700373 0.813662 0.701738 0.813258 0.703330 0.816291 0.703557 0.818919 0.704922 0.820940 0.706173 0.818717 0.706173 0.817504 0.706059 0.815684 0.705945 0.813056 0.706286 0.810428 0.706286 0.806587 0.707196 0.801330 0.707765 0.799309 0.707765 0.796680 0.707992 0.795467 0.709471 0.794254 0.710835 0.795872 0.711859 0.799106 0.712200 0.800117 0.712882 0.804565 0.713906 0.808002 0.714702 0.811843 0.715270 0.815482 0.714929 0.817908 0.714247 0.814269 0.712427 0.812045 0.712314 0.813865
4 0.736194 0.833017 0.735961 0.836319 0.736426 0.838658 0.736581 0.840446 0.736813 0.843060 0.736581 0.845537 0.737355 0.848564 0.738902 0.848976 0.739754 0.846775 0.739599 0.843473 0.739599 0.838795 0.739521 0.835631 0.739367 0.832329 0.739367 0.830678 0.740218 0.830265 0.740760 0.828064 0.740914 0.823661 0.741069 0.820772 0.741147 0.816507 0.741534 0.815682 0.741534 0.812792 0.741534 0.807289 0.741534 0.803987 0.741069 0.800135 0.740373 0.798897 0.739521 0.799034 0.738980 0.799309 0.738438 0.798346 0.738361 0.795732 0.738361 0.792981 0.737819 0.790642 0.737122 0.789679 0.736039 0.790229 0.735033 0.791054 0.734259 0.793944 0.733872 0.796283 0.732015 0.797383 0.731628 0.798209 0.730931 0.800135 0.729848 0.797383 0.730312 0.794081 0.729770 0.792981 0.728996 0.792293 0.727681 0.792568 0.725978 0.793118 0.725436 0.796007 0.725591 0.797383 0.724276 0.797658 0.723966 0.796695 0.722883 0.794356 0.721877 0.792293 0.720406 0.792293 0.719864 0.792843 0.719632 0.794494 0.719632 0.796007 0.719555 0.796695 0.718239 0.798346 0.716924 0.800135 0.716227 0.802474 0.716382 0.807977 0.716846 0.811692 0.717930 0.816232 0.717775 0.818846 0.717930 0.826275 0.718162 0.829853 0.718162 0.835356 0.718781 0.842097 0.718858 0.847876 0.721412 0.848701 0.722263 0.844436 0.722418 0.839621 0.722496 0.835356 0.722418 0.831228 0.722728 0.827101 0.723502 0.831503 0.723657 0.836456 0.723734 0.841822 0.724430 0.844849 0.722883 0.847188 0.722650 0.848701 0.725591 0.849664 0.727294 0.849527 0.727836 0.848564 0.728145 0.846913 0.727603 0.840859 0.727681 0.839896 0.728300 0.838107 0.730157 0.841547 0.730312 0.843198 0.728532 0.846362 0.728532 0.848701 0.731628 0.849939 0.732324 0.848976 0.733175 0.849527 0.734259 0.848976 0.734104 0.846775 0.733872 0.843198 0.733795 0.840446 0.734646 0.837420 0.735497 0.834393
4 0.755819 0.829569 0.757673 0.828745 0.760455 0.827921 0.763005 0.828058 0.765092 0.827371 0.766560 0.825448 0.767874 0.822975 0.769806 0.821739 0.771351 0.821876 0.773669 0.821876 0.776297 0.821876 0.780238 0.822151 0.782788 0.823387 0.784951 0.824349 0.788042 0.827509 0.789665 0.831080 0.790283 0.834515 0.789974 0.836988 0.788583 0.839460 0.785029 0.838361 0.784488 0.840010 0.783638 0.841109 0.781551 0.841933 0.778615 0.841933 0.776838 0.841384 0.775060 0.841796 0.772433 0.841384 0.769960 0.841384 0.766715 0.840834 0.762387 0.840559 0.760069 0.840285 0.757905 0.840559 0.756128 0.840559 0.754660 0.839323 0.753346 0.836026 0.752960 0.831355
11 0.998672 0.809051 0.992981 0.807211 0.988152 0.809664 0.985048 0.810890 0.984185 0.815489 0.983668 0.824687 0.983668 0.832046 0.982806 0.841244 0.982461 0.849522 0.982633 0.859946 0.983840 0.866998 0.990566 0.869757 0.996258 0.870677 1.000000 0.870388 1.000000 0.810277
