10 0.146214 0.994580 0.143039 0.521454 0.062373 0.529359 0.061738 0.258356 0.141768 0.256098 0.142403 0.245935 0.157647 0.245935 0.160188 0.306911 0.165904 0.302394 0.165904 0.317073 0.207825 0.335140 0.205920 0.348690 0.170351 0.387082 0.170986 0.396116 0.209096 0.411924 0.209096 0.429991 0.165904 0.478546 0.163999 0.489837 0.160823 0.995709
8 0.300232 0.934667 0.298498 0.930845 0.298498 0.923201 0.299954 0.913708 0.302659 0.901625 0.302451 0.896323 0.303491 0.887570 0.306820 0.879186 0.309664 0.875734 0.314033 0.872651 0.317986 0.871048 0.320760 0.870432 0.322494 0.872281 0.335185 0.870185 0.343854 0.868706 0.350373 0.867596 0.359597 0.866363 0.366532 0.865377 0.374300 0.863898 0.377836 0.864884 0.378599 0.866733 0.396492 0.864637 0.407242 0.863404 0.419101 0.861185 0.424233 0.859952 0.425551 0.857116 0.428671 0.855390 0.432902 0.855267 0.435260 0.858473 0.436647 0.860322 0.439005 0.860322 0.441085 0.862911 0.443374 0.878816 0.444206 0.890529 0.445732 0.904337 0.446009 0.915927 0.444484 0.919009 0.429226 0.919133 0.419101 0.920735 0.412235 0.921845 0.409946 0.920119 0.407658 0.914078 0.406340 0.910255 0.401832 0.910379 0.396978 0.910379 0.390944 0.910995 0.384633 0.911982 0.379501 0.913831 0.377698 0.914941 0.376658 0.913338 0.374508 0.910995 0.374300 0.907296 0.372913 0.905077 0.370277 0.905694 0.369237 0.906310 0.369306 0.907913 0.368751 0.909269 0.366463 0.910132 0.365769 0.912845 0.367226 0.914941 0.367919 0.916297 0.367989 0.917530 0.367780 0.918516 0.366810 0.921105 0.363342 0.924188 0.358487 0.932941 0.357239 0.935037 0.355020 0.936393 0.347876 0.939969 0.341773 0.945024 0.341496 0.943421 0.343369 0.937750 0.344617 0.934421 0.345449 0.931708 0.345449 0.927886 0.345102 0.924434 0.344270 0.921598 0.342814 0.920859 0.340525 0.918393 0.339970 0.917653 0.338028 0.912598 0.335601 0.912475 0.335393 0.915804 0.334700 0.916543 0.333313 0.916913 0.331995 0.920365 0.332064 0.923201 0.331995 0.926160 0.331024 0.927886 0.329845 0.931462 0.329290 0.933804 0.328250 0.933065 0.322771 0.933681 0.320066 0.934051 0.319928 0.928503 0.317916 0.923571 0.315975 0.923201 0.318471 0.920612 0.318610 0.912721 0.316391 0.910995 0.313478 0.911488 0.312646 0.915064 0.312299 0.918023 0.309733 0.921105 0.306889 0.923941 0.306543 0.927516 0.306820 0.932571 0.306057 0.935530 0.304185 0.936024 0.302312 0.935530
5 0.499693 0.964759 0.499166 0.971317 0.499605 0.978655 0.500659 0.985838 0.502854 0.990522 0.505226 0.993489 0.508563 0.994894 0.511725 0.993489 0.514097 0.991615 0.515941 0.987868 0.517346 0.982559 0.519454 0.981310 0.522528 0.980997 0.524285 0.980373 0.526744 0.979592 0.530082 0.976001 0.532365 0.971004 0.533595 0.968350 0.534473 0.974439 0.535615 0.977875 0.537020 0.980841 0.538953 0.983183 0.543081 0.985526 0.544398 0.985682 0.547472 0.983496 0.549141 0.980373 0.550371 0.975689 0.551337 0.970380 0.551600 0.965227 0.550810 0.960074 0.549053 0.954297 0.547472 0.951018 0.546155 0.950081 0.546857 0.947583 0.546418 0.946646 0.542993 0.945241 0.540621 0.945241 0.539041 0.946802 0.538452 0.943653 0.537257 0.940370 0.537637 0.936798 0.539832 0.936725 0.539832 0.933686 0.539262 0.931457 0.538122 0.929938 0.537154 0.929228 0.535729 0.925885 0.535729 0.923961 0.534133 0.922948 0.531056 0.921833 0.533905 0.919605 0.535957 0.918895 0.536983 0.916363 0.536698 0.911500 0.534817 0.911196 0.534361 0.914641 0.534019 0.916363 0.532367 0.917984 0.530771 0.918288 0.528492 0.918085 0.525187 0.917274 0.525415 0.913830 0.524332 0.913222 0.521369 0.912817 0.521312 0.914742 0.523022 0.916565 0.524218 0.920314 0.527580 0.919908 0.529803 0.920516 0.531569 0.925176 0.530600 0.928621 0.530543 0.932470 0.531227 0.934902 0.529062 0.936624 0.527466 0.937839 0.506382 0.941486 0.503134 0.940068 0.500798 0.939764 0.496923 0.939562 0.495270 0.943310 0.494074 0.950401 0.493903 0.955568 0.495840 0.958100 0.498177 0.964179
4 0.519033 0.947261 0.525472 0.946552 0.526156 0.947565 0.525643 0.950908 0.525130 0.954859 0.524389 0.959924 0.524161 0.965090 0.524332 0.967724 0.527523 0.969649 0.530372 0.970257 0.530372 0.967522 0.528435 0.966509 0.526839 0.964077 0.527124 0.960836 0.528378 0.955162 0.529632 0.948882 0.530999 0.943107 0.530999 0.939764 0.528948 0.938549 0.526896 0.937232 0.524731 0.937029 0.525871 0.933990 0.525187 0.928317 0.524959 0.925581 0.530486 0.926291 0.531569 0.924771 0.531626 0.922137 0.529518 0.921124 0.527409 0.919605 0.523990 0.920516 0.522566 0.916363 0.520913 0.914944 0.520229 0.912311 0.517152 0.909879 0.517209 0.905017 0.518007 0.901471 0.519147 0.899850 0.519427 0.896065 0.519427 0.893102 0.518854 0.889028 0.517917 0.885694 0.516510 0.884398 0.514115 0.885880 0.512344 0.888472 0.511615 0.891157 0.510469 0.893194 0.509531 0.896991 0.507031 0.897361 0.505469 0.898565 0.504844 0.905139 0.505365 0.909306 0.506979 0.910602 0.508490 0.912361 0.508490 0.914861 0.508177 0.918657 0.508229 0.922917 0.507552 0.925787 0.507083 0.929120 0.506198 0.933843 0.506406 0.941157 0.507188 0.945787 0.508958 0.948194 0.513229 0.949676 0.517031 0.948472
6 0.640537 0.926946 0.644951 0.926946 0.648570 0.927574 0.649806 0.930085 0.651571 0.935264 0.653425 0.937147 0.657133 0.937775 0.660399 0.937304 0.662253 0.933851 0.663047 0.929300 0.669580 0.929928 0.671963 0.929300 0.672758 0.929457 0.673464 0.932753 0.674347 0.934479 0.678584 0.936048 0.680968 0.935421 0.684499 0.933067 0.685381 0.928829 0.686529 0.926161 0.695357 0.924435 0.697034 0.926789 0.701536 0.929928 0.704361 0.929300 0.705773 0.926946 0.706744 0.922866 0.707715 0.921610 0.710982 0.923807 0.714954 0.922238 0.719280 0.922395 0.720074 0.923493 0.722369 0.927260 0.724665 0.927574 0.728107 0.927260 0.728990 0.924592 0.730226 0.920198 0.731374 0.919099 0.734905 0.918158 0.735699 0.913606 0.735434 0.908114 0.734905 0.905132 0.733316 0.900581 0.732698 0.897442 0.729696 0.894146 0.726783 0.893048 0.723252 0.892106 0.720427 0.890694 0.716455 0.890066 0.713718 0.889281 0.712924 0.886456 0.710982 0.885044 0.709040 0.885201 0.705597 0.880493 0.701448 0.875628 0.694650 0.874686 0.683704 0.874058 0.673729 0.875314 0.664901 0.876883 0.660840 0.878766 0.657398 0.883475 0.653337 0.888183 0.649453 0.894146 0.643980 0.896343 0.639124 0.898227 0.638330 0.903562 0.637800 0.908898 0.637888 0.913763 0.637094 0.918785 0.638330 0.923650
4 0.754425 0.949898 0.757621 0.949046 0.758499 0.947342 0.758180 0.944217 0.758739 0.940525 0.758100 0.937827 0.757541 0.933708 0.757381 0.923057 0.757221 0.919223 0.757221 0.917093 0.756582 0.913116 0.756982 0.905874 0.756982 0.900477 0.756502 0.892524 0.755863 0.886702 0.755624 0.880737 0.755304 0.874347 0.754346 0.864264 0.753786 0.860713 0.752349 0.856595 0.749712 0.852477 0.749233 0.850062 0.749792 0.844808 0.749712 0.837565 0.747795 0.835861 0.743402 0.836571 0.742124 0.840264 0.741964 0.843530 0.741964 0.846796 0.741964 0.847790 0.742443 0.850773 0.744520 0.853471 0.746437 0.855175 0.744680 0.863270 0.744360 0.871222 0.746277 0.893092 0.747316 0.901897 0.749952 0.916667 0.751630 0.919365 0.751709 0.924477 0.752508 0.933282 0.753547 0.936691 0.752908 0.941235 0.751230 0.944785 0.750831 0.948194
4 0.750351 0.948052 0.747396 0.949046 0.744919 0.949188 0.745718 0.944643 0.745718 0.941661 0.745399 0.939247 0.745798 0.935980 0.746038 0.932288 0.746277 0.930300 0.745718 0.926750 0.744201 0.922631 0.743162 0.917945 0.742203 0.913684 0.741325 0.909850 0.740286 0.906442 0.739567 0.902181 0.739567 0.900335 0.739248 0.897353 0.738529 0.893803 0.739008 0.889684 0.738928 0.885424 0.738848 0.882584 0.738289 0.878181 0.736931 0.876051 0.737011 0.872359 0.737171 0.866962 0.737890 0.861566 0.737810 0.859577 0.736452 0.858583 0.736292 0.856595 0.737411 0.852761 0.739807 0.850062 0.741485 0.849210 0.742603 0.851341 0.744760 0.853897 0.746038 0.855459 0.744600 0.863412 0.744280 0.871648 0.746357 0.893092 0.747076 0.901897 0.749872 0.917093 0.751630 0.919081 0.751869 0.924761 0.752588 0.934560 0.752508 0.939105 0.751470 0.944501
4 0.782344 0.939954 0.780104 0.943102 0.777396 0.945231 0.777188 0.945694 0.777240 0.947361 0.780833 0.947546 0.784948 0.947176 0.786979 0.945139 0.787708 0.943194 0.787188 0.940324 0.786094 0.938102 0.785990 0.933287 0.785885 0.928380 0.785573 0.923287 0.784792 0.920046 0.784427 0.916713 0.785104 0.912731 0.785677 0.909769 0.786719 0.909861 0.787448 0.915139 0.788177 0.919769 0.791198 0.921806 0.796302 0.925787 0.798594 0.928380 0.802292 0.931991 0.803438 0.936435 0.803750 0.940602 0.804219 0.943935 0.804688 0.944491 0.805885 0.943843 0.807135 0.942269 0.807552 0.939491 0.807604 0.937731 0.807813 0.931620 0.807604 0.927824 0.806667 0.927454 0.804583 0.926991 0.801823 0.925046 0.799844 0.923194 0.796094 0.919398 0.794479 0.918009 0.793385 0.917176 0.791927 0.915417 0.792135 0.910602 0.792188 0.901065 0.792760 0.895880 0.792344 0.890787 0.791927 0.886713 0.791667 0.881620 0.791302 0.876250 0.790938 0.870324 0.790938 0.864861 0.790208 0.859398 0.789531 0.856806 0.787708 0.853565 0.787083 0.851620 0.787188 0.851250 0.787552 0.849028 0.787396 0.844769 0.787083 0.841065 0.786146 0.838750 0.784219 0.836806 0.782813 0.837176 0.782552 0.837269 0.782083 0.837454 0.781406 0.837824 0.779583 0.838935 0.778594 0.839769 0.778438 0.844306 0.779375 0.846991 0.779062 0.850602 0.780365 0.853935 0.781250 0.858380 0.780938 0.862454 0.780104 0.866806 0.778646 0.868194 0.777969 0.870602 0.776667 0.874676 0.776146 0.879676 0.776406 0.883843 0.780052 0.886343 0.781146 0.890694 0.781615 0.895046 0.780625 0.900972 0.780260 0.904861 0.780208 0.911620 0.780625 0.916991 0.781302 0.922546 0.781458 0.928009 0.782031 0.931250 0.782604 0.935694 0.783125 0.939398
4 0.858586 0.923821 0.856960 0.925747 0.853401 0.926848 0.852162 0.929187 0.854948 0.932901 0.859282 0.933452 0.862455 0.932489 0.863926 0.928086 0.863926 0.924784 0.863693 0.921620 0.864080 0.913090 0.865009 0.906348 0.865860 0.903734 0.867950 0.895754 0.870891 0.901257 0.872980 0.903596 0.876850 0.910888 0.878397 0.915841 0.880874 0.920519 0.881106 0.923683 0.879249 0.927673 0.882267 0.929324 0.886523 0.927673 0.886910 0.925747 0.885672 0.923821 0.884124 0.920381 0.882654 0.915428 0.881570 0.911163 0.880642 0.907036 0.879094 0.903596 0.877933 0.902633 0.877469 0.898643 0.875998 0.893828 0.875611 0.889701 0.874760 0.884748 0.874528 0.880895 0.874218 0.878144 0.873212 0.873604 0.872516 0.870714 0.872206 0.867000 0.871974 0.861084 0.872284 0.856406 0.871974 0.852829 0.870426 0.845812 0.868956 0.838245 0.866170 0.834943 0.865319 0.831779 0.865473 0.824074 0.865860 0.821322 0.862919 0.816920 0.860366 0.816369 0.857115 0.819671 0.856032 0.823524 0.856573 0.830953 0.857657 0.834255 0.860520 0.836594 0.861681 0.838933 0.860133 0.842785 0.859282 0.846500 0.858895 0.852141 0.859592 0.860533 0.859282 0.864523 0.860288 0.877456 0.860830 0.880620 0.860753 0.884885 0.860366 0.891352 0.860211 0.905523
7 0.872273 0.866828 0.875979 0.865461 0.880733 0.865213 0.882131 0.863721 0.882760 0.858998 0.884228 0.857010 0.886395 0.856637 0.887654 0.858750 0.888493 0.862727 0.891918 0.862230 0.895763 0.860987 0.899399 0.860614 0.901636 0.859744 0.901147 0.855767 0.905481 0.855518 0.908627 0.854400 0.908627 0.849801 0.907858 0.845078 0.907788 0.839610 0.907089 0.832401 0.906040 0.826187 0.905201 0.818978 0.904852 0.813510 0.904362 0.810278 0.904223 0.807793 0.901916 0.806923 0.898770 0.807047 0.894225 0.807296 0.888633 0.808911 0.883110 0.810030 0.879055 0.809160 0.876049 0.809284 0.872973 0.810278 0.868708 0.810776 0.863605 0.811521 0.861927 0.813261 0.862556 0.816244 0.863115 0.816866 0.865842 0.821464 0.865352 0.824198 0.865422 0.831531 0.866261 0.835260 0.868988 0.838615 0.870596 0.846197 0.872064 0.852908 0.872343 0.856761 0.871784 0.861733
8 0.705781 0.880046 0.708802 0.879491 0.712396 0.878935 0.715885 0.878380 0.717552 0.877269 0.720729 0.876806 0.724479 0.876806 0.729219 0.876343 0.734635 0.875602 0.736615 0.875324 0.737031 0.872454 0.737083 0.866528 0.737760 0.861806 0.737813 0.859491 0.736615 0.858750 0.736198 0.856713 0.737187 0.853102 0.739271 0.850602 0.740781 0.849583 0.742083 0.849028 0.741875 0.846528 0.741823 0.843472 0.742083 0.840972 0.743125 0.836806 0.747552 0.835972 0.748594 0.833843 0.747396 0.832176 0.744323 0.832731 0.729740 0.833935 0.714635 0.836528 0.701510 0.838565 0.696667 0.840880 0.694531 0.843472 0.693490 0.849120 0.692708 0.854583 0.692552 0.859861 0.692344 0.866157 0.692396 0.870046 0.692552 0.874213 0.694635 0.874676 0.701198 0.875231
6 0.576927 0.899583 0.574063 0.897454 0.573125 0.894306 0.573073 0.891250 0.574375 0.888380 0.577240 0.886620 0.580729 0.884583 0.585104 0.882824 0.586771 0.878843 0.589271 0.876065 0.591250 0.873935 0.594583 0.872731 0.597760 0.872454 0.601927 0.872269 0.604531 0.871806 0.606250 0.872454 0.608021 0.874213 0.610052 0.876343 0.611094 0.877546 0.612083 0.878009 0.614688 0.878102 0.617292 0.879306 0.617135 0.885417 0.615667 0.887016 0.611332 0.887337 0.603203 0.889585 0.597724 0.892582 0.593333 0.894028 0.591875 0.896250 0.591510 0.898102 0.589375 0.899398 0.587188 0.899954 0.586094 0.899491 0.583906 0.898102 0.581146 0.898657 0.578125 0.899028
6 0.598687 0.893438 0.597724 0.898041 0.597724 0.900931 0.596941 0.903928 0.597423 0.906498 0.597905 0.909388 0.598447 0.912385 0.600614 0.913669 0.603263 0.912064 0.607779 0.912492 0.611814 0.911850 0.616992 0.910351 0.618979 0.908960 0.631623 0.907996 0.637885 0.907996 0.638427 0.903607 0.639150 0.898148 0.643967 0.896114 0.649205 0.894509 0.653059 0.888407 0.653721 0.884875 0.652999 0.880914 0.651192 0.878880 0.649446 0.875562 0.646074 0.871066 0.638728 0.870852 0.634875 0.870103 0.617233 0.879308 0.616751 0.885303 0.615547 0.887230 0.609827 0.888942 0.604046 0.890976 0.600975 0.892154
6 0.750417 0.852176 0.751615 0.850509 0.752292 0.847731 0.752552 0.846435 0.758437 0.844306 0.761146 0.843843 0.765052 0.843009 0.768698 0.843009 0.772031 0.842639 0.776146 0.842454 0.778073 0.842731 0.778646 0.844583 0.779479 0.846898 0.779115 0.850694 0.780417 0.854028 0.781302 0.858194 0.780938 0.862176 0.779896 0.866991 0.778333 0.868287 0.777083 0.869306 0.775052 0.870046 0.773854 0.868102 0.772917 0.865880 0.769687 0.866157 0.763646 0.867454 0.761823 0.868935 0.760938 0.872269 0.758542 0.871991 0.757500 0.872176 0.755156 0.872361 0.754323 0.864120 0.753854 0.860509 0.752448 0.856528
6 0.797344 0.849769 0.798958 0.846991 0.802396 0.843657 0.804219 0.842176 0.803906 0.839954 0.803698 0.838287 0.806198 0.837083 0.811719 0.836157 0.816979 0.835787 0.818490 0.837083 0.818438 0.838843 0.818542 0.840324 0.820573 0.840417 0.822396 0.840509 0.822812 0.842176 0.823906 0.843472 0.825000 0.847269 0.825000 0.849028 0.824844 0.852361 0.824792 0.853843 0.823073 0.855880 0.821771 0.856065 0.821042 0.858380 0.818542 0.859028 0.816250 0.859769 0.813802 0.860509 0.812031 0.861343 0.810208 0.861991 0.808177 0.859583 0.806771 0.857917 0.806667 0.854954 0.804740 0.851065 0.801615 0.851157 0.800417 0.853657 0.799792 0.857731 0.799583 0.859120 0.798750 0.858380 0.797812 0.855694 0.797865 0.852454
6 0.464006 0.916962 0.460357 0.917060 0.458809 0.916667 0.457979 0.913226 0.458090 0.909491 0.458754 0.907329 0.460578 0.905559 0.462347 0.904085 0.465167 0.903004 0.468374 0.901726 0.470420 0.899858 0.472023 0.897106 0.474179 0.894845 0.475893 0.892880 0.478990 0.890619 0.483302 0.888260 0.487007 0.886982 0.489550 0.886491 0.494305 0.886294 0.496406 0.886589 0.497567 0.887375 0.497291 0.889341 0.499945 0.891897 0.502101 0.892781 0.504147 0.896811 0.504755 0.899662 0.504036 0.905854 0.501990 0.909590 0.497401 0.910278 0.492094 0.911457 0.485901 0.911555 0.481312 0.912735 0.477386 0.913816 0.473240 0.914308 0.468485 0.915389
6 0.341410 0.946144 0.340597 0.950123 0.340122 0.954463 0.339715 0.959406 0.339851 0.963867 0.340122 0.966158 0.341614 0.967243 0.344191 0.965676 0.348056 0.964349 0.350701 0.963747 0.353414 0.962662 0.359314 0.961456 0.365485 0.959647 0.367588 0.957960 0.372742 0.955910 0.379591 0.955548 0.386848 0.952775 0.395935 0.949761 0.402106 0.948676 0.405904 0.948073 0.410448 0.946747 0.413364 0.945542 0.413907 0.944215 0.413703 0.940478 0.413500 0.937102 0.413839 0.934088 0.413839 0.928904 0.412754 0.925287 0.411533 0.922152 0.410380 0.920223 0.407532 0.914316 0.406243 0.910096 0.401699 0.909975 0.396749 0.910337 0.390713 0.911302 0.384813 0.911904 0.379591 0.913833 0.377760 0.915160 0.376675 0.913231 0.374708 0.911422 0.374369 0.907202 0.373284 0.905153 0.370232 0.905756 0.369351 0.905876 0.369486 0.907564 0.368808 0.908529 0.365892 0.910578 0.365960 0.913592 0.367113 0.914918 0.367927 0.917209 0.367520 0.919862 0.366163 0.921549 0.363180 0.924081 0.358161 0.933003 0.357144 0.935655 0.354838 0.936258 0.347446 0.939996
4 0.331302 0.970417 0.330781 0.976528 0.331250 0.982546 0.330781 0.985972 0.329792 0.988843 0.329115 0.990602 0.330000 0.991250 0.333125 0.990231 0.335938 0.990417 0.337708 0.989120 0.338229 0.987176 0.338021 0.983380 0.338177 0.979491 0.338802 0.976435 0.339062 0.971713 0.338854 0.966065 0.338854 0.961713 0.339323 0.958380 0.339740 0.954028 0.340365 0.949583 0.340781 0.946065 0.340521 0.942731 0.340990 0.941250 0.342760 0.941435 0.343750 0.940046 0.343594 0.937639 0.342917 0.935972 0.342500 0.932917 0.342448 0.930509 0.341667 0.927824 0.339375 0.926991 0.338698 0.927361 0.339479 0.926065 0.339740 0.924861 0.339792 0.922176 0.338750 0.918935 0.338125 0.917454 0.335729 0.915324 0.334427 0.916620 0.333281 0.916898 0.332031 0.920139 0.332188 0.923750 0.332188 0.926343 0.330729 0.928565 0.330052 0.931713 0.329167 0.934306 0.327656 0.939120 0.327135 0.943935 0.326198 0.948935 0.326198 0.951991 0.326510 0.954769 0.327083 0.955509 0.327969 0.952546 0.328125 0.949954 0.328385 0.947731 0.329115 0.945417 0.329688 0.941713 0.330521 0.940231 0.331146 0.942546 0.330417 0.944398 0.330313 0.947361 0.330313 0.957269 0.331042 0.965139
4 0.311094 0.978935 0.311302 0.981343 0.310313 0.983657 0.310260 0.985880 0.311719 0.986065 0.313333 0.985139 0.314219 0.983287 0.314271 0.979583 0.314167 0.975787 0.313854 0.970972 0.313750 0.965972 0.313854 0.963287 0.314792 0.968009 0.314792 0.970602 0.315000 0.973472 0.315313 0.975694 0.315938 0.978472 0.316146 0.980324 0.315833 0.983194 0.315625 0.985509 0.317552 0.985972 0.318177 0.985046 0.318542 0.982361 0.318333 0.978194 0.318542 0.976343 0.318594 0.973935 0.318594 0.970231 0.318542 0.965880 0.318802 0.961713 0.319115 0.958287 0.319323 0.955046 0.319635 0.951991 0.319635 0.946806 0.319219 0.942917 0.318698 0.939028 0.318698 0.936806 0.319479 0.935972 0.319896 0.934398 0.319896 0.930787 0.319479 0.926157 0.318542 0.924491 0.317448 0.923657 0.316302 0.922917 0.318073 0.921157 0.318385 0.919769 0.318594 0.916250 0.318802 0.913287 0.316458 0.910880 0.313594 0.911620 0.312604 0.914028 0.312396 0.915972 0.312448 0.917546 0.311406 0.919769 0.309635 0.921343 0.308958 0.922269 0.307083 0.923843 0.306667 0.927639 0.306979 0.932454 0.307865 0.934583 0.307344 0.939306 0.307240 0.946898 0.307344 0.951713 0.309375 0.958750 0.309740 0.962176 0.310104 0.964398 0.310156 0.970417 0.310417 0.974120
4 0.281250 0.999398 0.280781 0.993472 0.280938 0.990972 0.281510 0.988102 0.281875 0.983935 0.282083 0.982176 0.282292 0.980509 0.282760 0.977731 0.282656 0.972917 0.282708 0.969491 0.283333 0.969491 0.283854 0.974213 0.284010 0.978472 0.284219 0.981620 0.284583 0.985231 0.284688 0.988380 0.285052 0.991898 0.285104 0.996435 0.285417 0.999583 0.287396 0.999954 0.287448 0.997824 0.287760 0.992731 0.287708 0.989028 0.287917 0.985324 0.288073 0.980972 0.287969 0.977731 0.287760 0.974306 0.287760 0.970324 0.289271 0.967824 0.289583 0.964583 0.289583 0.961898 0.289427 0.957083 0.289583 0.954861 0.291510 0.950417 0.292240 0.948194 0.292396 0.944213 0.291615 0.940046 0.290260 0.936991 0.287917 0.934676 0.286979 0.933194 0.286250 0.931713 0.285781 0.930602 0.285990 0.926898 0.285156 0.923843 0.282448 0.920694 0.279167 0.919954 0.276771 0.919769 0.274479 0.919676 0.273854 0.922917 0.274219 0.926157 0.274323 0.930880 0.274271 0.935417 0.275104 0.939398 0.274531 0.943750 0.274323 0.949028 0.275208 0.951157 0.277448 0.953472 0.278021 0.954861 0.278385 0.957917 0.278281 0.965602 0.278021 0.969213 0.278125 0.971898 0.278490 0.973657 0.278750 0.977917 0.278385 0.982731 0.278333 0.985602 0.278438 0.988287 0.278802 0.990602 0.279010 0.994491 0.279010 0.996806 0.279219 0.999861 0.280573 0.999861 0.280807 1.000000
4 0.235625 0.987917 0.235260 0.986065 0.235625 0.983472 0.236615 0.980787 0.237396 0.978287 0.237917 0.976157 0.238125 0.972546 0.238281 0.970972 0.237396 0.968657 0.237604 0.966620 0.237812 0.964120 0.238177 0.960324 0.238281 0.958102 0.238281 0.955787 0.239063 0.953843 0.239531 0.951620 0.239375 0.949861 0.239271 0.948102 0.240052 0.945694 0.241042 0.945602 0.241458 0.945602 0.242344 0.947083 0.243177 0.947269 0.243854 0.948380 0.243594 0.948843 0.242500 0.949213 0.242604 0.950046 0.242292 0.952546 0.241719 0.954028 0.242604 0.954954 0.243385 0.957639 0.243594 0.961620 0.243281 0.966343 0.243125 0.969213 0.243177 0.970880 0.243906 0.973194 0.244219 0.975417 0.244219 0.979028 0.244062 0.981991 0.244427 0.985046 0.245312 0.985787 0.245417 0.987361 0.243438 0.988657 0.242240 0.987454 0.241979 0.985972 0.241979 0.983380 0.242031 0.981250 0.241927 0.979398 0.241563 0.977454 0.240885 0.976065 0.239948 0.978750 0.238229 0.981435 0.237969 0.982917 0.237604 0.985139 0.237969 0.985694 0.238125 0.987361 0.237448 0.988843 0.235677 0.989028
4 0.252552 0.933843 0.253281 0.938843 0.254010 0.947083 0.254115 0.952083 0.254792 0.955417 0.257240 0.955231 0.257812 0.952824 0.257344 0.949028 0.257656 0.945880 0.258281 0.942176 0.258490 0.938380 0.258490 0.935509 0.258229 0.931898 0.258021 0.925417 0.258802 0.927731 0.259635 0.931528 0.260677 0.934583 0.261562 0.936157 0.262760 0.935509 0.262604 0.932731 0.261458 0.930231 0.260365 0.927824 0.259583 0.925324 0.259271 0.923009 0.258802 0.920787 0.258229 0.919120 0.256823 0.918194 0.257292 0.915509 0.256823 0.913565 0.255156 0.912176 0.253802 0.913472 0.253281 0.918287 0.252240 0.920046 0.251823 0.921435 0.251146 0.924861 0.250885 0.926713 0.250781 0.928843 0.251042 0.931250 0.252135 0.932917
6 0.574271 0.898565 0.572448 0.899583 0.569375 0.899954 0.567031 0.899769 0.566250 0.897824 0.562031 0.896343 0.555573 0.897083 0.550937 0.897824 0.549271 0.896435 0.547656 0.899398 0.547292 0.902176 0.544219 0.903194 0.541146 0.903009 0.539583 0.903380 0.535573 0.903102 0.535156 0.901620 0.534167 0.899954 0.534010 0.898750 0.533958 0.896620 0.533802 0.895139 0.533438 0.892361 0.533750 0.888102 0.535208 0.886157 0.539896 0.885046 0.544271 0.882361 0.545938 0.876620 0.553333 0.862083 0.560833 0.855602 0.568333 0.853935 0.581198 0.852824 0.584583 0.854583 0.587969 0.859954 0.589531 0.862824 0.597031 0.865139 0.601875 0.865417 0.602656 0.867454 0.602917 0.871435 0.601979 0.872083 0.597760 0.872361 0.594375 0.872824 0.591198 0.873750 0.589375 0.875880 0.586615 0.878750 0.585208 0.882454 0.580729 0.884213 0.577031 0.886065 0.574375 0.888102 0.573229 0.891250 0.572969 0.894306
