6 0.000341 0.442887 0.010563 0.442887 0.022245 0.449810 0.041229 0.456732 0.058752 0.468847 0.072868 0.482693 0.083133 0.523148 0.089143 0.545940 0.092748 0.555912 0.094752 0.540242 0.101562 0.539530 0.108774 0.542379 0.112380 0.555199 0.112380 0.568732 0.106771 0.575855 0.098758 0.576567 0.104768 0.597934 0.108373 0.611467 0.110777 0.628561 0.115184 0.658476 0.111979 0.706197 0.107572 0.744658 0.101162 0.752493 0.090345 0.752493 0.086338 0.741809 0.082732 0.726852 0.063502 0.746083 0.062748 0.784392 0.056796 0.817901 0.047371 0.830247 0.036954 0.831129 0.023562 0.831129 0.017113 0.832011 0.009673 0.833774 0.003720 0.833774 0.000744 0.832011
6 0.074698 0.492934 0.115269 0.493908 0.124589 0.501706 0.133087 0.515838 0.135828 0.531920 0.138843 0.542154 0.140214 0.543129 0.142133 0.535331 0.148986 0.537281 0.154468 0.539717 0.155839 0.548002 0.153920 0.554825 0.147615 0.559698 0.146793 0.562622 0.150905 0.568470 0.153920 0.578216 0.154742 0.596735 0.154742 0.620614 0.154742 0.648879 0.152823 0.659600 0.151727 0.662524 0.149534 0.662524 0.145970 0.661550 0.140488 0.665448 0.139117 0.671296 0.136924 0.682505 0.135554 0.689815 0.126234 0.687378 0.121573 0.685429 0.118010 0.683967 0.119380 0.670322 0.119929 0.659600 0.118010 0.642544 0.114446 0.624513 0.109512 0.607943 0.105674 0.594298 0.101837 0.577242 0.104852 0.577242 0.111431 0.574805 0.112802 0.563109 0.112253 0.553850 0.111705 0.541179 0.107867 0.535819 0.101288 0.533382 0.094984 0.537768 0.090049 0.548002 0.081003 0.516813
6 0.128383 0.508187 0.134412 0.507890 0.143288 0.509378 0.149484 0.509081 0.154843 0.514440 0.158528 0.525158 0.161375 0.535280 0.164557 0.542128 0.165394 0.543914 0.167236 0.540044 0.171758 0.540342 0.174437 0.543319 0.174772 0.547487 0.171925 0.552549 0.168911 0.552549 0.169246 0.557312 0.172260 0.567137 0.172930 0.579642 0.173432 0.592146 0.172428 0.605841 0.172595 0.612391 0.172763 0.618941 0.170585 0.623407 0.168241 0.623705 0.166064 0.619537 0.164724 0.626980 0.164724 0.630850 0.161040 0.633232 0.158025 0.633530 0.155681 0.630850 0.154341 0.622812 0.155178 0.604353 0.155178 0.589169 0.153838 0.577260 0.150824 0.568030 0.147140 0.562076 0.147307 0.558503 0.152499 0.556419 0.154843 0.552846 0.155011 0.544212 0.154843 0.540342 0.151494 0.536769 0.146805 0.536174 0.143455 0.537960 0.140106 0.540342 0.136421 0.534685 0.133072 0.522478 0.129723 0.511165
4 0.195967 0.503421 0.189809 0.507982 0.186474 0.514824 0.183651 0.523034 0.183138 0.528051 0.179033 0.533525 0.176211 0.535806 0.175441 0.543103 0.175441 0.553138 0.176981 0.560892 0.182625 0.564085 0.185704 0.563629 0.187243 0.566366 0.187757 0.569102 0.193401 0.565910 0.200842 0.566822 0.203920 0.568190 0.207769 0.573207 0.209308 0.579137 0.214953 0.587803 0.222650 0.595101 0.223933 0.599662 0.223420 0.610153 0.222393 0.619732 0.221110 0.624749 0.222906 0.636152 0.227268 0.641169 0.236761 0.641626 0.236761 0.634328 0.235222 0.629766 0.232399 0.627942 0.231630 0.620644 0.232656 0.602399 0.231630 0.592821 0.230090 0.581874 0.228294 0.574576 0.225216 0.567734 0.217775 0.559524 0.216236 0.552226 0.216236 0.540823 0.217518 0.533525 0.219828 0.539454 0.224189 0.544472 0.229834 0.549489 0.233426 0.548577 0.235735 0.542191 0.233169 0.538086 0.229834 0.532157 0.226498 0.523946 0.221367 0.513912 0.217262 0.509350 0.214440 0.504789 0.214183 0.493386 0.213670 0.486088 0.212131 0.477878 0.207769 0.471036 0.202381 0.471036 0.196993 0.475598 0.194940 0.484264 0.195197 0.497035
5 0.185191 0.572751 0.184934 0.581418 0.185704 0.593733 0.185704 0.601943 0.183138 0.606960 0.182625 0.614258 0.183651 0.624749 0.182625 0.627486 0.179290 0.629766 0.183908 0.633872 0.186217 0.639801 0.186730 0.652573 0.189039 0.666712 0.190066 0.675835 0.194940 0.684045 0.202894 0.685413 0.210848 0.680852 0.211361 0.668081 0.215209 0.655309 0.220597 0.656678 0.222650 0.667168 0.230347 0.668081 0.236761 0.656221 0.236505 0.648924 0.236505 0.644818 0.227011 0.643906 0.221110 0.641626 0.219828 0.632959 0.220084 0.624293 0.221110 0.616539 0.222137 0.607417 0.222137 0.600119 0.220597 0.594189 0.212387 0.585979 0.205973 0.574576 0.202638 0.570471 0.199302 0.568646 0.191605 0.568646 0.188783 0.570927
6 0.225260 0.518981 0.225260 0.512809 0.228733 0.507870 0.234115 0.507562 0.241753 0.506944 0.249045 0.503858 0.257378 0.503858 0.265538 0.505093 0.270920 0.506019 0.274566 0.506944 0.278038 0.513735 0.279774 0.523611 0.277517 0.532870 0.275087 0.537500 0.271094 0.549537 0.269010 0.556327 0.266059 0.560031 0.264844 0.556636 0.261198 0.552932 0.252691 0.554475 0.246615 0.558179 0.246615 0.564352 0.249219 0.575463 0.264497 0.577623 0.260677 0.581944 0.255469 0.589660 0.253733 0.602623 0.251649 0.609414 0.242448 0.611574 0.233420 0.610648 0.232899 0.605093 0.231684 0.598920 0.231163 0.588735 0.230642 0.580401 0.227865 0.573302 0.225608 0.568981 0.224566 0.560031 0.223524 0.553858 0.222135 0.546759 0.227170 0.549228 0.232552 0.550154 0.235503 0.544907 0.234809 0.538426 0.232552 0.531327 0.230122 0.527315 0.237413 0.522685 0.237934 0.519290 0.238976 0.513735 0.233767 0.510648 0.230469 0.511883 0.227691 0.516821
6 0.267603 0.701887 0.266284 0.717710 0.264306 0.723570 0.252439 0.725328 0.249143 0.714194 0.246835 0.702473 0.247165 0.686650 0.248484 0.663795 0.248484 0.650316 0.249473 0.626289 0.250132 0.604606 0.256065 0.587611 0.264636 0.579993 0.260021 0.581751 0.253428 0.576477 0.248484 0.570617 0.248154 0.561240 0.254088 0.557138 0.264306 0.558896 0.270240 0.556552 0.274525 0.546003 0.278151 0.521390 0.282107 0.513186 0.292326 0.499121 0.298259 0.493261 0.309467 0.489158 0.323312 0.486814 0.332542 0.486228 0.337816 0.479196 0.341113 0.475094 0.344739 0.473336 0.350343 0.473336 0.356936 0.474508 0.360891 0.479196 0.363528 0.484470 0.371110 0.483884 0.381329 0.485642 0.389900 0.486814 0.398141 0.486814 0.407041 0.489158 0.418579 0.490331 0.425501 0.495019 0.437698 0.513772 0.447917 0.537799 0.456817 0.561826 0.461432 0.568272 0.473958 0.572375 0.486485 0.586439 0.488463 0.604606 0.489781 0.629219 0.489451 0.649144 0.489451 0.662623 0.490111 0.677860 0.488133 0.694269 0.477914 0.707161 0.470992 0.711850 0.468684 0.730016 0.466047 0.748769 0.460773 0.765178 0.450554 0.768694 0.438357 0.754630 0.437039 0.737049 0.434072 0.725914 0.428797 0.722398 0.415282 0.718296 0.400119 0.724156 0.364188 0.721812 0.330894 0.720640 0.313423 0.720054 0.310456 0.738221 0.310456 0.765764 0.306830 0.772211 0.294633 0.775141 0.280789 0.772211 0.275185 0.761662 0.275844 0.745253 0.277162 0.722984 0.277822 0.704817 0.274855 0.699543 0.267932 0.694855
8 0.310127 0.486228 0.309467 0.476266 0.306830 0.475680 0.304193 0.475680 0.300237 0.467475 0.300237 0.454583 0.301226 0.438760 0.306171 0.434072 0.309467 0.429970 0.312434 0.421179 0.314412 0.408872 0.315071 0.397738 0.319686 0.385431 0.331883 0.373711 0.349684 0.357302 0.388911 0.311006 0.424842 0.309248 0.459784 0.311006 0.488792 0.317452 0.520108 0.325070 0.525382 0.333861 0.526042 0.343823 0.529008 0.348511 0.531646 0.380743 0.532634 0.399496 0.533953 0.434658 0.532964 0.463373 0.532964 0.490917 0.532305 0.634494 0.524723 0.637424 0.505274 0.639768 0.488133 0.640354 0.488133 0.622773 0.483518 0.585267 0.474618 0.570617 0.461432 0.564170 0.453521 0.558310 0.438357 0.511428 0.423194 0.489158 0.400778 0.480368 0.385944 0.477438 0.368473 0.481540 0.358584 0.478024 0.354958 0.470406 0.338146 0.470406 0.330564 0.478610 0.321334 0.485056
6 0.533535 0.479909 0.547047 0.479909 0.556874 0.479909 0.561296 0.476415 0.566455 0.477289 0.570141 0.479036 0.578985 0.481219 0.585127 0.481219 0.594954 0.482966 0.599867 0.489955 0.605272 0.504804 0.611905 0.524458 0.617556 0.536688 0.618047 0.544986 0.613871 0.548043 0.617310 0.561146 0.619276 0.580363 0.618539 0.597834 0.617065 0.612247 0.613380 0.622292 0.612888 0.631027 0.608220 0.637579 0.606009 0.640199 0.603798 0.647624 0.599622 0.651992 0.589795 0.649371 0.584144 0.644567 0.580705 0.629717 0.567684 0.627970 0.552206 0.624476 0.549504 0.629280 0.544345 0.634521 0.537220 0.638015 0.530587 0.630590
6 0.703107 0.588680 0.702740 0.598787 0.700723 0.605634 0.695221 0.604982 0.693387 0.599113 0.692470 0.590962 0.691186 0.596179 0.687885 0.599113 0.683667 0.595201 0.682934 0.581182 0.683667 0.561946 0.684034 0.549231 0.685134 0.540428 0.683300 0.538798 0.678716 0.537493 0.676698 0.530647 0.679999 0.523800 0.684217 0.523800 0.687518 0.518584 0.689352 0.507173 0.693020 0.494131 0.699806 0.486633 0.711726 0.481742 0.725847 0.479134 0.738501 0.476526 0.746754 0.480112 0.753356 0.490545 0.756107 0.516954 0.759408 0.544014 0.759408 0.565532 0.758674 0.582812 0.758674 0.601395 0.754090 0.607264 0.749872 0.600417 0.744920 0.587376 0.742719 0.587050 0.742719 0.594875 0.742169 0.599439 0.735017 0.599439 0.733733 0.591288 0.728965 0.589006 0.720162 0.589006 0.708792 0.588354
4 0.902270 0.539124 0.901353 0.547926 0.901353 0.553143 0.898786 0.558685 0.896218 0.556077 0.896402 0.550209 0.895668 0.538798 0.895301 0.529343 0.894935 0.525104 0.893468 0.518910 0.894935 0.512063 0.896952 0.506847 0.899703 0.500326 0.901170 0.499348 0.904104 0.500326 0.904838 0.505869 0.905388 0.510107 0.906672 0.515649 0.907405 0.522496 0.907589 0.530321 0.908689 0.539450 0.909056 0.546948 0.911257 0.552817 0.909423 0.555751 0.906488 0.556403 0.905021 0.549883 0.904288 0.541406
6 0.912813 0.554577 0.915777 0.555330 0.918149 0.554426 0.920012 0.553222 0.924754 0.553071 0.931360 0.553222 0.937542 0.553071 0.942370 0.553222 0.946943 0.553824 0.951177 0.553975 0.952702 0.551265 0.953633 0.547200 0.953633 0.542532 0.953125 0.536661 0.951347 0.530488 0.950161 0.527326 0.949145 0.524767 0.946519 0.518293 0.944487 0.512572 0.942200 0.510313 0.937288 0.508657 0.932461 0.508808 0.925940 0.508808 0.921790 0.508808 0.917641 0.510163 0.914084 0.510915 0.911035 0.514830 0.909680 0.519949 0.908664 0.522508 0.907139 0.526423 0.907478 0.532746 0.907478 0.540726 0.909002 0.549458 0.910442 0.552770
