6 0.998264 0.774177 0.990162 0.776235 0.986111 0.780350 0.982060 0.784465 0.968750 0.785494 0.958333 0.784465 0.954861 0.780350 0.942130 0.778292 0.932292 0.775206 0.925926 0.776235 0.919560 0.783436 0.916667 0.763889 0.915509 0.747428 0.920718 0.728909 0.938657 0.718621 0.953125 0.704218 0.975116 0.695988 0.990162 0.692901 0.997106 0.691872
11 0.666848 0.730584 0.665435 0.724842 0.665233 0.718382 0.664628 0.707616 0.664022 0.704386 0.657966 0.704027 0.654332 0.706180 0.651506 0.710487 0.651102 0.719100 0.652515 0.725919 0.656351 0.727354 0.658168 0.727354 0.662609 0.727713
6 0.686632 0.731302 0.686228 0.734891 0.684008 0.733455 0.683402 0.731302 0.682393 0.733455 0.680778 0.732738 0.680979 0.729508 0.679970 0.727354 0.679970 0.723765 0.680979 0.719459 0.683200 0.716947 0.684815 0.714434 0.687641 0.712281 0.692890 0.713358 0.695111 0.713717 0.695514 0.720894 0.695111 0.726278 0.694101 0.729508 0.694101 0.732020 0.692688 0.732738 0.690468 0.733096
4 0.710049 0.737762 0.708031 0.735968 0.709040 0.729866 0.708838 0.722689 0.708636 0.717305 0.708434 0.711204 0.707021 0.705462 0.708031 0.701156 0.705002 0.701514 0.703186 0.707257 0.703186 0.713358 0.703186 0.721253 0.702984 0.729508 0.703387 0.736326 0.704397 0.738839 0.705406 0.738121 0.704801 0.732379 0.706012 0.733814 0.707021 0.737044
6 0.057741 0.729486 0.056618 0.722701 0.057965 0.716315 0.057516 0.708732 0.056169 0.695961 0.054373 0.692369 0.048312 0.690773 0.042699 0.691571 0.037536 0.692369 0.031250 0.690773 0.028556 0.689974 0.024515 0.689974 0.022270 0.692768 0.016209 0.693167 0.013739 0.695961 0.009249 0.701948 0.006106 0.706338 0.004759 0.711925 0.002065 0.715517 0.000269 0.722302 0.000045 0.731082 0.002514 0.737468 0.003412 0.740661 0.006780 0.741060 0.008351 0.735872 0.013290 0.737069 0.018454 0.735872 0.023393 0.736271 0.025189 0.738665 0.030128 0.741459 0.033270 0.739464 0.036413 0.735073 0.039556 0.734674 0.044944 0.732679 0.048761 0.732679 0.053251 0.737069 0.057516 0.735073
4 0.103697 0.706790 0.104824 0.704955 0.106044 0.702286 0.105762 0.699783 0.105105 0.697281 0.103791 0.695445 0.103322 0.692943 0.102196 0.691275 0.100038 0.693777 0.099568 0.696780 0.098630 0.699783 0.098161 0.701618 0.097504 0.703954 0.097128 0.706790 0.097128 0.707791 0.098724 0.705622 0.099381 0.703287 0.099850 0.705455 0.099381 0.707291 0.098911 0.709626 0.099005 0.714131 0.099756 0.717134 0.100225 0.720470 0.100976 0.723974 0.102853 0.724808 0.104073 0.722472 0.104448 0.717301 0.103791 0.713630 0.103791 0.710627
4 0.110360 0.718969 0.109328 0.721972 0.109234 0.723640 0.108014 0.724975 0.107733 0.723307 0.108390 0.719970 0.108483 0.716133 0.108671 0.711628 0.108859 0.706290 0.108859 0.703120 0.109328 0.698615 0.110642 0.696113 0.111674 0.695112 0.112237 0.698115 0.112425 0.699950 0.113082 0.703453 0.113457 0.707958 0.112800 0.711962 0.113645 0.716466 0.114865 0.721638 0.114865 0.724141 0.113739 0.723807 0.113176 0.720971 0.111862 0.716633 0.111205 0.713130 0.110642 0.716800
6 0.282181 0.748651 0.283216 0.744665 0.283216 0.735161 0.284078 0.728722 0.283561 0.717685 0.281319 0.712166 0.274765 0.707567 0.265970 0.705421 0.258727 0.704807 0.251311 0.705421 0.244757 0.708180 0.242688 0.712166 0.241480 0.716458 0.240446 0.715845 0.238204 0.715845 0.238893 0.721364 0.238549 0.722284 0.236479 0.726883 0.233892 0.733014 0.233547 0.741599 0.234065 0.747118 0.236996 0.756623 0.240446 0.754170 0.240791 0.750491 0.246999 0.751104 0.250448 0.750491 0.252518 0.755090 0.255450 0.753863 0.255622 0.749877 0.262348 0.747425 0.269247 0.749264 0.277007 0.748958
6 0.357279 0.735096 0.357279 0.738711 0.354307 0.738155 0.353682 0.736486 0.348051 0.736486 0.343515 0.735374 0.342421 0.737321 0.341013 0.738711 0.338354 0.737321 0.336946 0.731760 0.337259 0.727311 0.338667 0.716745 0.338198 0.712018 0.337416 0.708125 0.338041 0.702286 0.339449 0.697003 0.343985 0.695612 0.350241 0.695612 0.353056 0.695056 0.357436 0.696725 0.357905 0.698115 0.359156 0.705066 0.359469 0.708681 0.359625 0.712852 0.358374 0.714242 0.356810 0.715910 0.356810 0.722306 0.357279 0.726755
6 0.484907 0.736486 0.484281 0.731481 0.484125 0.727589 0.482248 0.718691 0.484125 0.716188 0.485220 0.715076 0.484125 0.711461 0.481779 0.712852 0.481309 0.709237 0.478651 0.702842 0.474740 0.701173 0.469579 0.703676 0.465669 0.702842 0.460195 0.702564 0.458318 0.704788 0.456441 0.711461 0.455190 0.716466 0.452531 0.724808 0.454251 0.731203 0.453626 0.738155 0.454720 0.743716 0.458474 0.744550 0.460977 0.743994 0.461289 0.738433 0.465982 0.738155 0.471456 0.738155 0.475835 0.738989 0.477086 0.739545 0.479745 0.743160 0.482717 0.743160 0.484907 0.741491
6 0.468641 0.700895 0.469892 0.698949 0.470361 0.695890 0.474115 0.695334 0.477243 0.695056 0.482717 0.696168 0.485689 0.697003 0.486784 0.702008 0.488973 0.710905 0.490225 0.721193 0.491007 0.726755 0.490537 0.732594 0.488191 0.735096 0.485532 0.733984 0.486158 0.731203 0.484281 0.723696 0.483343 0.718413 0.486002 0.713408 0.485220 0.709793 0.482873 0.710349 0.481153 0.710349 0.479433 0.704510 0.476461 0.701451 0.473176 0.701451
6 0.489286 0.704788 0.491476 0.704788 0.494291 0.704788 0.496794 0.707847 0.497889 0.709515 0.498983 0.715076 0.499453 0.718691 0.498827 0.721193 0.498358 0.723696 0.497419 0.727311 0.496012 0.725364 0.494760 0.725364 0.491945 0.723974 0.490537 0.722306 0.489755 0.718135 0.489599 0.711461
6 0.509306 0.708125 0.508211 0.712574 0.508211 0.714242 0.505865 0.720081 0.505709 0.722862 0.505552 0.726476 0.504614 0.734262 0.506960 0.738155 0.509463 0.737043 0.509463 0.734540 0.515093 0.734818 0.519785 0.735930 0.523070 0.735374 0.524478 0.738711 0.525729 0.738711 0.528701 0.734262 0.526980 0.723140 0.526354 0.718135 0.525416 0.711740 0.524008 0.707569 0.519629 0.705900 0.516814 0.703676 0.514937 0.704510 0.513842 0.706178
8 0.506491 0.715910 0.505396 0.712574 0.505396 0.707013 0.505240 0.700617 0.505709 0.694500 0.507116 0.690329 0.511809 0.689495 0.516970 0.690329 0.521193 0.691441 0.523070 0.694500 0.523852 0.700339 0.523539 0.705622 0.521037 0.707013 0.518534 0.706735 0.516344 0.703120 0.514155 0.704510 0.511809 0.707013 0.509150 0.709793
