6 0.114826 0.783341 0.109577 0.791954 0.104732 0.790159 0.103117 0.795543 0.099887 0.800567 0.094234 0.803797 0.088582 0.811334 0.086361 0.818511 0.084948 0.832508 0.083939 0.840403 0.083939 0.842916 0.085756 0.847940 0.086160 0.853682 0.087976 0.857989 0.090803 0.859424 0.096657 0.860142 0.099281 0.857630 0.101502 0.852964 0.101098 0.849376 0.123304 0.848299 0.124516 0.855118 0.126130 0.856553 0.132590 0.859065 0.138445 0.859065 0.144299 0.854400 0.146722 0.849017 0.162871 0.849734 0.163881 0.856912 0.166505 0.860501 0.172561 0.859783 0.176397 0.856194 0.181242 0.843633 0.181040 0.834302 0.180031 0.823895 0.176599 0.816358 0.172561 0.807027 0.169331 0.799131 0.164890 0.789083 0.159238 0.781187 0.157825 0.777598 0.153989 0.775804 0.123102 0.773651 0.119267 0.776881
6 0.344058 0.832185 0.344878 0.837835 0.344365 0.842574 0.343442 0.846402 0.342520 0.850047 0.340982 0.851323 0.338624 0.851323 0.336881 0.851323 0.335548 0.848589 0.334215 0.846584 0.330832 0.846402 0.328063 0.846402 0.327653 0.849865 0.326731 0.851870 0.324167 0.852417 0.321194 0.851323 0.319759 0.848042 0.319759 0.846402 0.317606 0.846220 0.315658 0.846584 0.314120 0.848042 0.313300 0.851506 0.312685 0.853328 0.311454 0.853328 0.308789 0.853328 0.307251 0.849318 0.304072 0.846584 0.301817 0.846220 0.299151 0.846220 0.297818 0.847678 0.296485 0.851870 0.295460 0.853328 0.293512 0.853328 0.290231 0.852964 0.289411 0.848954 0.289206 0.843121 0.289309 0.839476 0.290129 0.832185 0.290436 0.826899 0.290539 0.823254 0.293102 0.818150 0.295768 0.812318 0.298433 0.809219 0.300689 0.805938 0.302329 0.801017 0.304893 0.794273 0.306635 0.788076 0.310942 0.786618 0.318529 0.787894 0.325808 0.787529 0.330114 0.786800 0.335445 0.786982 0.340777 0.787529 0.343135 0.790628 0.344468 0.795002 0.344878 0.799377 0.345903 0.805938 0.346518 0.810495 0.345801 0.818879 0.345288 0.823983
6 0.406568 0.842649 0.405805 0.845585 0.404789 0.844794 0.404027 0.842197 0.403519 0.837907 0.403519 0.833164 0.403646 0.828760 0.405170 0.825486 0.406123 0.824243 0.407965 0.821533 0.409680 0.817468 0.411204 0.813742 0.412221 0.811597 0.414634 0.811258 0.420541 0.811258 0.422510 0.811710 0.424606 0.811935 0.426893 0.812726 0.428671 0.813855 0.430196 0.816678 0.431339 0.820517 0.431911 0.823566 0.433181 0.825260 0.433880 0.829099 0.433943 0.832712 0.433435 0.835422 0.433054 0.838923 0.432863 0.842536 0.432228 0.844794 0.431657 0.845020 0.430132 0.845246 0.428925 0.844117 0.428163 0.842197 0.427020 0.842197 0.426258 0.842875 0.426067 0.845133 0.424543 0.846827 0.423145 0.844794 0.422510 0.842762 0.420224 0.842649
6 0.454896 0.814538 0.455646 0.814128 0.458760 0.814230 0.462971 0.814435 0.467585 0.814538 0.468738 0.815358 0.469488 0.817204 0.469777 0.820383 0.470584 0.821613 0.471103 0.823972 0.470642 0.825305 0.469777 0.825817 0.469604 0.828278 0.469661 0.831252 0.469315 0.834123 0.469085 0.837199 0.468911 0.839660 0.468392 0.843556 0.467989 0.846222 0.467239 0.846633 0.465682 0.846325 0.465278 0.845300 0.464586 0.845095 0.462682 0.844889 0.460087 0.844889 0.457376 0.844889 0.455588 0.844684 0.454492 0.844479 0.448320 0.843249 0.447340 0.843146 0.446821 0.842326 0.446878 0.839763 0.446705 0.836071 0.446705 0.832995 0.446878 0.829919 0.447859 0.826740 0.448840 0.824894 0.449993 0.823869 0.451839 0.822023 0.453223 0.820690
6 0.594557 0.850231 0.594453 0.852639 0.595339 0.853750 0.596849 0.853380 0.597526 0.851991 0.597682 0.846713 0.597526 0.843750 0.596745 0.838843 0.596536 0.835324 0.595547 0.832824 0.594870 0.829769 0.594193 0.826528 0.592682 0.825324 0.591016 0.825324 0.586953 0.825417 0.584870 0.825602 0.582943 0.826250 0.581641 0.830602 0.581432 0.832083 0.580339 0.831528 0.580078 0.834213 0.580391 0.835139 0.580547 0.838750 0.580495 0.844861 0.580339 0.849028 0.580234 0.851435 0.581276 0.853009 0.582526 0.853287 0.583307 0.851435 0.583307 0.849583 0.585807 0.848750 0.588620 0.848935 0.590859 0.849213 0.593411 0.849306 0.594193 0.849306
8 0.619297 0.837824 0.619036 0.839398 0.618880 0.840509 0.618255 0.840694 0.617474 0.839213 0.617005 0.838194 0.614974 0.838287 0.613984 0.838287 0.613307 0.839583 0.613411 0.840880 0.612422 0.841806 0.611380 0.840972 0.611120 0.839028 0.610651 0.833565 0.610755 0.821250 0.611068 0.820694 0.612214 0.820694 0.612943 0.820602 0.614766 0.820880 0.616849 0.820787 0.618516 0.820602 0.619557 0.821065 0.620130 0.821991 0.620182 0.823102 0.619818 0.825231 0.619453 0.832361 0.619557 0.835231
6 0.686389 0.880348 0.686501 0.886135 0.685940 0.891124 0.687174 0.895115 0.689195 0.898108 0.693236 0.901700 0.695032 0.900902 0.695705 0.895913 0.697614 0.893519 0.732523 0.893718 0.733309 0.899904 0.735666 0.905093 0.739931 0.905292 0.742513 0.900104 0.742850 0.892122 0.741952 0.880548 0.740493 0.864384 0.738921 0.855803 0.737237 0.846624 0.734431 0.841834 0.730727 0.832455 0.729492 0.826668 0.727808 0.823475 0.719390 0.822478 0.714226 0.822278 0.706257 0.822478 0.699522 0.823875 0.695705 0.824274 0.694134 0.828464 0.693460 0.836646 0.691103 0.845227 0.688970 0.850016 0.686725 0.855204 0.685379 0.859395 0.685379 0.867577 0.685379 0.875758
6 0.704562 0.821900 0.703135 0.819907 0.701199 0.816826 0.700077 0.809397 0.698549 0.807766 0.694574 0.807041 0.690904 0.807041 0.686929 0.805954 0.686318 0.805229 0.685298 0.802874 0.682546 0.802874 0.680202 0.802874 0.674698 0.802874 0.672252 0.804142 0.671233 0.805229 0.669806 0.806860 0.669194 0.809941 0.668379 0.812840 0.665117 0.817189 0.663589 0.825705 0.661754 0.836939 0.661754 0.847449 0.661346 0.855784 0.661856 0.868105 0.663996 0.883326 0.664506 0.887494 0.666035 0.888400 0.668175 0.888400 0.669806 0.886225 0.670214 0.882058 0.670825 0.880427 0.673679 0.880789 0.675106 0.880427 0.677246 0.881152 0.678368 0.886769 0.681120 0.889487 0.682139 0.889487 0.683260 0.887494 0.683056 0.883145 0.684177 0.881695 0.686114 0.881514 0.685910 0.870099 0.686114 0.863938 0.686623 0.857415 0.687541 0.851435 0.689070 0.847992 0.691006 0.842738 0.692637 0.834584 0.693350 0.827879 0.694370 0.823893 0.697326 0.822806 0.702626 0.822806
6 0.662492 0.830115 0.656319 0.830732 0.655348 0.833444 0.654794 0.835170 0.654447 0.837513 0.653823 0.839362 0.652228 0.838129 0.650771 0.838376 0.650910 0.840842 0.652020 0.842568 0.652852 0.842568 0.652644 0.848609 0.652228 0.850829 0.652228 0.853664 0.651742 0.856870 0.651673 0.861062 0.652782 0.864637 0.655973 0.866240 0.656874 0.866117 0.657082 0.862665 0.657845 0.861432 0.660689 0.861062 0.661035 0.861062 0.661590 0.845157 0.661659 0.837513 0.661798 0.833074
6 0.657161 0.829769 0.655599 0.829120 0.650651 0.829306 0.647734 0.829028 0.647214 0.830787 0.646380 0.833380 0.646068 0.835046 0.645651 0.834306 0.645182 0.833843 0.643724 0.833750 0.642943 0.835139 0.643464 0.837176 0.643984 0.837917 0.644297 0.838565 0.644297 0.840417 0.643724 0.843287 0.643359 0.846528 0.643151 0.849861 0.643151 0.853009 0.643047 0.857917 0.643047 0.861343 0.644141 0.862546 0.645911 0.862917 0.646745 0.863194 0.647474 0.862269 0.647943 0.859213 0.649089 0.858843 0.651068 0.858565 0.651641 0.858009 0.652057 0.853657 0.652526 0.843843 0.652318 0.843009 0.650911 0.841713 0.649870 0.838935 0.650599 0.836806 0.652109 0.836806 0.653359 0.836898 0.654297 0.837176 0.654766 0.834676 0.655078 0.833287 0.655755 0.831528
6 0.995632 0.864210 0.992902 0.855623 0.985971 0.847782 0.980091 0.845915 0.969800 0.848529 0.962450 0.848529 0.958039 0.850022 0.954049 0.858983 0.951949 0.864583 0.947749 0.868690 0.943758 0.873544 0.941868 0.882131 0.942708 0.888852 0.944178 0.895572 0.948169 0.899679 0.951109 0.900426 0.951949 0.895945 0.959509 0.894079 0.966230 0.894079 0.968960 0.900799 0.972110 0.904533 0.976941 0.906399 0.981561 0.898932 0.986181 0.897439 0.991641 0.897439 0.998152 0.894079 0.999412 0.889225 0.998362 0.877651
6 0.954049 0.855249 0.946699 0.846289 0.943338 0.844795 0.935778 0.844795 0.929057 0.847782 0.926537 0.853383 0.924857 0.858610 0.922547 0.864210 0.921287 0.870557 0.918767 0.872424 0.919187 0.877651 0.917507 0.883998 0.917717 0.889598 0.920237 0.895945 0.924017 0.895572 0.928007 0.894825 0.935988 0.897065 0.941658 0.895572 0.942498 0.890345 0.941658 0.881758 0.943758 0.876904 0.946699 0.869437 0.950689 0.864957 0.954259 0.858983
9 0.587375 0.742992 0.587517 0.753365 0.642873 0.755895 0.642589 0.745269
