6 0.001020 0.557304 0.105915 0.550181 0.160184 0.551476 0.192235 0.557304 0.255609 0.572844 0.322625 0.599391 0.337194 0.614931 0.345571 0.633709 0.358319 0.661551 0.370702 0.698459 0.373616 0.693926 0.384178 0.691984 0.391098 0.699754 0.392191 0.707524 0.392920 0.717884 0.387456 0.725654 0.384178 0.728244 0.393648 0.740546 0.404210 0.758029 0.408217 0.778102 0.412223 0.819542 0.412223 0.843499 0.410402 0.865514 0.410038 0.900479 0.406396 0.930264 0.399476 0.943862 0.390006 0.950984 0.374709 0.949689 0.368153 0.938682 0.364875 0.923142 0.353948 0.926379 0.332823 0.942567 0.306600 0.962639 0.293852 0.965229 0.284747 0.978179 0.282561 0.995014 0.277513 1.000000 0.241769 1.000000 0.097538 1.000000 0.000000 1.000000
6 0.412693 0.806412 0.506623 0.809088 0.506322 0.818187 0.506924 0.830497 0.512645 0.840666 0.518666 0.848159 0.528902 0.848694 0.532213 0.837990 0.533117 0.819792 0.535224 0.799454 0.533719 0.761989 0.535224 0.705791 0.530407 0.688129 0.527396 0.676889 0.532816 0.680101 0.537331 0.678495 0.541245 0.673678 0.540643 0.664044 0.538536 0.659762 0.533117 0.655481 0.527396 0.655481 0.525289 0.658157 0.523182 0.660298 0.510236 0.614804 0.504817 0.604635 0.497592 0.605170 0.492474 0.607311 0.480732 0.605170 0.463572 0.602494 0.453938 0.604635 0.434369 0.605705 0.424133 0.606776 0.419015 0.604100 0.415101 0.606776 0.410585 0.614269 0.406973 0.618015 0.395532 0.639959 0.390715 0.664044 0.379877 0.684382 0.379877 0.688129 0.386802 0.687594 0.391317 0.692946 0.394027 0.705256 0.394328 0.716495 0.391317 0.726129 0.387705 0.728270 0.397941 0.745932 0.405768 0.760918 0.409080 0.785003
6 0.352339 0.645852 0.365119 0.644874 0.373365 0.645852 0.380923 0.646829 0.385320 0.649516 0.384908 0.654647 0.382160 0.660021 0.378999 0.665641 0.376938 0.669061 0.376525 0.669549 0.377075 0.669305 0.373502 0.675413 0.369379 0.676146 0.365257 0.676146 0.362371 0.671504 0.359622 0.662465 0.356187 0.653914
6 0.731829 0.638477 0.726736 0.631893 0.723264 0.628601 0.712616 0.626132 0.701273 0.624486 0.689468 0.624074 0.687384 0.620782 0.685995 0.622840 0.683218 0.624486 0.664236 0.624486 0.647106 0.628601 0.639931 0.636008 0.631134 0.657819 0.629051 0.672634 0.625810 0.680453 0.624421 0.671811 0.619097 0.672222 0.613079 0.677160 0.610532 0.684156 0.615856 0.689095 0.621875 0.689506 0.625810 0.687860 0.621412 0.695679 0.619792 0.712140 0.619329 0.736008 0.618634 0.758642 0.618634 0.776749 0.619329 0.787449 0.620949 0.789918 0.625347 0.791564 0.629282 0.790741 0.631597 0.786626 0.632292 0.783745 0.631829 0.792387 0.632986 0.803909 0.632986 0.812140 0.637616 0.816255 0.643866 0.818313 0.651505 0.818724 0.656597 0.813374 0.658681 0.804321 0.659375 0.794033 0.665394 0.792798 0.672569 0.793210 0.678819 0.791975 0.690394 0.794444 0.695718 0.794033 0.695486 0.774691 0.695949 0.766049 0.697569 0.755350 0.697569 0.744650 0.697338 0.734362 0.697338 0.721605 0.697801 0.706790 0.698958 0.698148 0.700116 0.683333 0.701736 0.671811 0.705208 0.658642 0.713773 0.650412 0.723958 0.646708
8 0.999709 0.212833 0.945804 0.269814 0.881702 0.330031 0.794289 0.416796 0.774257 0.443344 0.756046 0.475719 0.738715 0.511707 0.724946 0.548957 0.717762 0.572903 0.709082 0.576096 0.701000 0.575032 0.695612 0.584078 0.695612 0.592593 0.702796 0.596318 0.712374 0.595253 0.706986 0.631439 0.698306 0.681992 0.697602 0.722324 0.696171 0.787444 0.699319 0.827635 0.700750 0.855617 0.704756 0.872405 0.709335 0.884107 0.716775 0.880545 0.718006 0.902557 0.721478 0.929894 0.727927 0.943122 0.740327 0.946649 0.751240 0.944885 0.759177 0.934303 0.759177 0.919312 0.827133 0.967813 0.842014 0.963580 0.838542 0.990741 0.846875 0.998148 0.940625 0.999383 1.000000 0.999383 1.000000 0.590741
8 0.618712 0.725443 0.616099 0.725443 0.616273 0.733494 0.616099 0.740307 0.614879 0.745572 0.612789 0.748978 0.607215 0.750836 0.605299 0.745262 0.604602 0.732875 0.604776 0.724204 0.603034 0.711817 0.601641 0.697882 0.602512 0.682708 0.602163 0.669082 0.601118 0.660411 0.599551 0.653598 0.597983 0.646476 0.594847 0.642450 0.591290 0.639145 0.592009 0.634541 0.592297 0.627635 0.593016 0.621496 0.591002 0.616380 0.587693 0.612032 0.584384 0.610497 0.581074 0.609986 0.580931 0.610241 0.580643 0.606661 0.580787 0.599499 0.581506 0.592337 0.582801 0.580827 0.584671 0.572130 0.592872 0.562922 0.603807 0.551668 0.608843 0.546552 0.616036 0.542971 0.635604 0.538879 0.659487 0.538623 0.681644 0.541948 0.685097 0.545273 0.688838 0.562666 0.690852 0.577502 0.695313 0.624054 0.691859 0.624309 0.690277 0.622263 0.688838 0.620473 0.687112 0.620473 0.686248 0.623030 0.684090 0.625333 0.661358 0.624821 0.646107 0.629425 0.641359 0.634541 0.636035 0.647585 0.630712 0.660630 0.628554 0.674954 0.626108 0.681093 0.624813 0.671373 0.620209 0.670606 0.614885 0.673419 0.611001 0.679814 0.609418 0.685697 0.611145 0.686464 0.613878 0.689789 0.619490 0.691324 0.624237 0.689022 0.623806 0.691835 0.620784 0.698742 0.619921 0.709229 0.618626 0.719460
8 0.536297 0.645205 0.536055 0.641186 0.535732 0.639032 0.534036 0.638458 0.534197 0.634582 0.534359 0.631281 0.535328 0.627835 0.536539 0.626830 0.536701 0.623098 0.537831 0.619796 0.539042 0.616207 0.540980 0.613767 0.540738 0.609891 0.541303 0.606015 0.543403 0.605441 0.561975 0.605441 0.563671 0.606302 0.564801 0.608168 0.564801 0.614198 0.566416 0.614772 0.567143 0.617069 0.567385 0.621088 0.567385 0.625538 0.566174 0.624103 0.565044 0.623672 0.561814 0.624821 0.559714 0.627117 0.558018 0.629558 0.557292 0.632572 0.556969 0.637023 0.554465 0.638028 0.550509 0.638602 0.547172 0.638584 0.543517 0.635335 0.541118 0.637366 0.540319 0.640209 0.540090 0.644270 0.538491 0.646503
5 0.577806 0.777211 0.580833 0.777211 0.582903 0.782308 0.584974 0.788255 0.586248 0.796183 0.588159 0.799015 0.591026 0.798448 0.591823 0.807793 0.592778 0.810624 0.596920 0.812606 0.599309 0.809491 0.599468 0.803545 0.598990 0.795334 0.598672 0.790520 0.599468 0.782875 0.603768 0.782025 0.604883 0.776079 0.606317 0.768717 0.609025 0.763620 0.608387 0.757957 0.606476 0.750595 0.604246 0.753993 0.601379 0.754276 0.598831 0.745498 0.597079 0.732473 0.596282 0.721996 0.595008 0.712935 0.592778 0.699343 0.591186 0.697078 0.584177 0.696795 0.580196 0.701042 0.577806 0.707838 0.575577 0.713501 0.574939 0.721146 0.575258 0.723978 0.575099 0.725394 0.572710 0.729358 0.572073 0.733888 0.573825 0.736720 0.575099 0.744082 0.575736 0.750878 0.576373 0.758806 0.576532 0.764469 0.576532 0.774663
4 0.575895 0.776645 0.574780 0.781176 0.572710 0.781176 0.571117 0.781176 0.570161 0.777211 0.570480 0.771265 0.571913 0.765602 0.572550 0.761071 0.570958 0.757390 0.569046 0.751444 0.568887 0.742383 0.568091 0.731057 0.567772 0.720014 0.568887 0.710669 0.569843 0.708121 0.567931 0.691698 0.566657 0.687450 0.565224 0.693114 0.564268 0.691415 0.562994 0.686884 0.563312 0.675841 0.563472 0.665647 0.564427 0.654887 0.566976 0.646959 0.571754 0.643278 0.578026 0.645553 0.575264 0.637486 0.573686 0.625561 0.576645 0.615741 0.583550 0.612935 0.589469 0.615390 0.593020 0.624509 0.592823 0.636083 0.590653 0.640292 0.597360 0.645903 0.599728 0.649762 0.600517 0.662388 0.602095 0.674313 0.600911 0.691849 0.600911 0.696058 0.603082 0.718154 0.605054 0.734989 0.604857 0.745861 0.605646 0.750772 0.604857 0.754279 0.600517 0.752876 0.600122 0.736041 0.597360 0.723064 0.595979 0.708333 0.593415 0.698162 0.589272 0.695356 0.585523 0.697811 0.578421 0.702722 0.575067 0.712542 0.574278 0.726221 0.572502 0.726922 0.570727 0.735340 0.572305 0.743056 0.573883 0.754279 0.575462 0.767256
4 0.570891 0.641049 0.570428 0.634053 0.569155 0.629938 0.567650 0.627881 0.563484 0.626440 0.560590 0.628086 0.558275 0.632613 0.557697 0.639609 0.559086 0.643930 0.559780 0.645782 0.557118 0.648045 0.555845 0.651132 0.553993 0.658951 0.553646 0.667593 0.553762 0.676440 0.555150 0.680761 0.556655 0.683642 0.554340 0.687963 0.552141 0.692078 0.551678 0.698663 0.551100 0.707099 0.551794 0.716152 0.552025 0.722531 0.556308 0.725823 0.558854 0.723560 0.560012 0.718210 0.560012 0.713272 0.560243 0.704630 0.560706 0.693724 0.562095 0.690432 0.562442 0.685288 0.563368 0.674383 0.563368 0.671708 0.560937 0.673148 0.557813 0.670267 0.556424 0.664506 0.556655 0.659774 0.560706 0.658539 0.562674 0.659156 0.563484 0.656481 0.564525 0.653189 0.565683 0.648251 0.567535 0.645370 0.570081 0.642901
