4 0.179846 0.895663 0.179180 0.904538 0.179180 0.913708 0.178681 0.921696 0.177682 0.928795 0.177682 0.935008 0.178015 0.939741 0.177516 0.941812 0.174188 0.941812 0.173023 0.940924 0.172857 0.930275 0.173689 0.913708 0.173356 0.906609 0.172857 0.909567 0.172358 0.917258 0.171026 0.925541 0.170194 0.931754 0.170194 0.935599 0.170194 0.937966 0.169196 0.941812 0.166866 0.940333 0.164204 0.939445 0.163538 0.933529 0.166034 0.917258 0.166866 0.902467 0.166866 0.894184 0.166534 0.889747 0.165535 0.884422 0.165369 0.877322 0.166367 0.870814 0.166866 0.865785 0.168364 0.861644 0.170194 0.860164 0.170694 0.855135 0.171193 0.850106 0.172025 0.845965 0.173855 0.843303 0.176518 0.842415 0.179180 0.843303 0.179513 0.848036 0.178847 0.853952 0.178681 0.858685 0.181010 0.862827 0.182508 0.869039 0.184671 0.868152 0.188498 0.867856 0.190495 0.871997 0.191660 0.878801 0.190994 0.881760 0.188498 0.886197 0.183506 0.887972 0.181676 0.889155
4 0.153004 0.935722 0.153608 0.937332 0.155571 0.938406 0.157231 0.937869 0.158288 0.933843 0.157986 0.930086 0.156929 0.927134 0.157835 0.921229 0.159043 0.914788 0.160100 0.908884 0.160854 0.904321 0.161156 0.897880 0.161458 0.891439 0.161005 0.885266 0.160402 0.877483 0.159949 0.871041 0.159647 0.867552 0.159496 0.865137 0.160704 0.864868 0.162515 0.863527 0.163874 0.857890 0.163874 0.850107 0.163270 0.842056 0.162515 0.835346 0.160704 0.832126 0.158892 0.830247 0.158137 0.827026 0.158892 0.822732 0.158439 0.816559 0.156778 0.813875 0.155571 0.813339 0.153306 0.813607 0.150740 0.818170 0.149985 0.821927 0.149683 0.826758 0.148475 0.830515 0.145003 0.835346 0.142437 0.842056 0.141229 0.850107 0.140172 0.860574 0.140172 0.869431 0.140172 0.876141 0.141833 0.882582 0.143644 0.887950 0.143795 0.896538 0.145003 0.911299 0.144852 0.921498 0.146362 0.936527 0.147418 0.940821 0.150438 0.942163 0.151947 0.938406 0.151495 0.931965 0.151193 0.926597 0.151042 0.920424 0.150891 0.915325 0.150589 0.909420 0.150136 0.905126 0.151646 0.899222 0.152551 0.898148 0.153155 0.904858 0.153457 0.906468 0.153155 0.910762 0.151796 0.915325 0.151796 0.922303 0.151947 0.927939
6 0.412616 0.954115 0.412384 0.963580 0.411227 0.970576 0.407523 0.975514 0.401273 0.975514 0.397106 0.968930 0.395949 0.949588 0.395949 0.941358 0.395023 0.935597 0.394560 0.929835 0.394560 0.922840 0.392940 0.914609 0.394329 0.900617 0.394792 0.887037 0.395486 0.871399 0.397569 0.858642 0.399884 0.844650 0.404745 0.831070 0.407292 0.821605 0.411921 0.815021 0.421875 0.815021 0.429282 0.814198 0.442708 0.813786 0.456134 0.815021 0.468403 0.816255 0.476968 0.818313 0.485532 0.820782 0.491551 0.825309 0.494792 0.831070 0.498032 0.845885 0.502199 0.864403 0.503819 0.860700 0.508912 0.861111 0.511458 0.866872 0.511458 0.869753 0.510532 0.873045 0.507986 0.875103 0.503819 0.875514 0.510764 0.899383 0.510301 0.915021 0.510301 0.922428 0.509838 0.932305 0.510069 0.942593 0.508218 0.953704 0.508218 0.959053 0.505208 0.961111 0.501505 0.961934 0.498958 0.957819 0.498264 0.952058 0.498495 0.950000 0.498032 0.946296 0.495023 0.946296 0.494097 0.949588 0.494792 0.956584 0.494560 0.965226 0.492477 0.973868 0.489931 0.975103 0.485764 0.975103 0.482292 0.971399 0.481134 0.960288 0.477199 0.953704 0.472338 0.954938 0.466319 0.952881 0.462384 0.954115 0.459144 0.949588 0.456366 0.948354 0.450116 0.951646 0.448495 0.956173 0.438542 0.954115 0.436690 0.950412 0.436921 0.956584 0.436690 0.959465 0.433449 0.961523 0.426505 0.957407 0.423958 0.952058 0.422338 0.950823 0.420023 0.954938 0.415625 0.956996
6 0.568020 0.854607 0.566103 0.858015 0.564585 0.860571 0.564106 0.861566 0.562907 0.865116 0.562029 0.867388 0.561869 0.868240 0.561789 0.872359 0.561629 0.877045 0.561949 0.880737 0.562109 0.884856 0.562987 0.888264 0.564745 0.888548 0.566103 0.888122 0.567301 0.885708 0.568020 0.883720 0.569937 0.883720 0.573612 0.884572 0.575928 0.884572 0.578964 0.884572 0.581280 0.884998 0.581360 0.887270 0.582558 0.889684 0.584156 0.889684 0.586153 0.887554 0.586393 0.885424 0.586872 0.880169 0.586872 0.873211 0.586153 0.868666 0.585594 0.866820 0.587112 0.865684 0.587112 0.863270 0.585993 0.862702 0.584476 0.862276 0.583357 0.860429 0.582319 0.857163 0.581280 0.853897 0.578165 0.852051 0.575369 0.850915 0.571934 0.850631 0.570496 0.851199
6 0.587318 0.879861 0.588776 0.879861 0.591745 0.880139 0.593516 0.879769 0.595547 0.880417 0.596172 0.881620 0.597318 0.882639 0.598880 0.882731 0.599349 0.880046 0.599505 0.877361 0.599505 0.873102 0.598828 0.869676 0.597682 0.865509 0.597266 0.862824 0.596068 0.860231 0.594714 0.858750 0.592995 0.858194 0.590234 0.857824 0.587995 0.857546 0.586380 0.857639 0.584766 0.858750 0.583880 0.861806 0.584297 0.863565 0.585286 0.862083 0.586172 0.861806 0.586693 0.863287 0.586849 0.865231 0.586380 0.867546 0.586328 0.870139 0.586068 0.873935 0.585859 0.876435 0.586172 0.879306
6 0.625495 0.889861 0.624922 0.891806 0.624297 0.894028 0.623099 0.895602 0.622630 0.892917 0.622318 0.890602 0.622057 0.887176 0.621849 0.884306 0.621380 0.880787 0.621693 0.875972 0.622474 0.872361 0.623568 0.867731 0.624609 0.864583 0.625547 0.861250 0.626953 0.859583 0.629661 0.859120 0.631120 0.859583 0.631432 0.858472 0.631901 0.857176 0.633411 0.856157 0.635339 0.856435 0.636484 0.857824 0.637318 0.860417 0.637995 0.860602 0.639505 0.860787 0.641120 0.862083 0.643151 0.864583 0.643932 0.867269 0.644974 0.870324 0.645964 0.874120 0.646276 0.877824 0.646120 0.882083 0.646224 0.886528 0.646484 0.890046 0.646380 0.893287 0.646016 0.895509 0.645755 0.896620 0.643984 0.897083 0.643255 0.894306 0.642943 0.891898 0.639974 0.891065 0.636484 0.890787 0.633411 0.890509 0.629714 0.890417 0.627370 0.889306
8 0.618046 0.829518 0.618389 0.829518 0.641913 0.832570 0.642371 0.836640 0.642485 0.843254 0.642428 0.848850 0.642428 0.855260 0.642142 0.861264 0.641226 0.862179 0.640596 0.861162 0.637849 0.860450 0.637620 0.859534 0.636933 0.858008 0.636361 0.856278 0.634873 0.855260 0.632355 0.854853 0.630924 0.856481 0.630523 0.857906 0.628634 0.858109 0.626402 0.858618 0.624399 0.861772 0.623941 0.863706 0.623140 0.868793 0.621938 0.871337 0.621251 0.875814 0.620965 0.878765 0.621480 0.882123 0.620793 0.885277 0.620393 0.886396 0.618332 0.885073 0.617760 0.882530 0.617016 0.880596 0.616558 0.878663 0.617188 0.875000 0.617188 0.871439
6 0.604453 0.875231 0.604141 0.876250 0.602682 0.876620 0.600859 0.876065 0.600026 0.873102 0.600078 0.870880 0.600286 0.868194 0.600703 0.866250 0.601328 0.862546 0.602318 0.859028 0.603411 0.857361 0.605339 0.857176 0.607005 0.857176 0.609245 0.856991 0.610755 0.856898 0.612005 0.858472 0.612682 0.860509 0.613047 0.863194 0.613203 0.865324 0.613151 0.869213 0.612943 0.872639 0.612682 0.874861 0.612005 0.875509 0.611745 0.875787 0.611172 0.876620 0.609661 0.876620 0.609089 0.875324 0.608776 0.874769 0.606849 0.874583 0.605807 0.874583
4 0.698328 0.859017 0.696058 0.860783 0.696058 0.865072 0.695774 0.868352 0.694496 0.872893 0.693361 0.877435 0.692084 0.885256 0.691942 0.891563 0.693077 0.896357 0.693787 0.896105 0.693929 0.899889 0.693787 0.903926 0.694496 0.909729 0.694638 0.916036 0.694780 0.923857 0.696767 0.925623 0.698328 0.924362 0.698470 0.916036 0.698328 0.909476 0.699180 0.902664 0.699889 0.900646 0.700883 0.908972 0.702586 0.923100 0.704998 0.924109 0.705282 0.922091 0.705282 0.919063 0.704714 0.915784 0.704005 0.910233 0.703153 0.902664 0.703011 0.897871 0.703011 0.894591 0.704714 0.884751 0.704289 0.880462 0.704289 0.877182 0.703011 0.872893 0.701308 0.869866 0.701734 0.864820 0.701876 0.861540 0.701167 0.858512 0.699889 0.856746
4 0.704714 0.859522 0.703011 0.857756 0.701450 0.853971 0.701167 0.851448 0.703579 0.848925 0.707695 0.851700 0.707553 0.854980 0.706843 0.856999 0.709256 0.861540 0.710107 0.864315 0.712662 0.868352 0.712804 0.871884 0.711810 0.877182 0.711385 0.880967 0.711526 0.887779 0.710249 0.896357 0.709965 0.901403 0.711526 0.911747 0.712094 0.918811 0.712236 0.923353 0.709823 0.925119 0.706417 0.924614 0.706134 0.920577 0.705850 0.912251 0.705566 0.904935 0.704431 0.902917 0.703579 0.901150 0.703579 0.895095 0.703863 0.888788 0.704431 0.882481 0.704573 0.877182 0.703295 0.872136 0.703011 0.867343 0.703437 0.864568
6 0.801605 0.894463 0.800967 0.898054 0.799479 0.899187 0.797353 0.897865 0.795865 0.894085 0.795653 0.895597 0.794802 0.897676 0.792251 0.897298 0.790551 0.892385 0.791295 0.886905 0.791826 0.882937 0.792570 0.878023 0.795227 0.874433 0.799160 0.872166 0.801818 0.871032 0.806388 0.871410 0.811065 0.871977 0.813616 0.872354 0.815742 0.875378 0.817761 0.881992 0.818824 0.889550 0.819143 0.894841 0.818399 0.897865 0.816699 0.898810 0.814360 0.901077 0.812341 0.900510 0.810427 0.896164 0.809577 0.895219 0.805857 0.894463 0.803625 0.893896
