6 0.074249 0.855477 0.082122 0.856553 0.081516 0.859783 0.083939 0.863731 0.088986 0.863731 0.093023 0.862654 0.101502 0.798055 0.098878 0.794825 0.095849 0.793748 0.088986 0.792313 0.082122 0.790877 0.076672 0.790518 0.071625 0.791595 0.065770 0.794107 0.059714 0.795543 0.050832 0.798773 0.046592 0.802003 0.040738 0.812769 0.037912 0.819588 0.037104 0.839327 0.036499 0.846146 0.038719 0.852606 0.042555 0.853323 0.056686 0.858707 0.061733 0.857989 0.065165 0.859424 0.068193 0.864449 0.070212 0.864090
6 0.306803 0.816219 0.301914 0.822570 0.298342 0.829924 0.294769 0.836275 0.291761 0.843295 0.290633 0.848977 0.291573 0.860008 0.293077 0.863685 0.295333 0.861011 0.296837 0.859005 0.304358 0.859339 0.305487 0.862682 0.308683 0.863351 0.310375 0.861345 0.310939 0.859674 0.314700 0.858337 0.316204 0.859339 0.319965 0.865022 0.322785 0.861679 0.325041 0.857334 0.328802 0.856665 0.330870 0.854994 0.331810 0.848977 0.333503 0.838281 0.332186 0.825244 0.328050 0.813879 0.324665 0.812208 0.320153 0.812208 0.316016 0.808196 0.313196 0.810870 0.311127 0.811539 0.307931 0.813210
6 0.357920 0.857321 0.357281 0.860271 0.357281 0.862314 0.355494 0.863903 0.352558 0.862995 0.352303 0.856867 0.352303 0.852782 0.353452 0.844612 0.353962 0.839847 0.355239 0.833492 0.357281 0.828499 0.360728 0.822372 0.362771 0.819422 0.365324 0.816245 0.368643 0.814202 0.374004 0.814429 0.378600 0.814429 0.382685 0.815791 0.386004 0.819876 0.388174 0.825776 0.389578 0.831677 0.390599 0.835535 0.390982 0.839393 0.390982 0.844612 0.391621 0.850286 0.390599 0.855279 0.390217 0.859364 0.390089 0.863449 0.388046 0.864583 0.386515 0.864129 0.385876 0.861860 0.385238 0.858456 0.382430 0.858683 0.381025 0.859818 0.380770 0.862768 0.378983 0.864129 0.376685 0.861633 0.375791 0.858456 0.372345 0.859818 0.367622 0.860498 0.366856 0.861179 0.365579 0.863903 0.363154 0.864129 0.362388 0.861406 0.361494 0.859364
6 0.401980 0.850769 0.401656 0.852686 0.400901 0.853740 0.399931 0.853932 0.399014 0.853453 0.398475 0.851344 0.397882 0.847126 0.398206 0.843580 0.398529 0.839171 0.399122 0.836103 0.400254 0.834282 0.401602 0.832174 0.402735 0.830544 0.403382 0.828915 0.404676 0.824314 0.405430 0.822013 0.406940 0.819425 0.407587 0.818850 0.410606 0.818083 0.418047 0.818563 0.419611 0.818563 0.421390 0.820480 0.422845 0.824218 0.423708 0.826806 0.424786 0.829106 0.425541 0.831311 0.425703 0.834378 0.425218 0.838500 0.424733 0.842621 0.424786 0.847989 0.424517 0.851727 0.423924 0.853261 0.422306 0.852973 0.421659 0.851919 0.420958 0.848277 0.418964 0.849427 0.418802 0.850769 0.418856 0.853836 0.417238 0.854794 0.416322 0.854028 0.415782 0.851919 0.414866 0.851248 0.408342 0.849810 0.408234 0.852015 0.407641 0.853165 0.406347 0.853836 0.405269 0.852782 0.404891 0.851536 0.404676 0.850865
6 0.562182 0.862808 0.562488 0.865311 0.562610 0.867487 0.561815 0.868575 0.560958 0.868793 0.559305 0.869010 0.557836 0.867161 0.557163 0.863570 0.557898 0.855736 0.557898 0.852472 0.558020 0.847902 0.558020 0.845073 0.558510 0.841048 0.558693 0.837892 0.559978 0.833322 0.562121 0.830711 0.564140 0.829841 0.568608 0.830058 0.570689 0.830167 0.573015 0.830167 0.575218 0.834193 0.576564 0.839198 0.578829 0.846488 0.578890 0.849534 0.579747 0.855954 0.580359 0.863679 0.579808 0.866943 0.578217 0.868031 0.575952 0.867596 0.575646 0.863352 0.575218 0.861503 0.571423 0.861068 0.566160 0.861829 0.561998 0.861503
6 0.582370 0.856713 0.582266 0.858935 0.581068 0.859028 0.580234 0.856435 0.580130 0.853565 0.580391 0.850324 0.580859 0.845509 0.581380 0.842361 0.582109 0.840324 0.582474 0.838009 0.583359 0.836528 0.586224 0.836343 0.589870 0.836157 0.591276 0.837731 0.592266 0.840787 0.592891 0.844028 0.593672 0.848287 0.594089 0.853935 0.594401 0.856620 0.593984 0.859028 0.592161 0.859583 0.591745 0.858009 0.591797 0.856528 0.591068 0.856528 0.589349 0.856620 0.586797 0.856713 0.583464 0.856713
6 0.605182 0.863935 0.604609 0.865324 0.604245 0.867269 0.603464 0.868750 0.601849 0.869120 0.600911 0.865602 0.600911 0.863472 0.600703 0.859491 0.600755 0.855509 0.600651 0.851806 0.600755 0.846157 0.600911 0.843657 0.600443 0.842083 0.600078 0.840787 0.600234 0.838287 0.600964 0.836250 0.601849 0.834306 0.602474 0.833009 0.602943 0.830602 0.604036 0.828287 0.605547 0.826157 0.607109 0.825324 0.608828 0.825046 0.610182 0.824954 0.612474 0.825139 0.614297 0.826528 0.615599 0.826898 0.617474 0.828843 0.619036 0.831435 0.619766 0.836065 0.620651 0.838009 0.621068 0.839676 0.621016 0.841435 0.621484 0.847269 0.622109 0.852454 0.621797 0.856991 0.622005 0.861898 0.621901 0.865880 0.622161 0.868657 0.621797 0.870231 0.620391 0.871065 0.619245 0.869769 0.619193 0.865694 0.618828 0.866713 0.617891 0.867639 0.617318 0.867917 0.616745 0.866898 0.616641 0.865880 0.614974 0.865324 0.612734 0.864769 0.612005 0.865880 0.611172 0.866713 0.610391 0.866250 0.609870 0.865602 0.608464 0.865046 0.606224 0.864583
6 0.638561 0.862589 0.638050 0.865442 0.637466 0.867388 0.635424 0.866610 0.635278 0.863238 0.635351 0.858699 0.635643 0.854160 0.635716 0.848325 0.636008 0.842229 0.637102 0.838080 0.640020 0.837561 0.642791 0.836783 0.647533 0.838987 0.650451 0.841062 0.653223 0.847806 0.653806 0.855198 0.653515 0.860904 0.654098 0.865183 0.652785 0.866999 0.650378 0.865572 0.646001 0.863238 0.641187 0.863497
6 0.634986 0.857532 0.632360 0.857402 0.631704 0.858310 0.631193 0.860255 0.628932 0.859347 0.628713 0.856624 0.628786 0.852345 0.629369 0.846379 0.629661 0.841451 0.631120 0.838858 0.634476 0.838469 0.636737 0.840025 0.636737 0.844045 0.636008 0.849362 0.635059 0.853382
6 0.628649 0.856073 0.626570 0.855976 0.626515 0.857435 0.626461 0.858505 0.625804 0.859088 0.625257 0.858796 0.624874 0.856462 0.624382 0.853155 0.624491 0.848876 0.624710 0.844888 0.625914 0.842845 0.627281 0.841095 0.628321 0.839636 0.629306 0.838177 0.630236 0.837302 0.631658 0.837691 0.632151 0.838566 0.630837 0.838858 0.630126 0.839636 0.629524 0.842165 0.629470 0.845472 0.628977 0.848584 0.628540 0.851988
6 0.996170 0.864651 0.990043 0.858115 0.983609 0.857026 0.975337 0.855937 0.966759 0.858115 0.960938 0.861383 0.954197 0.865196 0.945313 0.868464 0.939491 0.869553 0.938572 0.879357 0.938879 0.887527 0.939491 0.895153 0.945925 0.903322 0.953278 0.903322 0.957567 0.913126 0.961550 0.916394 0.965533 0.916394 0.967065 0.914216 0.969516 0.915305 0.979013 0.918573 0.980239 0.914760 0.979933 0.909858 0.994638 0.911492 0.999847 0.910403
6 0.933474 0.893795 0.935549 0.888631 0.935342 0.881991 0.933059 0.879408 0.927042 0.877195 0.921647 0.874982 0.919987 0.869079 0.916667 0.863915 0.912932 0.859488 0.910234 0.858381 0.900896 0.856906 0.896124 0.857275 0.888239 0.857644 0.882844 0.860964 0.880769 0.864284 0.875374 0.868710 0.873091 0.870555 0.871638 0.876826 0.872053 0.881622 0.874543 0.886786 0.876826 0.888262 0.879939 0.887893 0.884711 0.889368 0.890314 0.890844 0.899444 0.893057 0.899651 0.897115 0.902556 0.900066 0.905254 0.900435 0.906292 0.898591 0.908782 0.900804 0.913139 0.901173 0.916044 0.900066 0.916459 0.896009 0.923099 0.896746 0.925174 0.901173 0.927457 0.901911 0.930777 0.899329
