6 0.000113 0.405395 0.289968 0.526167 0.320539 0.564412 0.332994 0.574477 0.353801 0.610461 0.374817 0.657570 0.396747 0.717674 0.397661 0.706303 0.415936 0.709552 0.426901 0.735543 0.425073 0.753411 0.415022 0.759909 0.402230 0.759909 0.427814 0.771280 0.442434 0.790773 0.446089 0.810266 0.452485 0.837882 0.462537 0.889864 0.463450 0.933723 0.462537 0.966212 0.457968 0.995452 0.000000 0.997067
6 0.615327 0.953042 0.617560 0.976852 0.623512 0.994048 0.635417 0.998016 0.642857 0.974206 0.643601 0.951720 0.645089 0.935847 0.651786 0.914683 0.652530 0.901455 0.651786 0.872354 0.648810 0.800926 0.634673 0.790344 0.630208 0.791667 0.627232 0.775794 0.612351 0.741402 0.601935 0.713624 0.591518 0.710979 0.580357 0.700397 0.555060 0.697751 0.549107 0.699074 0.537946 0.689815 0.530506 0.688492 0.520501 0.697991 0.516068 0.704886 0.484486 0.708826 0.480053 0.715721 0.475066 0.728526 0.466755 0.746257 0.462877 0.769898 0.461215 0.785658 0.453457 0.793538 0.448471 0.800433 0.448471 0.817179 0.457336 0.852640 0.455674 0.878251 0.456782 0.909771 0.460106 0.928487 0.461215 0.941292
6 0.463523 0.710590 0.459574 0.711258 0.455250 0.717944 0.453557 0.721955 0.451301 0.733320 0.449609 0.742345 0.447729 0.750702 0.444720 0.758390 0.443404 0.766078 0.445660 0.770424 0.452241 0.771427 0.456002 0.772764 0.456942 0.778446 0.459762 0.782458 0.463711 0.780118 0.467095 0.763070 0.469352 0.750368 0.468600 0.740005 0.468224 0.735326 0.468600 0.712261
6 0.421581 0.728291 0.422365 0.726434 0.425889 0.725738 0.430392 0.725738 0.435940 0.725390 0.439203 0.725738 0.440117 0.729451 0.441553 0.732352 0.440900 0.736297 0.441945 0.738965 0.442206 0.742911 0.442467 0.748248 0.443837 0.752077 0.443250 0.757878 0.442858 0.761591 0.440574 0.762172 0.440052 0.758111 0.438159 0.757646 0.433852 0.758343 0.429609 0.757995 0.426998 0.758807 0.426998 0.756602 0.426542 0.752657 0.424453 0.749524 0.423800 0.744999 0.423148 0.741170 0.422430 0.734208
6 0.440098 0.725669 0.443283 0.726175 0.444988 0.725467 0.446467 0.728702 0.446410 0.730420 0.446410 0.731229 0.445841 0.733655 0.444988 0.734565 0.443169 0.734666 0.442145 0.734160 0.441747 0.732543 0.441008 0.729611 0.439587 0.726276
9 0.477592 0.613318 0.436107 0.613318 0.436258 0.627315 0.475472 0.625700
9 0.471536 0.657461 0.460483 0.657461 0.461089 0.668228 0.470779 0.667151
8 0.489704 0.585863 0.485768 0.588286 0.481529 0.596899 0.478046 0.611434 0.475624 0.628391 0.474413 0.653962 0.473333 0.664630 0.471667 0.676111 0.471250 0.690556 0.470000 0.699815 0.467708 0.695741 0.465625 0.699444 0.466250 0.708704 0.469375 0.715370 0.469583 0.718704 0.468333 0.747222 0.484375 0.708333 0.519375 0.703519 0.520625 0.698704 0.522292 0.694259 0.527083 0.694259 0.528333 0.690926 0.532500 0.689444 0.535833 0.690185 0.538958 0.693889 0.543542 0.695000 0.544583 0.699815 0.546667 0.702778 0.567292 0.703889 0.598750 0.711667 0.590625 0.625370 0.583333 0.588704 0.581458 0.586111 0.573125 0.582778 0.542500 0.580556 0.521458 0.579074 0.493750 0.582407
9 0.830306 0.568851 0.731036 0.566477 0.729701 0.589427 0.828971 0.584679
4 0.697492 0.764863 0.697715 0.776387 0.697939 0.785130 0.699057 0.797449 0.700174 0.804204 0.698833 0.806986 0.695704 0.804999 0.694586 0.796257 0.692574 0.784732 0.692127 0.769631 0.692127 0.762876 0.689445 0.760094 0.687433 0.759696 0.686539 0.751749 0.686315 0.741019 0.686539 0.730289 0.687656 0.722341 0.689668 0.713996 0.692127 0.706843 0.694362 0.700485 0.699504 0.704061 0.699504 0.712009 0.702857 0.719162 0.706210 0.729892 0.705763 0.744993 0.705986 0.752941 0.706657 0.769234 0.708445 0.783937 0.707327 0.797449 0.708892 0.802217 0.709116 0.805794 0.703751 0.805397 0.701739 0.804999 0.702186 0.793077 0.700398 0.779963 0.700174 0.768439
4 0.731022 0.758107 0.732140 0.768836 0.732140 0.775195 0.729010 0.774400 0.728340 0.770426 0.728340 0.762081 0.725881 0.754133 0.725434 0.747377 0.725210 0.739032 0.724092 0.727508 0.722975 0.722739 0.720739 0.723534 0.720739 0.718368 0.721187 0.713201 0.720963 0.706843 0.722975 0.703664 0.727445 0.702869 0.729457 0.707638 0.730798 0.713201 0.735493 0.719560 0.735716 0.724328 0.736610 0.717175 0.737728 0.713201 0.739740 0.711612 0.739740 0.705254 0.742869 0.699690 0.746893 0.706048 0.745775 0.711612 0.749575 0.713599 0.750916 0.719560 0.751811 0.725521 0.752034 0.731084 0.752034 0.734661 0.752705 0.742608 0.752034 0.745788 0.749799 0.744993 0.749575 0.749364 0.749575 0.754133 0.749352 0.760491 0.749128 0.768439 0.748234 0.776784 0.745775 0.777976 0.743093 0.775195 0.739963 0.772810 0.740410 0.763670 0.738175 0.757312 0.737728 0.749364 0.738175 0.745788 0.736163 0.749762 0.733481 0.744993 0.734375 0.737840 0.733928 0.731879 0.732810 0.744595 0.733704 0.755722
4 0.766092 0.733559 0.766092 0.730294 0.765091 0.722875 0.762587 0.719314 0.762253 0.713082 0.758914 0.709224 0.756243 0.712785 0.755909 0.718127 0.753405 0.721391 0.752237 0.728811 0.753739 0.734746 0.753739 0.740088 0.754073 0.751365 0.753906 0.758784 0.756911 0.777778 0.762587 0.778668 0.764256 0.771249 0.763922 0.759972 0.765258 0.744243 0.765091 0.736230
6 0.635049 0.732669 0.649072 0.721688 0.668603 0.720204 0.685130 0.729107 0.686131 0.736230 0.686131 0.745430 0.685797 0.752255 0.681958 0.753739 0.680789 0.753739 0.675948 0.755520 0.670940 0.756410 0.665765 0.755817 0.637720 0.755817 0.638221 0.747804 0.637887 0.740978 0.636218 0.735043
7 0.638548 0.693859 0.641726 0.690228 0.666122 0.689421 0.666122 0.719075 0.649896 0.721093 0.639570 0.727346
8 0.666235 0.695070 0.681100 0.689421 0.700844 0.689623 0.701298 0.691842 0.698234 0.693254 0.697213 0.695877 0.697100 0.697491 0.696192 0.698297 0.693582 0.697289 0.688362 0.697087 0.685072 0.697692 0.681327 0.697894 0.678604 0.702534 0.676788 0.706770 0.676221 0.713023 0.675767 0.718672 0.674859 0.722706 0.673384 0.722303 0.670661 0.719680 0.667257 0.718470 0.666916 0.716453 0.666349 0.697087
4 0.698121 0.701525 0.698575 0.698297 0.701752 0.695675 0.703454 0.699508 0.704248 0.704551 0.706177 0.710199 0.707539 0.715242 0.707993 0.721496 0.708220 0.730170 0.707879 0.738845 0.707879 0.747317 0.705270 0.751150 0.706064 0.745905 0.705950 0.738441 0.705950 0.729565 0.705156 0.725531 0.701865 0.715242 0.700163 0.711006
6 0.797862 0.725127 0.791281 0.714436 0.786061 0.712620 0.781749 0.712015 0.778459 0.712418 0.766204 0.710401 0.762459 0.713830 0.762800 0.718067 0.765182 0.724522 0.766544 0.729162 0.766658 0.734810 0.766317 0.743484 0.765296 0.751755 0.768814 0.754176 0.774374 0.754579 0.777891 0.754579 0.779707 0.758412 0.787990 0.759824 0.794004 0.758412 0.794685 0.754579 0.800359 0.751755 0.802061 0.750545 0.801153 0.742879 0.800699 0.735012 0.799905 0.729767
6 0.779480 0.708787 0.785834 0.707577 0.790827 0.707980 0.796047 0.708384 0.801493 0.708182 0.805919 0.708384 0.809663 0.711006 0.811138 0.716049 0.812613 0.718874 0.814316 0.722505 0.814542 0.728355 0.814089 0.734407 0.814656 0.739450 0.813067 0.743081 0.808982 0.744695 0.806940 0.747519 0.804670 0.751957 0.801039 0.755184 0.797862 0.753571 0.800018 0.748931 0.800245 0.742476 0.800472 0.735213 0.799564 0.727548 0.797408 0.722505 0.794231 0.717461 0.790940 0.713629 0.786288 0.711611 0.781068 0.710401
6 0.840187 0.716049 0.835762 0.716251 0.833265 0.721294 0.830202 0.728556 0.828273 0.735617 0.826911 0.738441 0.822372 0.740257 0.819649 0.744896 0.817947 0.747720 0.817947 0.758815 0.818968 0.771726 0.820670 0.775962 0.824301 0.778585 0.827365 0.777576 0.828613 0.773138 0.832471 0.773340 0.839052 0.775155 0.840187 0.775357 0.843251 0.777576
8 0.998877 0.102397 0.854882 0.285766 0.836499 0.331155 0.844669 0.371097 0.844669 0.394699 0.840584 0.403776 0.834457 0.432825 0.832414 0.465505 0.828329 0.507262 0.828329 0.536311 0.833435 0.572622 0.824244 0.585330 0.830372 0.619826 0.839563 0.627088 0.841605 0.677923 0.844669 0.737836 0.846712 0.814089 0.847733 0.872186 0.852839 0.930283 0.919220 0.986565 0.940666 0.984749 0.951900 0.993827 0.973346 0.993827 0.987643 0.997458 0.995813 0.997458
9 0.804039 0.662789 0.806107 0.682177 0.810620 0.682177 0.811560 0.661452
