8 0.758464 0.002315 0.410807 0.296296 0.401693 0.321759 0.397786 0.368056 0.396484 0.400463 0.388672 0.407407 0.379557 0.418981 0.376953 0.444444 0.375651 0.497685 0.374349 0.553241 0.374349 0.569444 0.365234 0.578704 0.369141 0.611111 0.369141 0.627315 0.358724 0.694444 0.356120 0.731481 0.352214 0.835648 0.356120 0.900463 0.384766 0.944444 0.410807 0.956019 0.434245 0.997685 1.000000 0.999987 1.000000 0.000000
6 0.151470 0.905251 0.148616 0.925545 0.144335 0.936961 0.142195 0.954718 0.132206 0.962329 0.118650 0.961060 0.114369 0.934424 0.112229 0.915398 0.095106 0.905251 0.080123 0.906520 0.053011 0.902714 0.013770 0.892567 0.004495 0.897641 0.000000 0.891648 0.000000 0.630010 0.011630 0.631279 0.022332 0.628742 0.028753 0.628742 0.032320 0.622400 0.036601 0.618595 0.043022 0.613521 0.048730 0.618595 0.052297 0.623668 0.056578 0.626205 0.056578 0.632547 0.062286 0.633815 0.081550 0.638889 0.120791 0.649036 0.149329 0.740360 0.160745 0.755581 0.167166 0.759386 0.174301 0.777144 0.172160 0.792364 0.170020 0.813927 0.171447 0.834221 0.164312 0.857052 0.163599 0.872273 0.157178 0.891299
8 0.001641 0.490487 0.118650 0.523465 0.118650 0.538686 0.120077 0.571664 0.120077 0.610984 0.118650 0.633815 0.108662 0.638889 0.087971 0.635084 0.068707 0.627473 0.053011 0.612253 0.041595 0.608447 0.025186 0.626205 0.010916 0.627473 0.003781 0.624937 0.000000 0.615226
10 0.365099 0.557975 0.358061 0.556306 0.272194 0.538789 0.271256 0.557140 0.366038 0.577995
4 0.220696 0.728429 0.219551 0.760989 0.220696 0.767603 0.218979 0.770655 0.215831 0.769129 0.214973 0.760480 0.214400 0.750814 0.215259 0.740639 0.214686 0.729955 0.214400 0.723850 0.211538 0.720289 0.209821 0.720289 0.209821 0.714184 0.210394 0.704518 0.211538 0.698921 0.210966 0.693834 0.212683 0.685185 0.214686 0.677045 0.217834 0.675010 0.220982 0.668396 0.224130 0.663309 0.227278 0.664835 0.227850 0.670940 0.229567 0.679080 0.232429 0.689255 0.233860 0.694851 0.233574 0.700448 0.229567 0.703500 0.229567 0.707061 0.230140 0.714693 0.230140 0.722324 0.229567 0.729446 0.228709 0.740130 0.227278 0.751323 0.226992 0.763533 0.230998 0.766585 0.230426 0.770147 0.225561 0.771164 0.222985 0.767094 0.224702 0.759463 0.224702 0.752340 0.226133 0.741148 0.219265 0.723341
4 0.345467 0.726903 0.344609 0.734025 0.343750 0.740130 0.343178 0.750305 0.342891 0.758445 0.341174 0.753867 0.339744 0.748779 0.338027 0.748779 0.336023 0.751323 0.334879 0.754884 0.332017 0.751832 0.335451 0.744709 0.335737 0.736569 0.336023 0.742674 0.332875 0.745218 0.331445 0.744200 0.328583 0.739621 0.328297 0.735043 0.329155 0.724868 0.334020 0.718254 0.337740 0.711131 0.340030 0.704518 0.343178 0.700956 0.347184 0.707570 0.347184 0.712149
6 0.362924 0.705026 0.363496 0.708079 0.360634 0.713166 0.356055 0.720289 0.352049 0.724359 0.347756 0.726394 0.346039 0.735551 0.346039 0.742165 0.348615 0.751832 0.349187 0.757428 0.353766 0.754884 0.364068 0.756919 0.365785 0.755393 0.365213 0.744200 0.365499 0.727920 0.365213 0.708588
6 0.334879 0.692308 0.328297 0.695869 0.325721 0.697904 0.319712 0.702483 0.311699 0.704009 0.307406 0.710623 0.305975 0.719780 0.309409 0.727411 0.310840 0.730464 0.323432 0.738095 0.325721 0.730973 0.326866 0.727920 0.328869 0.723850 0.332589 0.718254 0.337740 0.711640 0.340316 0.703500 0.342033 0.700956 0.347470 0.708079 0.346326 0.722324 0.349187 0.724359 0.354052 0.718763 0.357772 0.709605 0.357772 0.697904 0.354338 0.693325 0.340316 0.690781
6 0.336882 0.687729 0.311985 0.685694 0.303972 0.695360 0.288805 0.695869 0.286802 0.696886 0.285371 0.700956 0.282795 0.704518 0.281651 0.712658 0.283940 0.717745 0.287088 0.718763 0.292811 0.728429 0.299107 0.728938 0.303400 0.728429 0.305117 0.721306 0.306548 0.718254 0.309409 0.717236 0.309982 0.710114 0.310554 0.705026 0.319139 0.701974 0.325435 0.698413 0.333448 0.692816
6 0.273352 0.720289 0.270490 0.725376 0.266197 0.727411 0.260760 0.726903 0.257040 0.719780 0.249599 0.719780 0.242159 0.717745 0.235291 0.715201 0.229853 0.712658 0.229853 0.705535 0.234432 0.698413 0.235005 0.693325 0.230712 0.683150 0.228423 0.675010 0.231857 0.668396 0.238152 0.665853 0.276500 0.675519 0.279075 0.683659 0.278789 0.691290 0.277644 0.701465 0.276213 0.710114
8 0.206927 0.706373 0.206450 0.711459 0.203590 0.714425 0.200372 0.714213 0.198942 0.711670 0.198703 0.710399 0.196796 0.709340 0.195366 0.706162 0.195128 0.702983 0.195605 0.697474 0.196320 0.691965 0.195962 0.686245 0.196200 0.683490 0.195009 0.682643 0.193698 0.679888 0.194532 0.678193 0.195724 0.677769 0.196320 0.677557 0.198346 0.674803 0.199299 0.669294 0.201206 0.663785 0.203828 0.659547 0.205258 0.658064 0.210979 0.657217 0.213720 0.656157 0.218965 0.656793 0.223255 0.658276 0.225281 0.659547 0.225043 0.661878 0.222063 0.664209 0.220871 0.668023 0.218249 0.671625 0.216581 0.675650 0.213363 0.677346 0.212290 0.682219 0.211337 0.687940 0.211337 0.691330 0.210979 0.695567 0.209668 0.698534 0.208953 0.701500 0.209191 0.704890
6 0.194781 0.677482 0.191118 0.676688 0.187813 0.677324 0.184418 0.678276 0.182542 0.679388 0.181112 0.682088 0.179683 0.685265 0.177896 0.686535 0.177003 0.688759 0.176199 0.693047 0.175752 0.697335 0.174859 0.702735 0.174680 0.707341 0.177718 0.710517 0.178790 0.709088 0.181112 0.710199 0.182720 0.706547 0.185222 0.704800 0.189689 0.704323 0.193888 0.705752 0.195764 0.705911 0.195764 0.699082 0.195764 0.692094 0.195585 0.685741 0.194781 0.683041 0.193262 0.680341 0.193888 0.678435
6 0.177271 0.677006 0.176110 0.675894 0.173429 0.676529 0.171911 0.679071 0.169767 0.681929 0.167712 0.684947 0.165210 0.688123 0.164585 0.692412 0.164049 0.698288 0.162888 0.702417 0.165568 0.705435 0.168069 0.707500 0.168873 0.705594 0.170124 0.704323 0.171375 0.707817 0.173251 0.709564 0.174055 0.705911 0.174859 0.703688 0.175127 0.698447 0.175842 0.693364 0.176646 0.689553 0.177003 0.683994
7 0.165404 0.644100 0.169124 0.639891 0.193700 0.644300 0.194039 0.651114 0.193137 0.654722 0.192573 0.659532 0.192348 0.666346 0.191784 0.672960 0.190882 0.676567 0.185358 0.675766 0.182991 0.677770 0.180510 0.681177 0.178481 0.683582 0.177016 0.684784 0.177692 0.678571 0.176677 0.676166 0.173859 0.674964 0.172168 0.677569 0.169688 0.679574 0.166419 0.683381 0.164615 0.686789 0.163262 0.686989 0.162698 0.684183
8 0.194377 0.650313 0.210272 0.648108 0.231917 0.650513 0.235187 0.652517 0.236201 0.654922 0.236540 0.662338 0.235074 0.668150 0.233608 0.669152 0.230114 0.668551 0.228761 0.667549 0.227521 0.664342 0.225604 0.663139 0.224251 0.656926 0.221771 0.656325 0.217938 0.656926 0.213091 0.655924 0.207679 0.657728 0.203396 0.658530 0.200690 0.665745 0.199112 0.671356 0.198210 0.675164 0.196293 0.676567 0.193475 0.675966 0.191784 0.674563
10 0.333507 0.643673 0.333854 0.651080 0.332986 0.660031 0.336806 0.661574 0.338194 0.657562 0.338889 0.644599
