6 0.000776 0.635934 0.017398 0.639874 0.034020 0.641844 0.042886 0.661545 0.050643 0.683215 0.056184 0.700946 0.049535 0.714736 0.041777 0.724586 0.039561 0.742317 0.031804 0.738377 0.022939 0.726556 0.000000 0.732382
6 0.458444 0.951143 0.548205 0.919622 0.552637 0.929472 0.555962 0.941292 0.565935 0.951143 0.579233 0.951143 0.591423 0.945232 0.600288 0.923562 0.603613 0.895981 0.602504 0.870370 0.602504 0.842790 0.593639 0.748227 0.585882 0.730496 0.577017 0.728526 0.572584 0.722616 0.579233 0.720646 0.584774 0.714736 0.583666 0.700946 0.577017 0.689125 0.569260 0.685185 0.562611 0.671395 0.555962 0.653664 0.551529 0.631994 0.543772 0.614263 0.533799 0.592593 0.519393 0.578802 0.509419 0.566982 0.492797 0.557132 0.470634 0.547281 0.454012 0.537431 0.427416 0.525611 0.374224 0.503940 0.205785 0.494090 0.181405 0.588652 0.169215 0.631994 0.161458 0.669425 0.154809 0.695035 0.152593 0.742317 0.149269 0.781718 0.148160 0.819149 0.144836 0.850670 0.143728 0.899921 0.142620 0.919622 0.157026 0.921592 0.174756 0.929472 0.180297 0.941292 0.186946 0.947203 0.192487 0.968873 0.196919 0.986604 0.217974 0.996454 0.241246 0.990544 0.253435 0.972813 0.258976 0.960993 0.288896 0.962963 0.315492 0.968873 0.336547 0.968873 0.347629 0.974783 0.357602 0.988574 0.375332 0.992514 0.403036 0.996454 0.447363 0.998424 0.459552 0.970843
6 0.591640 0.735584 0.597574 0.719175 0.601530 0.700422 0.607463 0.689873 0.622627 0.685185 0.635153 0.685185 0.641086 0.685185 0.643064 0.679325 0.652294 0.675809 0.655591 0.679325 0.660206 0.684013 0.665480 0.687529 0.674710 0.686357 0.693170 0.691045 0.703718 0.695734 0.710970 0.709798 0.716245 0.733240 0.722838 0.756681 0.727453 0.763713 0.741297 0.770745 0.743935 0.789498 0.744594 0.830520 0.743275 0.851617 0.739320 0.870370 0.734045 0.878575 0.734045 0.905532 0.731408 0.920769 0.724815 0.924285 0.714267 0.917253 0.714926 0.898500 0.712289 0.889123 0.702400 0.882091 0.685918 0.877403 0.660865 0.879747 0.626582 0.870370 0.604167 0.862166 0.602189 0.836381 0.596255 0.800047 0.597574 0.783638 0.592959 0.760197
8 0.589662 0.736756 0.587025 0.726207 0.586366 0.705110 0.587025 0.687529 0.589003 0.669948 0.590981 0.645335 0.594937 0.621894 0.600211 0.587904 0.613397 0.575012 0.622627 0.578528 0.641746 0.579700 0.655591 0.580872 0.674051 0.584388 0.685918 0.584388 0.695148 0.603141 0.697126 0.623066 0.699103 0.650023 0.701741 0.681669 0.701741 0.687529 0.693170 0.689873 0.673391 0.681669 0.661524 0.680497 0.654272 0.668776 0.640427 0.665260 0.631857 0.686357 0.614056 0.686357 0.606804 0.686357 0.596255 0.707454 0.592959 0.723863
10 0.542853 0.579700 0.590981 0.579700 0.590981 0.596109 0.542853 0.596109
10 0.561313 0.624238 0.590981 0.624238 0.590981 0.637131 0.561313 0.637131
10 0.832938 0.572668 0.873154 0.572668 0.873154 0.590248 0.832938 0.590248
8 0.999907 0.310681 0.905971 0.404927 0.904111 0.421462 0.903181 0.446263 0.904111 0.476025 0.902251 0.489253 0.890160 0.494213 0.883650 0.505787 0.881789 0.522321 0.882719 0.552083 0.888300 0.586806 0.888300 0.595073 0.893880 0.614914 0.882719 0.621528 0.879929 0.641369 0.885510 0.656250 0.889230 0.664517 0.893880 0.694279 0.889230 0.737269 0.889230 0.800099 0.893880 0.895999 0.905041 0.905919 0.929222 0.920800 0.939453 0.922454 0.947824 0.922454 0.950614 0.950562 0.954334 0.973710 0.963635 0.995205 0.972625 1.000000 0.998047 1.000000
6 0.144771 0.663161 0.139209 0.668554 0.134153 0.674847 0.127579 0.682039 0.124039 0.688332 0.117971 0.691927 0.111903 0.693725 0.107858 0.701816 0.105330 0.715300 0.105330 0.729684 0.107858 0.739572 0.115949 0.743168 0.122522 0.741370 0.124039 0.734178 0.133647 0.735077 0.142243 0.734178 0.149828 0.735976 0.152862 0.726088 0.152356 0.714401 0.153368 0.700917 0.157413 0.688332 0.161458 0.675746 0.165504 0.664060 0.161964 0.662262 0.154885 0.662262
4 0.792452 0.752425 0.791212 0.764183 0.791625 0.773736 0.792865 0.786964 0.792452 0.795047 0.790385 0.790638 0.789145 0.782554 0.787905 0.774471 0.788318 0.764918 0.787905 0.756099 0.786665 0.750955 0.783771 0.748016 0.781705 0.739932 0.781291 0.730379 0.781705 0.722296 0.782531 0.716417 0.786665 0.709068 0.789559 0.703924 0.790799 0.695841 0.793279 0.694371 0.796172 0.702454 0.796172 0.709803 0.799066 0.712008 0.800719 0.715682 0.804853 0.729644 0.803199 0.733319 0.800719 0.736993 0.800719 0.752425 0.801546 0.765653 0.801133 0.775206 0.800719 0.787698 0.802786 0.792842 0.797826 0.790638 0.794932 0.786964 0.796172 0.776675 0.795759 0.761978
4 0.864377 0.811949 0.860656 0.810479 0.861070 0.800926 0.863550 0.795782 0.865617 0.791373 0.864790 0.786964 0.868097 0.786964 0.868097 0.774471 0.867270 0.761978 0.864377 0.755364 0.862310 0.743607 0.864790 0.737728 0.862723 0.731849 0.858590 0.720091 0.856109 0.716417 0.851562 0.701720 0.848256 0.701720 0.847429 0.712743 0.845775 0.709068 0.840815 0.706864 0.843709 0.694371 0.837922 0.682613 0.833788 0.688492 0.828001 0.695841 0.829241 0.706864 0.827588 0.714212 0.824694 0.720826 0.820147 0.732584 0.818494 0.745811 0.817667 0.756099 0.818494 0.767122 0.823867 0.758304 0.826348 0.747281 0.827174 0.739198 0.827174 0.753160 0.828414 0.773736 0.830068 0.788433 0.829241 0.804600 0.836682 0.817093 0.842469 0.814153 0.843295 0.795782 0.840402 0.782554 0.841642 0.775941 0.845775 0.790638 0.845775 0.809009 0.850322 0.820032 0.855283 0.819297 0.853629 0.808275 0.851562 0.799456 0.855283 0.799456 0.856936 0.813419 0.861896 0.822237
5 0.745783 0.724721 0.748087 0.727999 0.747626 0.734554 0.746935 0.740290 0.744169 0.737422 0.743709 0.731277 0.742556 0.726360 0.741634 0.722673 0.744169 0.720215 0.742095 0.719395 0.741173 0.716118 0.740482 0.711201 0.741404 0.708333 0.743478 0.705875 0.745322 0.702598 0.748087 0.707104 0.749239 0.708743 0.750853 0.709153 0.752235 0.712021 0.750392 0.716118 0.749700 0.719395 0.750853 0.725131 0.749009 0.729228 0.747165 0.727999
4 0.879217 0.791912 0.879448 0.782899 0.880831 0.773066 0.881291 0.764462 0.882213 0.758317 0.881983 0.754220 0.880831 0.749713 0.880370 0.743977 0.879678 0.738242 0.878526 0.732506 0.881522 0.720624 0.881291 0.714479 0.878987 0.709972 0.878526 0.701368 0.875069 0.698910 0.872995 0.705875 0.872304 0.711611 0.869308 0.715298 0.867464 0.721444 0.866542 0.725951 0.865620 0.730867 0.864699 0.737422 0.864699 0.743568 0.866542 0.741109 0.867695 0.738242 0.869077 0.735783 0.869999 0.744797 0.870690 0.752581 0.869538 0.760365 0.869769 0.771427 0.868386 0.780441 0.869077 0.784538 0.869308 0.789454 0.872073 0.789045 0.873225 0.775524 0.873686 0.766921 0.875761 0.766101 0.876913 0.778802 0.875991 0.788635 0.876913 0.792322
7 0.739099 0.703827 0.738869 0.699320 0.738869 0.694813 0.738869 0.691945 0.738869 0.685800 0.738408 0.680474 0.742095 0.677196 0.765832 0.679245 0.765832 0.710382 0.763758 0.709153 0.759149 0.707514 0.753618 0.707514 0.753157 0.710382 0.749239 0.702598 0.744630 0.700549 0.741634 0.705875 0.739560 0.708743
6 0.756614 0.710792 0.755231 0.710792 0.753388 0.713250 0.752005 0.715298 0.751314 0.718986 0.749931 0.722263 0.749009 0.730867 0.750392 0.737832 0.753849 0.740700 0.757536 0.737832 0.756153 0.734964 0.757075 0.732915 0.757075 0.729228 0.757075 0.726770 0.756845 0.722263 0.757305 0.720215 0.759380 0.718576 0.762145 0.716118 0.763758 0.713659 0.763528 0.710382 0.760993 0.709972
6 0.767446 0.739471 0.770902 0.738651 0.774129 0.738242 0.774129 0.733735 0.773668 0.726770 0.775051 0.719805 0.775051 0.716527 0.773898 0.714479 0.772746 0.709972 0.770211 0.710792 0.766754 0.710382 0.764680 0.713659 0.763758 0.717347 0.761684 0.718166 0.759610 0.721853 0.758458 0.723902 0.758458 0.731686 0.757997 0.737422 0.761454 0.740290
8 0.775973 0.709972 0.777125 0.701778 0.779660 0.695223 0.781734 0.691126 0.785882 0.689077 0.792335 0.689077 0.797405 0.687848 0.805932 0.689487 0.809619 0.696042 0.812385 0.703827 0.814920 0.716118 0.815611 0.730457 0.814228 0.739471 0.812846 0.744387 0.812846 0.750942 0.810080 0.751352 0.808467 0.747665 0.803397 0.746436 0.802014 0.746026 0.801784 0.743158 0.802475 0.736193 0.806854 0.728409 0.804319 0.721444 0.800631 0.714069 0.797175 0.708333 0.794870 0.696862 0.792565 0.691945 0.787956 0.696862 0.786343 0.704646 0.784960 0.712840 0.781504 0.718576 0.780351 0.730457 0.781504 0.736603 0.780351 0.742748 0.778277 0.745206 0.775281 0.743568 0.776664 0.734554 0.776203 0.726770 0.775742 0.715708
