6 0.001202 0.776159 0.015406 0.754792 0.027061 0.747021 0.038352 0.744431 0.051828 0.739899 0.060570 0.743136 0.077324 0.743136 0.095899 0.744431 0.118845 0.750259 0.128679 0.761267 0.133413 0.785872 0.133778 0.812419 0.134142 0.839614 0.133049 0.857097 0.126858 0.864867 0.124308 0.873284 0.121394 0.887529 0.112289 0.894004 0.106097 0.892062 0.102455 0.881702 0.092985 0.879759 0.086065 0.880407 0.079873 0.882349 0.076959 0.893357 0.065669 0.899832 0.053285 0.901774 0.040173 0.897889 0.037988 0.890119 0.027061 0.887529 0.008122 0.889472 0.000000 0.888974
6 0.296786 0.841485 0.297231 0.848607 0.295896 0.856125 0.291667 0.857708 0.287660 0.853751 0.286102 0.847420 0.282541 0.845046 0.272970 0.845046 0.260728 0.846629 0.253828 0.847420 0.254274 0.854147 0.251825 0.855730 0.247151 0.854938 0.243367 0.849003 0.242032 0.838319 0.242699 0.830801 0.244703 0.817347 0.250045 0.807455 0.254719 0.797958 0.261396 0.784505 0.266738 0.778965 0.275196 0.773821 0.284989 0.773425 0.295673 0.775008 0.303018 0.775799 0.310586 0.784505 0.314370 0.796771 0.314815 0.811808 0.316150 0.828031 0.317263 0.841485 0.316818 0.847816 0.316373 0.854147 0.311921 0.856521 0.306579 0.851773 0.305021 0.847024 0.304799 0.843463
6 0.391989 0.822343 0.391989 0.825259 0.391168 0.829269 0.389836 0.829633 0.387580 0.827811 0.386657 0.824894 0.382761 0.824712 0.379480 0.825259 0.378865 0.828540 0.375584 0.828175 0.373021 0.826717 0.369740 0.826535 0.363281 0.826352 0.363384 0.832185 0.362564 0.835101 0.359590 0.831638 0.358975 0.825259 0.358770 0.816874 0.360411 0.811406 0.364409 0.806303 0.366152 0.803569 0.371381 0.799012 0.376405 0.799012 0.382249 0.797918 0.385324 0.797918 0.390041 0.800470 0.391886 0.803387 0.393526 0.810131 0.393834 0.817239 0.393732 0.819608
6 0.403574 0.832003 0.401216 0.831821 0.399165 0.828722 0.399268 0.824712 0.400088 0.819608 0.400601 0.809037 0.402036 0.801382 0.405112 0.796825 0.409110 0.795002 0.411571 0.794638 0.412289 0.792268 0.414954 0.790445 0.417210 0.793544 0.418543 0.794455 0.421824 0.797007 0.421414 0.801746 0.420491 0.806667 0.419671 0.814505 0.419466 0.819426 0.415877 0.826535 0.415570 0.830362 0.415980 0.834008 0.410751 0.832732 0.405317 0.832732
6 0.598012 0.835927 0.598468 0.844234 0.597898 0.850920 0.595049 0.852743 0.592542 0.852338 0.590377 0.849502 0.589693 0.842815 0.584564 0.840182 0.581373 0.840789 0.572825 0.838561 0.566215 0.842208 0.557668 0.840182 0.555388 0.841195 0.554819 0.848083 0.554249 0.851528 0.550716 0.850920 0.547525 0.849704 0.545815 0.844031 0.543080 0.828228 0.543080 0.814653 0.544220 0.802294 0.544903 0.791353 0.544334 0.793176 0.542966 0.793987 0.541256 0.790340 0.541256 0.784869 0.545131 0.783046 0.547639 0.783451 0.549918 0.779399 0.551058 0.772713 0.553223 0.768660 0.558693 0.765824 0.561771 0.765419 0.566557 0.765419 0.573623 0.765419 0.578980 0.765013 0.583311 0.765013 0.589465 0.771294 0.590946 0.773726 0.593112 0.779804 0.594707 0.782843 0.598582 0.784869 0.601090 0.790542 0.600748 0.796215 0.599266 0.799052 0.597557 0.800267 0.598468 0.808574 0.599266 0.815666 0.599380 0.824378 0.598810 0.831267
8 0.617273 0.819718 0.617159 0.822149 0.616133 0.825594 0.613740 0.825999 0.609295 0.824175 0.607472 0.820731 0.607814 0.812019 0.607472 0.802901 0.607472 0.793784 0.607358 0.785274 0.607016 0.782235 0.606218 0.778588 0.605762 0.773523 0.606218 0.768660 0.607472 0.763595 0.609637 0.759340 0.612600 0.755288 0.615222 0.752452 0.620350 0.750425 0.625251 0.749007 0.632545 0.750223 0.636306 0.751033 0.639611 0.754478 0.642460 0.761164 0.642916 0.771699 0.642574 0.784869 0.643486 0.797836 0.643714 0.808169 0.642118 0.814855 0.641092 0.817692 0.641092 0.822960 0.640294 0.828633 0.637559 0.830051 0.634596 0.829038 0.633228 0.825594 0.633228 0.821541 0.628898 0.819110 0.621718 0.819110
4 0.952799 0.932002 0.953125 0.918692 0.950521 0.901331 0.950195 0.889757 0.948893 0.866609 0.949870 0.846354 0.950846 0.827836 0.947917 0.819734 0.950521 0.807581 0.947591 0.800637 0.947266 0.785590 0.942057 0.776331 0.938151 0.768229 0.937500 0.764757 0.934245 0.749132 0.930013 0.742188 0.921549 0.743345 0.919271 0.753183 0.919922 0.767072 0.917318 0.779803 0.913411 0.792535 0.916016 0.800637 0.919271 0.799479 0.918294 0.813947 0.919922 0.834201 0.922201 0.846354 0.924154 0.864873 0.928711 0.889178 0.930339 0.907118 0.930664 0.921007 0.926758 0.933160 0.925456 0.938368 0.935547 0.930845 0.947591 0.943576
4 0.911799 0.851333 0.913503 0.906715 0.908148 0.913205 0.901577 0.912340 0.896223 0.908446 0.893789 0.902388 0.900360 0.897629 0.900360 0.885081 0.896953 0.863448 0.897196 0.852631 0.894276 0.840516 0.893789 0.822343 0.894276 0.808498 0.894032 0.798546 0.896223 0.786864 0.898170 0.781672 0.895979 0.778643 0.893789 0.771288 0.895736 0.761336 0.901820 0.756577 0.905228 0.763067 0.904984 0.768692 0.903768 0.777345 0.906201 0.784701 0.909365 0.793354 0.910582 0.804171 0.910339 0.816286 0.912529 0.830564
4 0.882837 0.832295 0.884297 0.843977 0.883567 0.859121 0.883324 0.872534 0.884297 0.891139 0.884297 0.901956 0.880160 0.908879 0.875292 0.905850 0.870424 0.905850 0.866044 0.902388 0.868234 0.897629 0.861906 0.903254 0.857769 0.905417 0.851197 0.903254 0.848520 0.898494 0.846330 0.882485 0.846573 0.864313 0.847547 0.845275 0.846573 0.830997 0.844139 0.823641 0.840002 0.811959 0.838055 0.802873 0.841706 0.794652 0.847790 0.787729 0.848520 0.780374 0.851684 0.769557 0.854605 0.769124 0.860446 0.777778 0.860446 0.786431 0.862880 0.787297 0.864827 0.788162 0.865800 0.779076 0.867261 0.772586 0.872371 0.770855 0.876022 0.774749 0.876752 0.782105 0.880403 0.789893 0.886001 0.806334 0.886488 0.813690 0.885271 0.815853 0.884297 0.823641
4 0.830929 0.824964 0.833534 0.816774 0.833534 0.805377 0.832732 0.795406 0.830929 0.783298 0.828325 0.777956 0.826122 0.775107 0.825321 0.767984 0.822917 0.760150 0.819511 0.760150 0.816106 0.764067 0.815705 0.773326 0.816907 0.780093 0.815304 0.786859 0.813502 0.795050 0.813301 0.806446 0.814303 0.816061 0.811298 0.822115 0.810296 0.829238 0.813101 0.832443 0.813502 0.839566 0.813301 0.849181 0.814103 0.860221 0.815505 0.874110 0.815304 0.883013 0.810697 0.882657 0.812300 0.886218 0.820112 0.888355 0.827123 0.890135 0.830729 0.887642 0.830929 0.874110 0.830729 0.865919 0.829728 0.850962 0.830329 0.838853 0.830128 0.832799
4 0.769231 0.786503 0.766827 0.783298 0.765425 0.779736 0.764623 0.771902 0.762420 0.765491 0.758614 0.765848 0.755008 0.774395 0.755409 0.784010 0.754407 0.791132 0.752404 0.801104 0.751402 0.809651 0.750401 0.820335 0.751002 0.831019 0.751402 0.843483 0.753606 0.844551 0.754006 0.848113 0.753806 0.858440 0.752003 0.863782 0.758814 0.864850 0.762620 0.864494 0.772837 0.866987 0.780048 0.868412 0.782452 0.862358 0.781250 0.847756 0.781050 0.831019 0.781851 0.817130 0.781851 0.808226 0.785657 0.795050 0.786458 0.788640 0.780248 0.778312 0.777444 0.775107 0.775841 0.766916 0.771434 0.763711 0.769030 0.766204 0.768830 0.773326 0.769030 0.780449
