6 0.208245 0.996312 0.209128 0.968848 0.201624 0.918628 0.198093 0.880179 0.185293 0.866839 0.176024 0.853500 0.172052 0.840945 0.164107 0.819758 0.149541 0.812696 0.140272 0.822112 0.128355 0.797003 0.103637 0.757768 0.069650 0.726381 0.031250 0.709118 0.000000 0.703270 0.000352 1.000000
6 0.133471 0.809706 0.142750 0.805449 0.149934 0.799063 0.160411 0.779374 0.172384 0.767135 0.194235 0.760749 0.198126 0.749042 0.200521 0.762346 0.225066 0.761814 0.246019 0.763942 0.262183 0.770860 0.272061 0.786292 0.275353 0.800660 0.276251 0.797999 0.283734 0.798531 0.291218 0.807046 0.288524 0.812367 0.284333 0.815028 0.290020 0.826735 0.286728 0.847488 0.286129 0.877820 0.288224 0.893252 0.283734 0.904960 0.277449 0.903363 0.273557 0.891124 0.248414 0.895381 0.248114 0.911877 0.239434 0.925181 0.230154 0.925713 0.223270 0.914006 0.221175 0.894317 0.200222 0.898574 0.200222 0.885270 0.196330 0.877288 0.189146 0.867178 0.178969 0.852278 0.173881 0.845360 0.171187 0.829928 0.165799 0.817156 0.158016 0.812899 0.147839 0.811835 0.141254 0.818753
6 0.292074 0.907504 0.293159 0.930170 0.295871 0.944637 0.309435 0.949460 0.315131 0.941744 0.316759 0.926794 0.326253 0.918596 0.344428 0.911844 0.366672 0.907986 0.385661 0.913773 0.401123 0.920525 0.405192 0.940297 0.417399 0.942226 0.425537 0.933546 0.425266 0.907022 0.426080 0.898823 0.430149 0.897377 0.432319 0.912809 0.438829 0.918596 0.441271 0.918596 0.445611 0.914738 0.448324 0.868441 0.449680 0.812018 0.446425 0.790799 0.439914 0.784529 0.430691 0.769579 0.424181 0.747396 0.401123 0.730035 0.373183 0.729552 0.331136 0.731964 0.306451 0.737751 0.301025 0.745949 0.295600 0.775367 0.290717 0.817805 0.285834 0.854938 0.286106 0.890625
6 0.457401 0.834724 0.456403 0.843303 0.452077 0.842415 0.448915 0.839753 0.448582 0.820524 0.447917 0.808691 0.448749 0.798633 0.448749 0.794196 0.451577 0.785025 0.456070 0.770234 0.459398 0.764022 0.467219 0.764318 0.483360 0.764909 0.489683 0.767276 0.489850 0.774376 0.488352 0.780292 0.489517 0.791238 0.489683 0.800704 0.490682 0.809875 0.490515 0.821412 0.490515 0.827624 0.490016 0.833836 0.472045 0.833540
4 0.496672 0.763430 0.495008 0.756331 0.496173 0.750414 0.500333 0.746273 0.505491 0.749527 0.505325 0.757514 0.503494 0.763430 0.508320 0.769347 0.512979 0.774672 0.515974 0.788575 0.514810 0.796858 0.511981 0.798042 0.513811 0.807508 0.514310 0.818453 0.513978 0.827920 0.514976 0.835611 0.514144 0.840640 0.508653 0.840344 0.507654 0.833540 0.509485 0.824074 0.506822 0.811650 0.502995 0.804846 0.498170 0.806029 0.495174 0.812833 0.494509 0.817566 0.496838 0.832061 0.496672 0.839753 0.493178 0.841823 0.490016 0.842119 0.491680 0.834132 0.491181 0.825553 0.490016 0.813129 0.490848 0.801592 0.490682 0.790942 0.490349 0.786505 0.488352 0.785025 0.488851 0.778813 0.491014 0.769938 0.495341 0.766980
5 0.504826 0.851290 0.505491 0.858094 0.502496 0.861644 0.498669 0.860164 0.497338 0.852177 0.496838 0.845669 0.494509 0.842415 0.497171 0.835315 0.497171 0.826736 0.496672 0.819933 0.496173 0.812833 0.498502 0.808100 0.503162 0.807804 0.505658 0.811058 0.508320 0.821412 0.506989 0.830878 0.506989 0.838274 0.512646 0.844190 0.507155 0.848332
6 0.551085 0.811650 0.550087 0.822003 0.548256 0.825257 0.544595 0.822299 0.543763 0.817270 0.541767 0.816087 0.536774 0.815791 0.536275 0.821707 0.533946 0.824370 0.531283 0.822003 0.530285 0.811058 0.531117 0.799521 0.531450 0.790054 0.531782 0.784138 0.529952 0.780292 0.529952 0.776151 0.533946 0.774672 0.536608 0.773193 0.539271 0.765205 0.546093 0.758401 0.549754 0.757514 0.550253 0.763135 0.552915 0.768459 0.552583 0.776447
8 0.735152 0.997512 0.735152 0.965727 0.730488 0.950525 0.753809 0.949143 0.759251 0.841349 0.753032 0.755666 0.735930 0.671365 0.714941 0.605030 0.698616 0.576009 0.635650 0.566335 0.596782 0.578773 0.577348 0.609176 0.565687 0.653400 0.552472 0.732172 0.550140 0.831675 0.556359 0.925650 0.565687 0.962963 0.563355 0.997512
4 0.803889 0.841249 0.799689 0.868877 0.797589 0.901732 0.795909 0.915920 0.785828 0.911440 0.782468 0.903226 0.788348 0.901732 0.790869 0.881571 0.790029 0.854689 0.790449 0.824074 0.791289 0.800179 0.791709 0.780765 0.785408 0.776284 0.777848 0.768070 0.778688 0.761350 0.784568 0.754630 0.792129 0.745669 0.792969 0.733722 0.788768 0.724014 0.786248 0.709080 0.790449 0.700866 0.800109 0.697133 0.805150 0.709080 0.803889 0.721027 0.813550 0.735962 0.817330 0.765084 0.818590 0.806153 0.821951 0.862903 0.823211 0.918907 0.816490 0.923387 0.806410 0.913680 0.809350 0.900239 0.812290 0.889785 0.809770 0.864397 0.807670 0.850956
7 0.803617 0.694271 0.849615 0.685185 0.882959 0.689945 0.886609 0.768259 0.884906 0.757875 0.882228 0.750952 0.877848 0.744894 0.872980 0.753981 0.871276 0.763499 0.875170 0.778643 0.871763 0.785133 0.854483 0.787297 0.846938 0.785999 0.844261 0.770855 0.845235 0.757442 0.844748 0.744029 0.840124 0.743164 0.836716 0.757442 0.833552 0.766961 0.831849 0.778210 0.824304 0.787297 0.784390 0.785566 0.779522 0.700762
7 0.885149 0.692541 0.979580 0.681291 1.000000 0.677447 1.000000 0.789027 0.930418 0.788595 0.886366 0.788595 0.887826 0.757009
9 0.570136 0.543345 0.571589 0.555888 0.594622 0.550354 0.592754 0.535229
4 0.987335 0.816556 0.984442 0.839506 0.982661 0.868392 0.983551 0.883428 0.979990 0.887781 0.973758 0.884615 0.973090 0.871953 0.970642 0.850981 0.966190 0.830009 0.965523 0.827635 0.957955 0.825657 0.959290 0.810225 0.961516 0.795980 0.961071 0.790836 0.956619 0.804289 0.954616 0.817743 0.950832 0.820117 0.949274 0.812203 0.953058 0.798354 0.955729 0.777778 0.958623 0.757993 0.964187 0.746122 0.966636 0.731481 0.968861 0.724359 0.973758 0.721193 0.978432 0.722381 0.981993 0.733064 0.981326 0.744539 0.986222 0.749683 0.990451 0.763928 0.991787 0.787274 0.992455 0.810225
