6 0.001558 0.890273 0.007886 0.906715 0.022975 0.910177 0.035631 0.886812 0.033197 0.872966 0.034657 0.865178 0.041472 0.857390 0.042932 0.828834 0.043906 0.791623 0.042932 0.764798 0.040012 0.731049 0.036118 0.718934 0.024435 0.712011 0.011780 0.711146 0.000584 0.707684
6 0.043419 0.757009 0.050720 0.758740 0.056562 0.767394 0.065810 0.777778 0.072138 0.790758 0.074572 0.801142 0.065810 0.815853 0.057535 0.833160 0.060456 0.854794 0.058022 0.865178 0.048773 0.860852 0.047313 0.850467 0.042445 0.848737
6 0.094529 0.798546 0.088201 0.803738 0.076032 0.808930 0.065323 0.816719 0.058995 0.842679 0.059482 0.858255 0.067757 0.868640 0.070191 0.879024 0.081873 0.881620 0.084307 0.871236 0.096963 0.866909 0.115460 0.870370 0.121787 0.870370 0.137850 0.884216 0.148559 0.878159 0.152453 0.866044 0.167056 0.861717 0.174844 0.859121 0.178738 0.861717 0.189447 0.870370 0.197722 0.863448 0.200156 0.847871 0.206970 0.834026 0.205510 0.805469 0.198209 0.802873 0.189447 0.789027 0.185066 0.776912 0.174844 0.765663 0.160241 0.760471 0.141745 0.758740 0.123248 0.765663 0.113999 0.769124 0.106211 0.778643
6 0.278975 0.827883 0.276009 0.840190 0.268757 0.847808 0.260516 0.848394 0.255241 0.839018 0.251286 0.832571 0.241726 0.831985 0.230189 0.832571 0.227222 0.834330 0.224255 0.841948 0.217003 0.844878 0.208762 0.840190 0.203158 0.822023 0.208103 0.800340 0.210080 0.788033 0.217548 0.777382 0.223113 0.773425 0.228232 0.771051 0.224225 0.769468 0.224225 0.765907 0.227342 0.760367 0.231125 0.760367 0.237135 0.754432 0.241587 0.748496 0.244480 0.743352 0.250712 0.740582 0.277422 0.738604 0.286547 0.738604 0.290109 0.742165 0.295228 0.742561 0.297676 0.747705 0.301905 0.750475 0.305689 0.752453 0.308805 0.760763 0.311476 0.764720 0.313702 0.771842 0.311476 0.774217 0.311031 0.780943 0.309696 0.790044 0.309918 0.795980 0.311031 0.805872 0.311254 0.816952 0.311254 0.825261 0.311254 0.833175 0.307915 0.839506 0.302796 0.841485 0.298567 0.837528 0.297231 0.827635 0.295228 0.823678 0.288773 0.824470
6 0.353951 0.768755 0.371996 0.768573 0.380198 0.769485 0.385940 0.785160 0.389630 0.786618 0.389323 0.807943 0.388093 0.809037 0.388195 0.811589 0.388195 0.815416 0.387682 0.817786 0.387067 0.819791 0.385529 0.821978 0.383581 0.821796 0.382044 0.820884 0.381941 0.817786 0.380096 0.816874 0.377635 0.817057 0.377327 0.819608 0.377225 0.821978 0.375687 0.823254 0.373021 0.823436 0.370356 0.822525 0.370561 0.819244 0.369228 0.817239 0.364409 0.817786 0.344724 0.817604 0.343494 0.819608 0.343801 0.823618 0.342366 0.824894 0.338675 0.822889 0.337957 0.820884 0.336727 0.816510 0.336727 0.813047 0.336009 0.810677 0.336419 0.806121 0.337240 0.799377 0.337855 0.792997 0.340828 0.790992 0.343186 0.788987 0.344827 0.786982 0.346569 0.783702 0.347902 0.779874 0.349543 0.775864 0.352619 0.770760
6 0.365229 0.765475 0.366562 0.764199 0.369945 0.763287 0.374764 0.762376 0.380916 0.762923 0.385017 0.762923 0.389630 0.763105 0.392809 0.764381 0.395987 0.766386 0.398960 0.770214 0.400601 0.774953 0.402549 0.775682 0.404189 0.777140 0.406445 0.777140 0.406752 0.789170 0.405420 0.797554 0.404702 0.805574 0.403369 0.810313 0.402856 0.813958 0.400396 0.815599 0.398140 0.815234 0.396602 0.809948 0.392194 0.807943 0.389015 0.806485 0.390041 0.785524 0.388298 0.786436 0.385940 0.784431 0.384607 0.780603 0.382044 0.773130 0.380813 0.769485 0.377635 0.768755 0.372816 0.769302 0.366152 0.766933 0.364512 0.766933
6 0.413605 0.765605 0.412528 0.768204 0.411605 0.771213 0.410681 0.774222 0.409835 0.777778 0.408604 0.780513 0.407219 0.784069 0.405911 0.786805 0.405142 0.793917 0.403988 0.800481 0.403988 0.807457 0.404527 0.812927 0.406989 0.814979 0.409143 0.812791 0.409604 0.810192 0.412220 0.808140 0.414374 0.807867 0.417682 0.806499 0.419375 0.805815 0.420529 0.801712 0.421760 0.793917 0.422683 0.787625 0.422683 0.783249 0.422375 0.779145 0.423837 0.774359 0.426606 0.767110 0.428068 0.764101 0.427376 0.763554 0.424760 0.763143 0.421452 0.764238 0.418298 0.764785 0.415143 0.765058
4 0.312860 0.769297 0.314580 0.767073 0.315049 0.763736 0.315206 0.761233 0.317239 0.755116 0.320054 0.752058 0.324121 0.757063 0.324434 0.760399 0.323808 0.764292 0.326467 0.770409 0.328188 0.777917 0.329908 0.786537 0.329439 0.795434 0.328344 0.798771 0.326780 0.802108 0.326154 0.808781 0.325998 0.814342 0.325372 0.819903 0.322401 0.816567 0.321306 0.812952 0.319116 0.807113 0.313642 0.812118 0.312860 0.817957 0.312547 0.810727 0.311452 0.797937 0.311608 0.787927 0.311765 0.786815 0.310983 0.795434 0.307386 0.809337 0.306603 0.809893 0.305352 0.806000 0.306447 0.800995 0.308011 0.789039 0.310670 0.775136
8 0.264999 0.710349 0.307386 0.712852 0.358843 0.725642 0.358687 0.733984 0.357436 0.742048 0.358218 0.748721 0.358687 0.759009 0.358843 0.766517 0.355559 0.767907 0.349615 0.775136 0.347738 0.779029 0.345079 0.783756 0.343515 0.788205 0.339605 0.791820 0.336634 0.802386 0.333505 0.804332 0.330377 0.802664 0.330064 0.797103 0.331159 0.785702 0.328657 0.774858 0.325685 0.770131 0.324277 0.757619 0.318178 0.752058 0.316144 0.761790 0.314267 0.766795 0.309106 0.765404 0.307698 0.758731 0.305039 0.749833 0.300504 0.745662 0.296281 0.743716 0.291119 0.742882 0.287522 0.742604 0.282986 0.742048 0.278607 0.740379 0.275635 0.739823 0.267971 0.740379 0.263122 0.739545 0.263435 0.711740
4 0.207866 0.770655 0.207866 0.767094 0.209201 0.764423 0.210704 0.763533 0.211038 0.759378 0.212540 0.755817 0.215044 0.757301 0.215378 0.762939 0.218216 0.773029 0.218550 0.776591 0.215378 0.781339 0.214042 0.783120 0.212039 0.778965 0.209702 0.775107
6 0.204861 0.802707 0.206864 0.797661 0.210036 0.792023 0.211872 0.787868 0.212373 0.783416 0.211372 0.779855 0.208868 0.773326 0.205696 0.767688 0.203192 0.764126 0.202357 0.763236 0.196514 0.761752 0.190505 0.760862 0.181157 0.761752 0.176983 0.765017 0.177317 0.771842 0.182659 0.778965 0.187333 0.787571 0.189169 0.790242 0.193510 0.794397 0.198017 0.800629 0.200855 0.802113
4 0.434447 0.799596 0.437739 0.795338 0.440134 0.784163 0.434148 0.771392 0.428460 0.775117 0.423970 0.784696 0.421576 0.795871 0.420678 0.807578 0.422773 0.813431 0.423072 0.828331 0.423072 0.844828 0.421576 0.861856 0.420079 0.874628 0.421576 0.883142 0.420678 0.895913 0.419480 0.912410 0.422174 0.928374 0.429358 0.926777 0.434746 0.924117 0.435345 0.917199 0.435943 0.904960 0.437440 0.898574 0.445522 0.893785 0.446420 0.882077 0.444025 0.871435 0.443427 0.861856 0.443726 0.849617 0.448216 0.851213 0.452407 0.843763 0.452407 0.838974 0.449413 0.830460 0.446420 0.821946 0.446719 0.800660 0.446121 0.779374 0.443427 0.769264 0.443427 0.761814 0.444325 0.759153 0.446420 0.743721 0.445223 0.738399 0.443726 0.732014 0.440433 0.730417 0.434746 0.734674 0.433250 0.742124 0.429658 0.750106 0.429658 0.754896 0.427562 0.763942 0.424569 0.773521 0.423372 0.787356 0.430556 0.773521 0.436243 0.776181 0.440733 0.784163 0.439236 0.792678
6 0.625419 0.716049 0.625419 0.706471 0.619432 0.696360 0.616439 0.683057 0.608956 0.685717 0.605065 0.687846 0.604167 0.695296 0.600575 0.696892 0.585908 0.693167 0.566152 0.693167 0.559567 0.691571 0.558369 0.683589 0.555376 0.690507 0.518858 0.693167 0.518259 0.685717 0.511674 0.684121 0.506286 0.692103 0.505687 0.696360 0.500898 0.701682 0.495510 0.708067 0.494612 0.709132 0.490721 0.719242 0.488625 0.733610 0.483238 0.748510 0.478149 0.766603 0.471863 0.775649 0.467672 0.786292 0.461686 0.805981 0.461087 0.824606 0.460189 0.850681 0.457795 0.932631 0.460189 0.950192 0.461985 0.964027 0.461087 0.992231 0.466147 1.000000 0.484734 1.000000 0.492217 1.000000 0.495211 0.976266 0.508980 0.973606 0.661937 0.998616 0.661339 0.978395 0.665529 0.973074 0.666727 0.964559 0.665829 0.932631 0.663135 0.908685 0.661039 0.884738 0.660740 0.858663 0.658944 0.832588 0.653257 0.811835 0.652957 0.798531 0.655053 0.795871 0.661937 0.791081 0.663135 0.782567 0.662237 0.771924 0.657447 0.763410 0.649066 0.759685 0.645474 0.762346 0.641882 0.769264 0.639188 0.762346 0.634399 0.741060 0.629909 0.720839
6 0.997364 0.997828 0.984536 1.000000 0.974216 1.000000 0.968428 0.981824 0.961998 0.961248 0.941422 0.944102 0.936921 0.956676 0.920846 0.957819 0.907343 0.946388 0.900913 0.953246 0.895126 0.971536 0.881623 0.987540 0.855903 0.990969 0.843686 0.989826 0.828254 0.972679 0.825039 0.952103 0.818609 0.926955 0.811535 0.926955 0.810249 0.945245 0.802533 0.948674 0.787744 0.936100 0.786458 0.924668 0.780028 0.902949 0.776813 0.888089 0.772312 0.846936 0.771669 0.827503 0.767168 0.784065 0.767168 0.766918 0.761381 0.760059 0.757523 0.736054 0.767811 0.720050 0.771669 0.733768 0.774241 0.713192 0.774884 0.691472 0.780028 0.646891 0.790316 0.625171 0.812822 0.610311 0.833398 0.594307 0.862333 0.564586 0.888696 0.540581 0.903485 0.532579 0.946566 0.533722 0.999936 0.532579 1.000000 0.579218
8 0.717254 0.826290 0.717254 0.832121 0.716730 0.835852 0.715155 0.840284 0.713581 0.841916 0.709252 0.841916 0.701905 0.840050 0.699806 0.837018 0.698887 0.831887 0.696788 0.830255 0.692459 0.828855 0.685375 0.827456 0.682751 0.829322 0.681964 0.832354 0.680914 0.834919 0.678421 0.837485 0.677503 0.837951 0.670812 0.837951 0.668188 0.835386 0.664253 0.828855 0.663334 0.829089 0.662154 0.824191 0.662678 0.817427 0.661891 0.809730 0.661629 0.799701 0.661104 0.794804 0.660973 0.788973 0.662285 0.780577 0.662022 0.774279 0.659792 0.770314 0.661235 0.760285 0.660973 0.755154 0.660973 0.746525 0.663203 0.739761 0.665958 0.735330 0.671599 0.730665 0.677241 0.728333 0.684456 0.726700 0.694952 0.725301 0.702167 0.726933 0.707415 0.727400 0.714631 0.730665 0.716861 0.735330 0.719091 0.742560 0.720141 0.749557 0.720403 0.757020 0.721059 0.772647 0.721584 0.785241 0.721846 0.798769 0.721059 0.812296 0.718566 0.817893 0.717386 0.821392
9 0.726418 0.003601 0.724971 0.096193 1.000000 0.070860 0.996962 0.008745
