8 0.461820 0.713041 0.456082 0.731089 0.449903 0.765615 0.446813 0.800141 0.445489 0.829175 0.446372 0.843299 0.455200 0.847222 0.460055 0.850361 0.469324 0.862131 0.474179 0.866839 0.490510 0.869193 0.494924 0.861347 0.502869 0.853500 0.527145 0.853500 0.553628 0.855854 0.585408 0.858208 0.605270 0.858992 0.609243 0.877825 0.624250 0.880964 0.629988 0.873117 0.633519 0.862916 0.660885 0.862916 0.681630 0.864485 0.686043 0.855854 0.686043 0.837021 0.688250 0.812696 0.689133 0.793864 0.692223 0.786017 0.690457 0.739721 0.687847 0.721914 0.667064 0.722458 0.629105 0.720104 0.566870 0.716965 0.521849 0.716965 0.478151 0.713041
6 0.253562 0.806713 0.253179 0.832584 0.255093 0.846201 0.265816 0.846882 0.268114 0.863222 0.278837 0.866626 0.283433 0.864583 0.285348 0.855052 0.291858 0.853690 0.297220 0.866626 0.304113 0.864583 0.309092 0.852328 0.326708 0.853690 0.345856 0.855733 0.348154 0.870030 0.361175 0.872072 0.364622 0.861179 0.366536 0.857094 0.372281 0.863222 0.383004 0.870711 0.387600 0.861179 0.396408 0.860498 0.401386 0.845520 0.401003 0.832584 0.392195 0.811479 0.381089 0.802628 0.366153 0.801947 0.358877 0.791054 0.344324 0.780161 0.325176 0.773352 0.304879 0.773352 0.289177 0.776757 0.274625 0.786969 0.269263 0.795139 0.257008 0.797181
11 0.690476 0.792328 0.694515 0.785903 0.701531 0.783258 0.711310 0.783636 0.720876 0.785147 0.733418 0.787793 0.747236 0.787793 0.756803 0.789683 0.761267 0.794974 0.764668 0.808579 0.771896 0.825208 0.775298 0.842215 0.775298 0.857710 0.776573 0.857710 0.778061 0.862623 0.780187 0.861111 0.786565 0.859977 0.787628 0.869803 0.786990 0.877740 0.786139 0.881141 0.785927 0.892479 0.784226 0.900038 0.777849 0.900794 0.773384 0.899660 0.770833 0.889834 0.765731 0.887566 0.755952 0.884921 0.735757 0.884165 0.721301 0.883787 0.710884 0.880385 0.708121 0.887566 0.703869 0.894369 0.699617 0.895503 0.692815 0.892857 0.690689 0.886810 0.689838 0.877362 0.687075 0.871693 0.685374 0.866402 0.686012 0.859599 0.686012 0.845238 0.686862 0.828987 0.688350 0.813114 0.688563 0.801398
6 0.999571 0.837846 0.986056 0.835502 0.976167 0.826125 0.960344 0.809130 0.955729 0.800926 0.935006 0.798644 0.902327 0.797410 0.882549 0.800340 0.868704 0.802098 0.863430 0.802684 0.863100 0.807372 0.854200 0.819679 0.850903 0.830813 0.848596 0.847222 0.848596 0.858943 0.849585 0.875938 0.852881 0.883556 0.862441 0.885314 0.867715 0.887658 0.869693 0.895863 0.875297 0.902309 0.883208 0.906411 0.899360 0.909341 0.902327 0.904067 0.903316 0.896449 0.918809 0.896449 0.938588 0.897621 0.956059 0.899965 0.974519 0.899965 0.977156 0.906411 0.980123 0.910513 0.993308 0.914030 1.000000 0.914030 1.000000 0.886486 1.000000 0.852496
10 0.770974 0.788205 0.768628 0.739823 0.767690 0.667251 0.764405 0.631381 0.756428 0.613030 0.745636 0.600517 0.733437 0.591341 0.724521 0.588839 0.722645 0.583834 0.709506 0.583834 0.696837 0.583000 0.693084 0.587171 0.670092 0.582165 0.655077 0.582165 0.641000 0.581331 0.625985 0.579663 0.624578 0.592176 0.628801 0.596346 0.641000 0.596346 0.654608 0.598015 0.671500 0.598849 0.691676 0.602186 0.713260 0.600517 0.722645 0.602186 0.724052 0.596346 0.734844 0.598849 0.744698 0.604688 0.754551 0.619703 0.759244 0.643060 0.761590 0.687271 0.761590 0.713964 0.762997 0.758175 0.764405 0.789039
8 0.266079 0.795273 0.266382 0.776432 0.267745 0.759744 0.265776 0.757321 0.265928 0.750323 0.269107 0.740633 0.276678 0.737403 0.284096 0.735519 0.289698 0.734442 0.295452 0.734173 0.303628 0.736596 0.308624 0.739826 0.334060 0.744940 0.342993 0.746824 0.351774 0.749785 0.355408 0.750323 0.356922 0.752476 0.356165 0.760820 0.354197 0.771049 0.356165 0.775086 0.355105 0.786660 0.343750 0.780200 0.325581 0.773740 0.304082 0.773740 0.288487 0.777239 0.273801 0.787468 0.269259 0.796081
6 0.079360 0.826791 0.077893 0.818966 0.078015 0.811142 0.079727 0.802013 0.081561 0.795492 0.086573 0.792666 0.091219 0.790710 0.094520 0.788537 0.098799 0.784842 0.102834 0.780060 0.105157 0.777017 0.108214 0.774844 0.113226 0.773105 0.118361 0.771583 0.123863 0.772018 0.128264 0.771801 0.130098 0.772018 0.133399 0.773757 0.136945 0.774626 0.139390 0.774844 0.141835 0.782886 0.142813 0.787015 0.145625 0.795275 0.145625 0.798752 0.146115 0.813532 0.144892 0.817445 0.144158 0.823965 0.141958 0.825270 0.134500 0.825487 0.123252 0.826139 0.106624 0.827008 0.101245 0.827660 0.088285 0.829182 0.082172 0.828965
6 0.153250 0.825111 0.148833 0.823926 0.147250 0.822444 0.147333 0.815333 0.147500 0.811630 0.147917 0.807481 0.148583 0.802889 0.149667 0.797407 0.149833 0.796074 0.150333 0.792815 0.154167 0.790000 0.155750 0.787926 0.156500 0.786148 0.157750 0.782148 0.159417 0.775333 0.160000 0.772815 0.165333 0.768815 0.166750 0.768222 0.171417 0.767926 0.174917 0.767926 0.178167 0.767333 0.186500 0.766444 0.190500 0.766889 0.195000 0.768519 0.197750 0.770000 0.198417 0.770444 0.198833 0.773852 0.199083 0.778148 0.200167 0.784519 0.200500 0.788074 0.200667 0.794593 0.200833 0.806148 0.199667 0.812222 0.198583 0.818000 0.197333 0.823185 0.193000 0.825556 0.185833 0.822889 0.181167 0.822444 0.176667 0.823481 0.173000 0.824370 0.169000 0.825407 0.164583 0.826296 0.160833 0.826148 0.156417 0.825111
6 0.787279 0.878086 0.792324 0.874958 0.799127 0.872456 0.803116 0.870370 0.805814 0.867868 0.806635 0.859526 0.806635 0.853270 0.806517 0.846597 0.806752 0.841592 0.806869 0.837212 0.806283 0.832624 0.804289 0.826994 0.802412 0.823448 0.799831 0.821780 0.797250 0.820112 0.795256 0.814898 0.793849 0.810936 0.792441 0.807182 0.791737 0.804054 0.794435 0.802386 0.792441 0.800717 0.789508 0.799883 0.784541 0.800642 0.780946 0.799648 0.777512 0.798654 0.773198 0.797660 0.768325 0.796808 0.764650 0.796097 0.760656 0.795671 0.764810 0.809447 0.772079 0.825494 0.775435 0.842536 0.775275 0.858299 0.777272 0.857589 0.778071 0.863696 0.780307 0.861282 0.787097 0.860003 0.787976 0.871080
6 0.848698 0.865880 0.847552 0.868287 0.844531 0.867917 0.843646 0.866528 0.842656 0.864769 0.842500 0.862546 0.842292 0.860324 0.841198 0.859583 0.838854 0.859861 0.835625 0.860509 0.834792 0.864491 0.832812 0.866157 0.831146 0.865694 0.828438 0.865231 0.827604 0.862639 0.827135 0.859954 0.826562 0.856620 0.826562 0.853287 0.826927 0.850787 0.827448 0.848565 0.827500 0.844954 0.827760 0.842269 0.827969 0.839954 0.828698 0.835694 0.829375 0.834398 0.831771 0.831343 0.830208 0.830417 0.829375 0.828750 0.829583 0.826250 0.830469 0.823750 0.831823 0.823009 0.832812 0.822731 0.834323 0.822176 0.835417 0.819583 0.836615 0.817176 0.838490 0.816250 0.839531 0.815787 0.840938 0.815231 0.842969 0.814491 0.846198 0.813472 0.847604 0.813194 0.850833 0.813194 0.851875 0.813102 0.856094 0.812731 0.858802 0.812454 0.854271 0.819306 0.850938 0.831250 0.848594 0.847454 0.848490 0.859491
