6 0.153670 0.993250 0.154644 0.984597 0.154644 0.971616 0.156104 0.958636 0.157077 0.938733 0.155617 0.912773 0.154644 0.893735 0.145395 0.862582 0.142475 0.851333 0.123978 0.842679 0.122031 0.837487 0.127872 0.831430 0.128359 0.817584 0.126898 0.805469 0.122031 0.793354 0.112782 0.792489 0.104021 0.791623 0.097206 0.806334 0.095259 0.801142 0.078222 0.771720 0.041229 0.724126 0.033440 0.705088 0.027599 0.697300 0.015430 0.692108 0.006182 0.687781 0.000000 0.684118 0.001314 0.999308 0.143935 0.998442 0.146344 1.000000
6 0.090391 0.794219 0.109862 0.746625 0.111322 0.740568 0.114729 0.731049 0.120084 0.724991 0.127872 0.721530 0.137120 0.716338 0.199912 0.714607 0.223764 0.715472 0.240313 0.712876 0.265625 0.719799 0.274873 0.727587 0.282925 0.747669 0.290938 0.770332 0.296766 0.785224 0.297858 0.793642 0.298223 0.785872 0.303322 0.783929 0.310242 0.785872 0.315341 0.793642 0.314248 0.797527 0.312791 0.805944 0.308057 0.808534 0.306235 0.809829 0.311699 0.817599 0.317890 0.825369 0.322261 0.831197 0.324446 0.838319 0.324082 0.844147 0.323718 0.855154 0.324446 0.874579 0.325175 0.890767 0.323718 0.899832 0.321533 0.916019 0.320440 0.936739 0.317890 0.958107 0.311334 0.970409 0.306964 0.968467 0.298587 0.965229 0.295673 0.956812 0.295309 0.945157 0.272727 0.950984 0.270906 0.972999 0.271635 0.985949 0.268721 0.993072 0.261801 0.998252 0.254152 0.998252 0.247960 0.995662 0.242133 0.996957 0.235577 0.995662 0.230478 0.988539 0.227200 0.974942 0.225743 0.965877 0.224650 0.959402 0.216273 0.956812 0.207896 0.959402 0.198427 0.958107 0.177666 0.959402 0.152535 0.963934 0.154356 0.936092 0.156177 0.924437 0.149985 0.897242 0.148164 0.881054 0.145251 0.862924 0.132867 0.846089 0.125947 0.837672 0.128132 0.824074 0.128497 0.815657 0.125583 0.798174 0.113928 0.786519 0.106643 0.789757 0.100452 0.795584 0.095353 0.804649
6 0.323812 0.914738 0.330051 0.916184 0.332221 0.920042 0.333577 0.930170 0.336019 0.937404 0.344157 0.941262 0.348768 0.940297 0.352295 0.931617 0.354465 0.917631 0.354194 0.903164 0.360704 0.900270 0.361518 0.905575 0.363146 0.914255 0.364231 0.920042 0.370741 0.921007 0.375895 0.916184 0.377252 0.907504 0.376438 0.899306 0.377794 0.886767 0.378608 0.876640 0.379150 0.868924 0.380289 0.856194 0.378876 0.847940 0.377867 0.835379 0.377463 0.824971 0.375646 0.820665 0.372618 0.815281 0.371205 0.813846 0.375242 0.811334 0.375646 0.807027 0.375848 0.798773 0.373224 0.796260 0.368782 0.794466 0.367167 0.796978 0.365552 0.803797 0.365350 0.804515 0.364543 0.797337 0.360102 0.782264 0.351219 0.766473 0.348393 0.759295 0.344154 0.752476 0.335271 0.746375 0.327600 0.746734 0.324976 0.748887 0.322755 0.751400 0.299338 0.751041 0.298328 0.747811 0.296512 0.743145 0.294897 0.743145 0.292676 0.747452 0.291061 0.750682 0.287024 0.749964 0.285207 0.749964 0.285812 0.751759 0.288437 0.763961 0.295906 0.781905 0.296915 0.785853 0.298934 0.781905 0.300347 0.781187 0.303779 0.781187 0.311047 0.783699 0.316093 0.791595 0.315891 0.801285 0.313873 0.805233 0.310239 0.808463 0.306403 0.809180 0.310643 0.815999 0.315891 0.821382 0.320535 0.828919 0.323563 0.836815 0.322755 0.854400 0.324370 0.898902
6 0.378221 0.882188 0.380962 0.881701 0.382059 0.881944 0.382881 0.889254 0.383429 0.894128 0.389186 0.897539 0.391653 0.895833 0.395491 0.890716 0.395491 0.885843 0.395491 0.879751 0.395765 0.876827 0.396450 0.879508 0.398095 0.887792 0.402344 0.889254 0.404263 0.885599 0.405085 0.876827 0.405085 0.868787 0.404537 0.843933 0.405085 0.835404 0.404948 0.830531 0.402344 0.824196 0.398369 0.818348 0.405633 0.817617 0.406044 0.814206 0.404263 0.809089 0.401658 0.809089 0.399328 0.807870 0.398095 0.807870 0.393983 0.798611 0.390419 0.786915 0.386171 0.781067 0.378358 0.781555 0.365474 0.779362 0.357936 0.780824 0.362048 0.791058 0.364926 0.798367 0.365063 0.801291 0.366297 0.797149 0.368353 0.792519 0.371642 0.793007 0.376439 0.796174 0.377124 0.800560 0.376713 0.806896 0.376576 0.811282 0.373561 0.813962 0.373013 0.815180 0.375754 0.821272 0.377399 0.827364 0.378084 0.831506 0.378495 0.839059 0.379729 0.846369 0.379317 0.855629 0.379866 0.865375
6 0.405236 0.866521 0.414125 0.867331 0.419710 0.867129 0.420052 0.870776 0.420279 0.874828 0.423585 0.878677 0.426776 0.878880 0.428485 0.875638 0.428485 0.872802 0.431220 0.873612 0.433956 0.874017 0.435209 0.866318 0.435323 0.853351 0.435779 0.846057 0.435893 0.839371 0.435893 0.832685 0.434070 0.826809 0.432816 0.821339 0.432474 0.818097 0.434867 0.817692 0.436919 0.815868 0.437717 0.810803 0.436577 0.808372 0.434639 0.808372 0.432816 0.807967 0.431676 0.809790 0.430081 0.807967 0.428371 0.799862 0.426434 0.792973 0.423926 0.787706 0.421989 0.784261 0.417658 0.783451 0.406033 0.782843 0.387229 0.782033 0.387229 0.782640 0.388482 0.785274 0.389850 0.787300 0.391560 0.790542 0.392699 0.795607 0.395548 0.802091 0.397030 0.805941 0.399537 0.806954 0.403982 0.808169 0.405464 0.809385 0.406489 0.813437 0.406375 0.817084 0.404438 0.818705 0.401703 0.818502 0.400221 0.818502 0.399879 0.820934 0.402842 0.826607 0.404780 0.829646 0.405464 0.834711 0.405236 0.842005 0.405236 0.850109 0.405122 0.859227
6 0.427939 0.793990 0.433486 0.794993 0.435648 0.797834 0.436964 0.803015 0.439314 0.809700 0.440255 0.812709 0.441289 0.811706 0.443357 0.810369 0.445519 0.811873 0.446271 0.815049 0.445519 0.816219 0.443921 0.817556 0.442041 0.817890 0.441477 0.820397 0.442887 0.824074 0.443639 0.829590 0.443639 0.834938 0.444579 0.852654 0.444015 0.857000 0.444015 0.859339 0.442699 0.860844 0.440913 0.861011 0.439691 0.860677 0.439032 0.863351 0.436870 0.863518 0.434990 0.863852 0.434896 0.858671 0.435178 0.843462 0.434896 0.838782 0.435178 0.831595 0.434990 0.826414 0.434238 0.822403 0.433768 0.820063 0.437622 0.817890 0.438468 0.813879 0.438092 0.809533 0.436306 0.807695 0.433110 0.807695 0.431323 0.810870 0.429631 0.809032 0.429161 0.804686 0.428879 0.800842
6 0.427002 0.791531 0.428711 0.790891 0.433749 0.791051 0.438337 0.790251 0.443554 0.790891 0.447152 0.790891 0.450750 0.791211 0.452100 0.792330 0.451920 0.795369 0.451380 0.796168 0.447962 0.796808 0.446612 0.798087 0.445803 0.800646 0.445803 0.804324 0.447152 0.808642 0.449311 0.809921 0.449581 0.812960 0.448771 0.817437 0.448591 0.823354 0.447602 0.830231 0.448232 0.833109 0.448052 0.835828 0.444813 0.836308 0.443734 0.834549 0.443734 0.829751 0.443464 0.826393 0.442834 0.821435 0.441665 0.819197 0.443824 0.818237 0.445533 0.816638 0.445623 0.814079 0.445263 0.811201 0.443284 0.809761 0.440765 0.811041 0.439326 0.809601 0.438966 0.805284 0.436088 0.797448 0.433479 0.794569 0.430690 0.793450 0.426912 0.793450
6 0.456554 0.910249 0.456812 0.918959 0.456812 0.924459 0.452171 0.924001 0.447014 0.921709 0.445467 0.912083 0.445467 0.900623 0.445467 0.890539 0.444952 0.876788 0.443404 0.863953 0.445913 0.857364 0.446262 0.850242 0.447481 0.841571 0.447830 0.834448 0.448352 0.828564 0.450094 0.816177 0.450094 0.810294 0.448004 0.807507 0.447133 0.803481 0.447307 0.799145 0.448875 0.797597 0.451313 0.793261 0.453926 0.780875 0.457759 0.761675 0.460546 0.750217 0.463507 0.743404 0.464378 0.741546 0.462984 0.734733 0.463158 0.731946 0.463333 0.727301 0.466294 0.720178 0.468907 0.719249 0.472565 0.717701 0.498868 0.718011 0.502003 0.721107 0.503745 0.728540 0.509668 0.727920 0.518551 0.727920 0.526564 0.730398 0.527087 0.734423 0.526564 0.739068 0.525867 0.742475 0.526738 0.746810 0.528829 0.752384 0.530571 0.755481 0.533532 0.774062 0.536842 0.795120 0.539280 0.802242 0.540500 0.815248 0.541022 0.833519 0.542241 0.854887 0.542416 0.873467 0.541545 0.890190 0.541196 0.910009 0.540151 0.921776 0.538758 0.926112 0.532313 0.927970 0.528306 0.927041 0.525867 0.925183 0.524474 0.922705 0.522558 0.915583 0.520293 0.908460 0.519074 0.905673 0.515416 0.903196 0.508971 0.901647 0.500087 0.902267 0.492597 0.906912 0.488242 0.905983 0.484758 0.903196 0.481100 0.901957 0.473262 0.897312 0.469081 0.898860 0.468036 0.905983 0.464726 0.909389 0.461068 0.909080
6 0.541940 0.849911 0.544431 0.850122 0.545499 0.854763 0.546092 0.858137 0.548939 0.860246 0.550482 0.859192 0.551668 0.854973 0.551668 0.850966 0.576108 0.853497 0.577650 0.852021 0.579311 0.852653 0.579549 0.856239 0.580261 0.860457 0.584888 0.863621 0.588565 0.858981 0.588328 0.853919 0.587260 0.846959 0.589277 0.844006 0.590464 0.838944 0.589752 0.818274 0.585125 0.814266 0.576939 0.798237 0.562464 0.796549 0.561634 0.794018 0.560803 0.793597 0.559973 0.792542 0.558193 0.791276 0.557600 0.791698 0.556176 0.793597 0.555465 0.793597 0.555227 0.795706 0.545143 0.797815 0.540041 0.809415
1 0.557321 0.756718 0.565741 0.744187 0.558006 0.730263 0.550272 0.743665
4 0.602400 0.826329 0.602853 0.832609 0.603578 0.839855 0.603850 0.844525 0.604937 0.848390 0.606929 0.846135 0.607835 0.845813 0.607654 0.842754 0.606748 0.839694 0.606205 0.836312 0.605933 0.830998 0.605389 0.823430 0.605661 0.819243 0.605027 0.808293 0.605842 0.807327 0.606476 0.804589 0.606658 0.800081 0.606024 0.797665 0.605027 0.796055 0.603216 0.791063 0.601313 0.788325 0.599592 0.788003 0.598868 0.791385 0.598324 0.795411 0.597600 0.797826 0.596422 0.799758 0.595335 0.803462 0.594792 0.807005 0.594248 0.814090 0.594701 0.818599 0.596150 0.821337 0.597509 0.821014 0.597690 0.826006 0.597781 0.839050 0.597600 0.845330 0.600770 0.846457 0.601947 0.843881 0.601857 0.838728 0.602038 0.832609
4 0.579121 0.803140 0.579303 0.800725 0.580571 0.796216 0.581024 0.793639 0.582835 0.792029 0.584194 0.790258 0.585190 0.786071 0.585734 0.782206 0.587636 0.781562 0.588813 0.782528 0.588813 0.786232 0.588723 0.789452 0.590444 0.791546 0.591803 0.799758 0.591893 0.811353 0.592255 0.815539 0.590987 0.817472 0.590806 0.821659 0.591621 0.826973 0.591803 0.833092 0.591712 0.841465 0.593071 0.845330 0.591984 0.846135 0.588542 0.845974 0.589357 0.843720 0.590172 0.840016 0.590172 0.834380 0.589810 0.827295 0.588995 0.820209 0.587636 0.816989 0.584013 0.813124 0.582201 0.809903
6 0.627287 0.801548 0.618813 0.815736 0.618319 0.815590 0.615439 0.815736 0.612888 0.818077 0.611243 0.821002 0.609433 0.825976 0.609021 0.830656 0.609762 0.838117 0.612066 0.839433 0.614781 0.839726 0.615686 0.840457 0.619224 0.842212 0.623009 0.842212 0.623832 0.842066 0.625560 0.840311 0.625806 0.839579 0.629674 0.840457 0.635515 0.841335 0.643661 0.841335 0.647364 0.840164 0.647446 0.836800 0.647446 0.832997 0.647446 0.829925 0.648104 0.825098 0.649421 0.820563 0.650161 0.817638 0.649338 0.814859 0.650161 0.812665 0.651642 0.810032 0.653782 0.809593 0.655756 0.812226 0.656332 0.814566 0.657073 0.818369 0.657566 0.823050 0.660282 0.823196 0.661022 0.820417 0.660775 0.815883 0.661434 0.811494 0.662503 0.800085 0.637819 0.799500 0.633212 0.799646 0.630003 0.799500
4 0.655316 0.841012 0.655914 0.845263 0.655690 0.847654 0.655690 0.850975 0.655316 0.853233 0.655166 0.858016 0.655241 0.859743 0.653448 0.859079 0.652551 0.858414 0.651879 0.859743 0.650534 0.859610 0.650010 0.858016 0.649562 0.855757 0.649637 0.854828 0.649114 0.853765 0.648217 0.853898 0.648068 0.850178 0.648217 0.847654 0.647619 0.843137 0.648068 0.839550 0.648142 0.835698 0.648068 0.831580 0.648217 0.827993 0.649188 0.824938 0.649786 0.822281 0.650683 0.821218 0.650235 0.819092 0.650384 0.816037 0.650758 0.813114 0.652028 0.811255 0.653747 0.810059 0.655839 0.812317 0.656586 0.815638 0.656437 0.819092 0.656437 0.823078 0.657334 0.825070 0.658977 0.825336 0.660397 0.823742 0.661070 0.822148 0.661593 0.818960 0.662041 0.813247 0.661966 0.810192 0.662564 0.804480 0.662714 0.798767 0.663013 0.794516 0.664059 0.790132 0.665479 0.788140 0.666674 0.788140 0.666599 0.786413 0.666226 0.782693 0.665927 0.779239 0.666002 0.776184 0.667272 0.773925 0.668841 0.773527 0.670410 0.774191 0.672204 0.776316 0.673399 0.779505 0.673100 0.781763 0.671457 0.785483 0.670709 0.787475 0.668468 0.795180 0.669065 0.799830 0.669140 0.803284 0.670037 0.805808 0.671457 0.810059 0.672876 0.812583 0.673773 0.814841 0.674969 0.816834 0.675566 0.818561 0.676089 0.822281 0.675492 0.852304 0.675118 0.860141 0.674221 0.861868 0.673922 0.860141 0.672951 0.858414 0.672951 0.854429 0.672204 0.848451 0.672353 0.845130 0.672503 0.841543 0.671905 0.836628 0.671307 0.831713 0.670336 0.826266 0.669663 0.826930 0.668916 0.834768 0.668393 0.842739 0.668019 0.847521 0.667870 0.854163 0.667571 0.858414 0.666525 0.859610 0.665404 0.860141 0.663013 0.858680 0.663162 0.856023 0.664059 0.854695 0.664955 0.853765 0.665030 0.849647 0.664432 0.820155 0.664059 0.817100 0.663909 0.820155 0.663386 0.821882 0.662564 0.821616 0.662340 0.821085 0.661518 0.823875 0.660920 0.825203 0.660323 0.826266 0.659351 0.827594 0.658380 0.827993 0.657035 0.828923 0.656213 0.828657 0.655690 0.829189 0.655988 0.832377 0.655540 0.836495
4 0.673082 0.782153 0.674987 0.780460 0.675622 0.779048 0.674829 0.773402 0.674829 0.768603 0.678322 0.766063 0.681974 0.768039 0.683086 0.773685 0.683244 0.776790 0.685467 0.779895 0.686579 0.781024 0.687849 0.783283 0.689278 0.784129 0.691025 0.783000 0.691660 0.778201 0.691819 0.774531 0.692137 0.770297 0.694836 0.766909 0.699282 0.768039 0.700076 0.771144 0.699759 0.777072 0.700076 0.783565 0.702776 0.788082 0.703252 0.791187 0.703411 0.797680 0.703252 0.806431 0.702140 0.813206 0.701823 0.821110 0.701505 0.830426 0.702617 0.840871 0.703570 0.851598 0.704681 0.859784 0.705475 0.868253 0.706904 0.878416 0.706587 0.881803 0.701823 0.882368 0.697694 0.882086 0.696742 0.878416 0.698806 0.874181 0.699441 0.869947 0.698171 0.860631 0.696900 0.853574 0.694836 0.844258 0.693883 0.842847 0.696106 0.859784 0.696106 0.867124 0.695789 0.874464 0.695312 0.879827 0.692137 0.880674 0.687055 0.880110 0.684991 0.876440 0.686579 0.871923 0.690231 0.869947 0.690390 0.865430 0.689437 0.856114 0.688961 0.850186 0.687532 0.849339 0.688326 0.842282 0.688167 0.834942 0.687055 0.828732 0.687055 0.823651 0.687214 0.839741 0.687214 0.853292 0.688485 0.864583 0.688008 0.871076 0.685309 0.870794 0.684674 0.860631 0.682927 0.843976 0.681815 0.838048 0.681657 0.845952 0.681657 0.856114 0.681021 0.865148 0.681815 0.872205 0.680545 0.874464 0.677210 0.871641 0.675781 0.867406 0.676099 0.862607 0.674829 0.847081 0.674035 0.840871 0.673399 0.832402 0.673717 0.826756 0.674193 0.818569 0.672764 0.814617 0.671176 0.809536 0.669588 0.803890 0.668794 0.797962 0.668953 0.790904 0.671811 0.785823
4 0.700076 0.779330 0.701347 0.776507 0.701505 0.772273 0.702458 0.767474 0.704840 0.764086 0.708016 0.766063 0.709604 0.771144 0.709286 0.777919 0.711827 0.787517 0.712621 0.795139 0.711509 0.799938 0.712144 0.810383 0.711668 0.820828 0.711668 0.832119 0.711350 0.840588 0.710239 0.846799 0.710080 0.859784 0.709762 0.865713 0.707857 0.869100 0.706587 0.862890 0.706587 0.847646 0.704205 0.834660 0.702617 0.831555 0.702776 0.826474 0.702458 0.818287 0.703570 0.810100 0.704046 0.804737 0.704522 0.796833 0.704205 0.791187 0.702299 0.784976
4 0.758323 0.823027 0.759239 0.865601 0.758192 0.868393 0.756229 0.870719 0.754135 0.867462 0.754266 0.860716 0.754135 0.855365 0.753612 0.846990 0.752565 0.840476 0.752041 0.838847 0.751387 0.848153 0.751649 0.855365 0.751911 0.862111 0.750995 0.866532 0.747069 0.866532 0.745367 0.867695 0.745237 0.863740 0.746676 0.860716 0.746807 0.857459 0.746676 0.850247 0.746545 0.841639 0.746807 0.833264 0.746807 0.826052 0.746545 0.820701 0.747069 0.815117 0.747200 0.812093 0.745891 0.809766 0.745237 0.804881 0.745760 0.800461 0.746284 0.797436 0.747985 0.793714 0.749555 0.789992 0.748901 0.786502 0.749817 0.783478 0.753088 0.782314 0.755836 0.787200 0.756098 0.791620 0.758192 0.796040 0.760809 0.801857 0.761987 0.806975 0.762380 0.812326 0.761464 0.816978 0.760155 0.820468
4 0.722722 0.827139 0.720700 0.851450 0.721176 0.855890 0.720581 0.858215 0.718798 0.858215 0.717608 0.856735 0.716895 0.852084 0.716419 0.842994 0.716895 0.836864 0.717014 0.826294 0.715111 0.827985 0.714279 0.821432 0.714279 0.818261 0.713803 0.811707 0.713684 0.805577 0.713447 0.799446 0.714873 0.794161 0.716182 0.789933 0.719630 0.785282 0.721176 0.778518 0.722484 0.775558 0.725576 0.777461 0.727121 0.781266 0.726527 0.783803 0.726408 0.785917 0.727478 0.789299 0.727954 0.792681 0.728192 0.797332 0.728192 0.804731 0.728667 0.811707 0.727835 0.819529 0.727954 0.828619 0.728073 0.839189 0.728667 0.845954 0.727835 0.854621 0.729262 0.858215 0.728667 0.860540 0.725338 0.859061 0.724149 0.858426 0.723673 0.843417
10 0.680085 0.709314 0.680305 0.721084 0.748058 0.723046 0.748720 0.712061
10 0.759141 0.760967 0.760041 0.778845 0.766045 0.778578 0.765445 0.761234
10 0.784469 0.806180 0.784235 0.803059 0.783532 0.800354 0.784235 0.797649 0.789267 0.795568 0.796290 0.795984 0.800152 0.795152 0.807409 0.795152 0.811505 0.797025 0.815133 0.798065 0.816889 0.803059 0.816304 0.810133 0.815602 0.812214 0.814431 0.812630 0.813729 0.816167 0.814314 0.821785 0.814899 0.828027 0.815250 0.831565 0.815368 0.836767 0.815485 0.840928 0.815133 0.846338 0.814431 0.849251 0.811388 0.850499 0.807526 0.850499 0.800737 0.848627 0.797343 0.846962 0.790789 0.845506 0.788331 0.845089 0.786341 0.843841 0.785639 0.840928 0.784586 0.834062 0.784937 0.823866 0.784937 0.819288 0.784937 0.816375 0.782362 0.812422 0.782830 0.809717 0.784118 0.808677
11 0.815250 0.796816 0.824848 0.797025 0.848607 0.796608 0.850480 0.800354 0.852001 0.805972 0.852235 0.810133 0.852235 0.814087 0.852001 0.816583 0.851299 0.817832 0.848490 0.819496 0.847203 0.824074 0.846032 0.832605 0.845798 0.840304 0.846969 0.847586 0.847320 0.854245 0.846852 0.858198 0.844160 0.860903 0.840531 0.857366 0.839010 0.854661 0.837956 0.857158 0.837839 0.861735 0.835147 0.862776 0.832456 0.859030 0.830934 0.855077 0.829764 0.857158 0.829061 0.859030 0.825433 0.859447 0.824029 0.858614 0.821220 0.856742 0.819698 0.855493 0.817942 0.854245 0.817006 0.852996 0.816421 0.846338 0.816655 0.839680 0.815953 0.830316 0.816304 0.823242 0.816889 0.818040 0.815836 0.810965 0.816070 0.806388 0.815368 0.802434
4 0.867451 0.817000 0.868270 0.812838 0.868504 0.809093 0.868387 0.804307 0.869558 0.799938 0.872250 0.800146 0.874941 0.804931 0.875410 0.807220 0.877165 0.811798 0.879857 0.816167 0.881028 0.820745 0.881262 0.827195 0.882900 0.835310 0.883251 0.840928 0.881496 0.843217 0.875644 0.843217 0.872952 0.844049 0.870377 0.849875 0.869792 0.854037 0.869089 0.864856 0.868738 0.868602 0.866280 0.868602 0.863940 0.867561 0.863823 0.865481 0.862184 0.865897 0.859492 0.864648 0.859843 0.861319 0.862418 0.859238 0.863237 0.857366 0.863588 0.850083 0.863237 0.845506 0.862652 0.842176 0.862301 0.839055 0.861014 0.837599 0.863003 0.835102 0.864876 0.831357 0.866515 0.827403 0.867568 0.822201
4 0.891912 0.868810 0.892264 0.872763 0.890274 0.874012 0.887465 0.872971 0.887348 0.867978 0.888284 0.863192 0.888869 0.859447 0.888401 0.852372 0.888167 0.850916 0.885124 0.852788 0.883603 0.849459 0.885358 0.844881 0.886412 0.842385 0.886646 0.839263 0.886177 0.835102 0.885475 0.829068 0.885007 0.822826 0.884539 0.817000 0.885241 0.811590 0.887582 0.809509 0.887582 0.804723 0.887231 0.799730 0.890274 0.797857 0.891795 0.805139 0.892029 0.816792 0.891444 0.825531 0.891678 0.840928
4 0.905723 0.822618 0.906777 0.816792 0.908766 0.815543 0.907830 0.810133 0.907596 0.805139 0.908883 0.801186 0.912278 0.801186 0.914853 0.807012 0.916374 0.812630 0.918013 0.820121 0.919651 0.826155 0.922109 0.833021 0.922811 0.835934 0.924333 0.832397 0.924918 0.826571 0.925854 0.821577 0.926440 0.813878 0.927142 0.808677 0.927376 0.803475 0.927610 0.799313 0.928780 0.797857 0.930653 0.795152 0.935101 0.795568 0.937441 0.800354 0.939197 0.806180 0.941421 0.811590 0.942825 0.818456 0.943996 0.827611 0.944464 0.835102 0.944581 0.840720 0.943645 0.844465 0.941187 0.848627 0.936973 0.851124 0.930887 0.855077 0.930185 0.856742 0.932994 0.860903 0.934984 0.865273 0.935686 0.874220 0.934281 0.877965 0.931355 0.876509 0.931589 0.872971 0.930887 0.871099 0.928663 0.873804 0.927259 0.876092 0.923631 0.876717 0.921290 0.876717 0.921758 0.870474 0.920939 0.866521 0.917896 0.857366 0.914853 0.847586 0.913682 0.847586 0.911809 0.854453 0.910756 0.860487 0.911224 0.869850 0.912512 0.875676 0.910054 0.875260 0.908064 0.875260 0.907830 0.870058
10 0.539485 0.713338 0.540048 0.725100 0.501760 0.725100 0.501478 0.713589
