9 0.591883 0.482530 0.591883 0.524458 0.783510 0.513976 0.779579 0.479036
6 0.037260 0.755342 0.032051 0.769587 0.022837 0.781695 0.009215 0.792379 0.001202 0.803775 0.000000 0.814459 0.002003 0.847934 0.006811 0.879274 0.018429 0.886396 0.026042 0.872863 0.033654 0.872151 0.055689 0.876425 0.059696 0.884259 0.075321 0.882835 0.083333 0.867165 0.097356 0.862892 0.113782 0.860755 0.117388 0.872151 0.130208 0.872151 0.137019 0.865741 0.137821 0.847222 0.138622 0.826567 0.138622 0.803063 0.134615 0.780983 0.127003 0.760328 0.118189 0.749644 0.106571 0.743234 0.078526 0.743946 0.054087 0.748219
6 0.185420 0.751302 0.179430 0.752189 0.176268 0.756035 0.174105 0.760176 0.172108 0.765797 0.168946 0.774080 0.165452 0.783251 0.164287 0.791534 0.163455 0.802183 0.163455 0.819045 0.168281 0.841528 0.180761 0.846852 0.187084 0.841823 0.190578 0.837090 0.192076 0.822003 0.190745 0.810466 0.192742 0.803071 0.195238 0.790350 0.198898 0.778222 0.201727 0.765797 0.208550 0.752781 0.208882 0.749231 0.195570 0.747160
6 0.229281 0.737078 0.223272 0.743691 0.215259 0.749288 0.208391 0.750814 0.201522 0.765568 0.197802 0.784900 0.190362 0.818987 0.188359 0.849512 0.186069 0.897843 0.184924 0.929894 0.184176 0.979708 0.213542 0.994484 0.242354 1.000000 0.611883 1.000000 0.616398 0.980499 0.617977 0.949635 0.614031 0.918771 0.613242 0.894921 0.606140 0.851431 0.605350 0.833193 0.598248 0.809343 0.591935 0.781285 0.601405 0.785494 0.614820 0.767256 0.612453 0.747615 0.602983 0.736392 0.587200 0.732183 0.576941 0.733586 0.571338 0.731481 0.571023 0.722503 0.566604 0.703984 0.543245 0.610831 0.535985 0.597924 0.529356 0.592312 0.524937 0.577722 0.518939 0.574916 0.509470 0.568743 0.504104 0.578283 0.503788 0.586139 0.416667 0.579966 0.415088 0.565937 0.411932 0.559764 0.407197 0.556958 0.403093 0.568743 0.403093 0.577722 0.332702 0.583895 0.330808 0.577160 0.320076 0.570426 0.311237 0.570426 0.296717 0.572671 0.295455 0.583895 0.290404 0.590067 0.277462 0.595118 0.266414 0.604097 0.262311 0.620932 0.263258 0.632155 0.255997 0.655163
8 0.858737 0.995087 0.819409 0.968632 0.820472 0.993197 0.787521 0.998866 0.780081 0.972411 0.779018 0.936508 0.780358 0.924174 0.780358 0.916667 0.776605 0.916667 0.770974 0.913330 0.770505 0.894144 0.765813 0.852436 0.763936 0.782366 0.763936 0.743160 0.761120 0.721471 0.757836 0.722306 0.748921 0.713964 0.743290 0.697281 0.741883 0.677261 0.750328 0.663080 0.756428 0.672256 0.758305 0.683100 0.759713 0.703954 0.764874 0.706456 0.764405 0.686436 0.767220 0.657241 0.771443 0.625542 0.772382 0.614698 0.766751 0.615532 0.761590 0.616366 0.750798 0.610527 0.753144 0.598849 0.761590 0.593844 0.772851 0.593844 0.774259 0.591341 0.778482 0.566316 0.797131 0.513661 0.818050 0.477990 0.862876 0.422587 0.911971 0.354281 0.998977 0.241237 0.998047 0.995370
6 0.611674 0.879129 0.622935 0.875375 0.621997 0.869536 0.623170 0.862863 0.622466 0.852019 0.627158 0.849933 0.629739 0.831582 0.630443 0.816567 0.629035 0.801134 0.624812 0.789873 0.614489 0.780697 0.611674 0.776527 0.606747 0.777361 0.600413 0.781532 0.594782 0.784034 0.592436 0.796964 0.598536 0.810727 0.602055 0.830747 0.607920 0.848265 0.609563 0.862029 0.610032 0.875375
6 0.622935 0.787371 0.621528 0.779446 0.625282 0.775275 0.622232 0.774441 0.619886 0.771522 0.619886 0.765265 0.624108 0.762763 0.629974 0.763180 0.630443 0.759843 0.637716 0.738989 0.641470 0.734401 0.644520 0.732733 0.649212 0.734401 0.660473 0.734401 0.667980 0.732316 0.682761 0.733567 0.686045 0.732316 0.691441 0.734401 0.695664 0.745662 0.702703 0.763180 0.706222 0.778195 0.709506 0.797798 0.709506 0.814481 0.709037 0.832833 0.709272 0.853687 0.704345 0.863697 0.698245 0.859943 0.697307 0.843677 0.691676 0.842009 0.692145 0.851185 0.689330 0.854104 0.682292 0.852436 0.682526 0.842426 0.679711 0.838672 0.658127 0.839089 0.648273 0.840757 0.645223 0.841592 0.642173 0.852853 0.640766 0.858692 0.635370 0.859109 0.632085 0.855355 0.631616 0.847431 0.631381 0.842009 0.630912 0.826577 0.631851 0.811562 0.630208 0.799049 0.626220 0.787371
6 0.611914 0.747055 0.618350 0.748326 0.626096 0.751716 0.629076 0.752140 0.630864 0.756801 0.630745 0.763158 0.626812 0.761251 0.621091 0.764429 0.620852 0.772481 0.620137 0.778413 0.616443 0.781592 0.612033 0.775871 0.611914 0.772693 0.612510 0.765277 0.612748 0.756166
8 0.610126 0.734342 0.616204 0.721417 0.631817 0.710611 0.636108 0.709340 0.639326 0.707433 0.650410 0.707857 0.660779 0.708280 0.672578 0.711882 0.675915 0.715484 0.678418 0.721841 0.680087 0.729257 0.679848 0.732223 0.675319 0.730952 0.671267 0.730952 0.669479 0.729469 0.667453 0.731164 0.663520 0.731799 0.654224 0.731587 0.648503 0.730952 0.645643 0.729257 0.640994 0.731587 0.636108 0.739003 0.633486 0.747055 0.631460 0.754683 0.629672 0.748326 0.626216 0.747479 0.617634 0.743877 0.611914 0.743029 0.610364 0.740486 0.608934 0.733918
4 0.749508 0.754582 0.750791 0.757814 0.751433 0.763518 0.755711 0.769032 0.755711 0.777778 0.755283 0.787474 0.755283 0.795840 0.754962 0.801924 0.755497 0.813522 0.754535 0.824930 0.753786 0.831204 0.752396 0.836147 0.749615 0.836337 0.745337 0.834816 0.746941 0.823789 0.746834 0.812571 0.745765 0.802875 0.743733 0.799262 0.742770 0.797361 0.742022 0.811050 0.741701 0.822648 0.741808 0.830824 0.741059 0.834626 0.737423 0.833105 0.736888 0.831204 0.738279 0.823599 0.738386 0.807628 0.736781 0.804016 0.733145 0.817895 0.733359 0.827401 0.732076 0.835577 0.729830 0.836908 0.727156 0.836718 0.721595 0.836337 0.720098 0.833676 0.719349 0.834056 0.716996 0.835767 0.713039 0.836147 0.711649 0.833105 0.710472 0.830824 0.710793 0.820557 0.710151 0.812001 0.710151 0.799072 0.708547 0.785953 0.708226 0.782341 0.708868 0.774165 0.707692 0.773785 0.705446 0.767131 0.702665 0.763138 0.701810 0.758575 0.702772 0.754392 0.705767 0.752681 0.706836 0.754202 0.707478 0.753061 0.708761 0.748878 0.713574 0.750780 0.714002 0.754202 0.714429 0.759716 0.715927 0.762377 0.718066 0.764469 0.719884 0.762758 0.721167 0.761046 0.720204 0.757624 0.719991 0.753441 0.719991 0.750019 0.724162 0.748308 0.725873 0.754012 0.728332 0.760666 0.729723 0.769792 0.731541 0.772834 0.732931 0.768271 0.732931 0.761807 0.732931 0.757434 0.733573 0.754392 0.736354 0.751160 0.737423 0.754582 0.738172 0.760286 0.740845 0.763138 0.742770 0.765229 0.744161 0.763898 0.745230 0.759335 0.746727 0.756674
