4 0.206171 0.988732 0.204206 0.999214 0.084316 0.996593 0.075472 0.982617 0.067610 0.971261 0.058766 0.960779 0.053361 0.945929 0.043042 0.933700 0.037146 0.936321 0.029776 0.950297 0.027319 0.952044 0.010122 0.953791 0.002752 0.953791 0.000000 0.945095 0.000000 0.703966 0.001769 0.683875 0.012087 0.657669 0.023388 0.643693 0.038620 0.629717 0.054344 0.613120 0.069575 0.607006 0.073015 0.605259 0.077928 0.601765 0.072524 0.592156 0.070067 0.581674 0.072524 0.570318 0.072524 0.548480 0.075963 0.527516 0.079403 0.511792 0.087756 0.496069 0.101513 0.488208 0.118219 0.485587 0.136891 0.489081 0.156053 0.505678 0.163424 0.519654 0.174725 0.545860 0.180130 0.564203 0.179147 0.572939 0.173251 0.579053 0.167355 0.587788 0.165389 0.606132 0.161458 0.617488 0.159984 0.636705 0.154579 0.649808 0.160967 0.678634 0.169320 0.711827 0.171777 0.726677 0.167846 0.729298 0.164406 0.756377 0.160967 0.788697 0.164406 0.812282 0.172759 0.847222 0.180130 0.873428 0.187500 0.890898 0.202732 0.907495 0.211085 0.925839 0.212068 0.943309 0.206663 0.946803 0.203223 0.945056
4 0.167355 0.802673 0.175708 0.821890 0.184061 0.839361 0.193396 0.857704 0.208628 0.869934 0.225825 0.869060 0.237618 0.860325 0.249902 0.845475 0.258255 0.841981 0.251867 0.828005 0.240566 0.828005 0.231722 0.814902 0.226808 0.814029 0.211576 0.785203 0.204206 0.755503 0.193888 0.731918 0.181112 0.702219 0.168337 0.688242 0.162932 0.680381 0.161458 0.669899 0.160476 0.643693 0.158019 0.622729 0.166372 0.593903 0.165389 0.575559 0.158019 0.585168 0.153597 0.603512 0.151631 0.626223 0.151631 0.643693 0.156053 0.662037 0.161458 0.703092 0.161458 0.722310 0.165389 0.752009 0.162932 0.780835 0.162932 0.798305
5 0.203921 0.997759 0.234806 1.000000 0.235437 0.987733 0.230129 0.979476 0.233778 0.967681 0.236432 0.947039 0.235437 0.928167 0.231787 0.905756 0.225816 0.894551 0.229133 0.882755 0.235437 0.874499 0.239086 0.870960 0.249038 0.866242 0.259654 0.853267 0.257663 0.846190 0.257663 0.834985 0.252355 0.828497 0.242735 0.822600 0.245721 0.812574 0.248706 0.804907 0.254014 0.797240 0.266952 0.787804 0.273919 0.778957 0.275577 0.774239 0.277236 0.765393 0.278231 0.754777 0.274250 0.748290 0.266620 0.748879 0.260649 0.751238 0.255341 0.754187 0.250697 0.771290 0.247711 0.785445 0.247711 0.794291 0.243730 0.809625 0.240413 0.819651 0.234110 0.831446 0.227475 0.843241 0.220840 0.858575 0.216527 0.874499 0.212546 0.886294 0.205580 0.891602 0.198282 0.889833 0.187666 0.886884 0.178045 0.872729 0.175723 0.876858 0.179704 0.882166 0.188329 0.889243 0.197950 0.901038 0.206243 0.920500 0.212215 0.939962 0.207570 0.950578 0.203921 0.954706 0.206243 0.965322 0.206243 0.974758 0.205248 0.984784
6 0.302587 0.982378 0.289819 0.985962 0.280746 0.990741 0.268649 0.997312 0.242103 0.999701 0.240087 0.989546 0.241767 0.978793 0.232023 0.971625 0.232023 0.963859 0.232695 0.948327 0.233703 0.930406 0.230343 0.913680 0.227655 0.899940 0.227319 0.889188 0.228327 0.881422 0.232023 0.878435 0.239751 0.873059 0.248824 0.870072 0.255880 0.860514 0.257224 0.846774 0.254872 0.831243 0.248488 0.821685 0.243784 0.813321 0.251512 0.799582 0.260585 0.798387 0.270665 0.784050 0.276378 0.769116 0.279402 0.753584 0.282090 0.750597 0.304603 0.748805 0.325101 0.747013 0.356015 0.748208 0.377184 0.751792 0.385224 0.752792 0.421324 0.768470 0.427662 0.776798 0.433725 0.788556 0.438961 0.814521 0.442819 0.827748 0.444748 0.838036 0.447228 0.829708 0.452188 0.828238 0.458251 0.830688 0.460731 0.836567 0.458802 0.847345 0.455495 0.850284 0.451086 0.850774 0.459629 0.870860 0.463762 0.891436 0.463211 0.908093 0.463211 0.930629 0.460455 0.956104 0.459629 0.968352 0.457424 0.980600 0.454393 0.989418 0.448330 0.992357 0.442267 0.990888 0.440614 0.987948 0.438961 0.977170 0.437583 0.969332 0.429591 0.971291 0.418568 0.977660 0.414159 0.982559 0.413883 0.994317 0.413883 1.000000 0.408372 1.000000 0.402585 1.000000 0.323771 1.000000 0.319362 0.992847 0.317708 0.987948 0.313575 0.984519
7 0.460829 0.839326 0.467675 0.818836 0.472528 0.808822 0.481368 0.806511 0.482061 0.790796 0.479981 0.789564 0.478941 0.788177 0.476601 0.787715 0.471835 0.786945 0.449737 0.785558 0.448090 0.785712 0.446703 0.788947 0.445663 0.798808 0.445317 0.804354 0.446703 0.804200 0.446790 0.806357 0.445230 0.807281 0.443930 0.809284 0.443237 0.813598 0.442457 0.816371 0.442110 0.818836 0.442977 0.825923 0.443497 0.829774 0.444450 0.835783 0.445923 0.838864 0.446270 0.834396 0.446443 0.831161 0.448523 0.829158 0.451210 0.829158 0.454676 0.827155 0.458663 0.829929 0.460569 0.834705
6 0.477073 0.915489 0.475482 0.916431 0.473362 0.916195 0.472964 0.910541 0.471904 0.905358 0.467531 0.907949 0.466338 0.914311 0.465145 0.919258 0.462495 0.919730 0.461700 0.912661 0.461832 0.897583 0.460242 0.879206 0.458651 0.873080 0.455603 0.863656 0.451892 0.855881 0.449772 0.849519 0.451495 0.847870 0.454145 0.848106 0.457856 0.847870 0.459712 0.845043 0.460242 0.838210 0.465808 0.824781 0.469254 0.815592 0.472169 0.810645 0.474157 0.808289 0.480386 0.807111 0.480784 0.809938 0.479591 0.816770 0.479061 0.824310 0.479326 0.842922 0.477868 0.873787 0.477338 0.911719
6 0.702311 0.998553 0.699382 0.980613 0.701986 0.961516 0.700033 0.942998 0.697103 0.922743 0.697428 0.875289 0.698730 0.853877 0.698405 0.839410 0.703288 0.839410 0.706543 0.827257 0.702637 0.819155 0.695475 0.816840 0.688639 0.811053 0.684082 0.797743 0.683105 0.779225 0.679525 0.758391 0.676921 0.731192 0.670085 0.709780 0.666504 0.695312 0.664225 0.682002 0.663574 0.662326 0.657389 0.650752 0.651204 0.649595 0.646647 0.651910 0.609863 0.650174 0.609863 0.642650 0.607585 0.637442 0.596191 0.629340 0.583822 0.629340 0.568848 0.628762 0.556152 0.628183 0.543783 0.628762 0.536947 0.628183 0.530111 0.636863 0.527507 0.643808 0.524902 0.647859 0.523600 0.657118 0.525228 0.669850 0.527507 0.677373 0.523600 0.678530 0.517090 0.686632 0.513835 0.690104 0.508301 0.698206 0.502441 0.726562 0.488118 0.789062 0.483236 0.798900 0.480632 0.820312 0.478678 0.850405 0.478027 0.886863 0.477376 0.919271 0.475423 0.937211 0.475423 0.958044 0.475734 1.000000
6 0.701939 0.966270 0.707985 0.969990 0.713100 0.965443 0.713100 0.952629 0.714262 0.935268 0.716123 0.895585 0.714262 0.875744 0.711705 0.858796 0.708217 0.842675 0.711240 0.841849 0.711705 0.834821 0.711472 0.827381 0.707985 0.824487 0.701707 0.813327 0.698219 0.806300 0.697754 0.789765 0.694034 0.780258 0.693801 0.777364 0.697289 0.775298 0.697056 0.771577 0.691941 0.768684 0.690313 0.758350 0.684036 0.756283 0.680315 0.757110 0.683105 0.781085 0.686361 0.807953 0.690081 0.814153 0.693336 0.814153 0.701707 0.820354 0.704497 0.826968 0.706357 0.831101 0.703334 0.841435 0.699382 0.842262 0.696359 0.843915 0.699847 0.876571 0.699614 0.895172 0.700079 0.912533 0.698916 0.923694 0.700079 0.933201 0.701707 0.949322
1 0.754630 0.912856 0.758059 0.912856 0.756344 0.774539 0.762774 0.773777 0.762774 0.746723 0.755273 0.745199 0.770705 0.718907 0.754415 0.690710 0.737483 0.717383 0.753344 0.745199 0.746271 0.744056 0.746056 0.771491 0.753129 0.774158
6 0.841934 0.907212 0.836616 0.905908 0.832581 0.901669 0.831848 0.906560 0.829097 0.909494 0.822678 0.908842 0.814426 0.904930 0.809841 0.901343 0.808007 0.897757 0.804339 0.897757 0.801038 0.896779 0.798287 0.890258 0.797370 0.880151 0.797187 0.870370 0.796820 0.864176 0.797187 0.858959 0.798837 0.853091 0.802322 0.848526 0.809107 0.844614 0.812042 0.840702 0.814609 0.837441 0.825429 0.836137 0.837716 0.839397 0.840284 0.838419 0.841201 0.838093
8 0.998833 0.386255 0.897360 0.512372 0.880298 0.544301 0.864134 0.579422 0.857848 0.588202 0.851114 0.600974 0.851114 0.613745 0.850216 0.620131 0.841685 0.618534 0.836297 0.629709 0.836297 0.638490 0.840338 0.644077 0.845277 0.644077 0.850665 0.644077 0.848869 0.656050 0.841236 0.652858 0.834052 0.660840 0.831358 0.681593 0.831807 0.720706 0.834052 0.726293 0.836746 0.731881 0.836297 0.737468 0.831358 0.747047 0.828664 0.760616 0.831358 0.777379 0.835848 0.786159 0.840787 0.790150 0.844337 1.000000 1.000000 0.998507
