6 0.004557 0.400463 0.158203 0.416667 0.383464 0.530093 0.423828 0.585648 0.440755 0.615741 0.445964 0.643519 0.456380 0.668981 0.468099 0.671296 0.473307 0.687500 0.470703 0.712963 0.470703 0.724537 0.482422 0.740741 0.490234 0.745370 0.498047 0.780093 0.499349 0.805556 0.499349 0.833333 0.499349 0.875000 0.501953 0.909722 0.499349 0.939815 0.486328 0.972222 0.471905 1.000000 0.448568 1.000000 0.435547 0.990741 0.434245 0.965278 0.301432 0.997685 0.000000 0.995462 0.000000 0.400463
6 0.502497 0.881152 0.522474 0.881152 0.538171 0.891299 0.572417 0.898909 0.600956 0.901446 0.617366 0.900178 0.628781 0.903983 0.631635 0.928082 0.635203 0.945840 0.649472 0.947108 0.650899 0.930619 0.655180 0.920472 0.656607 0.892567 0.662314 0.872273 0.665882 0.832953 0.665882 0.789827 0.661601 0.773338 0.648759 0.769533 0.644478 0.746702 0.622360 0.689625 0.590967 0.678209 0.573844 0.675672 0.570990 0.666794 0.563142 0.669330 0.554580 0.670599 0.551013 0.676941 0.528182 0.674404 0.520334 0.674404 0.515340 0.678209 0.512486 0.693430 0.508205 0.701040 0.498216 0.730213 0.490368 0.742897 0.493222 0.761923 0.496789 0.797438
8 0.498216 0.718798 0.497503 0.704845 0.494649 0.683283 0.498216 0.665525 0.501784 0.636352 0.507491 0.610984 0.515340 0.588153 0.518907 0.567859 0.531749 0.565322 0.541738 0.558980 0.561002 0.562785 0.584546 0.565322 0.602383 0.567859 0.611658 0.581811 0.618793 0.607179 0.620933 0.647768 0.619506 0.680746 0.603096 0.680746 0.581692 0.671867 0.569563 0.665525 0.561002 0.659183 0.548873 0.668062 0.538884 0.671867 0.516767 0.671867 0.508918 0.693430
10 0.464683 0.571664 0.508205 0.571664 0.508205 0.594495 0.464683 0.594495
10 0.484660 0.618595 0.503924 0.618595 0.503924 0.627473 0.484660 0.627473
10 0.751498 0.561517 0.826413 0.561517 0.826413 0.586885 0.751498 0.586885
4 0.670092 0.749833 0.673377 0.744828 0.674315 0.735652 0.674315 0.728145 0.672907 0.719803 0.672907 0.709793 0.674315 0.703954 0.678538 0.695612 0.685107 0.700617 0.684638 0.705622 0.684169 0.718969 0.683230 0.730647 0.687922 0.753170 0.683230 0.754838 0.679946 0.752336 0.679007 0.739823 0.678538 0.749833 0.675723 0.756507
4 0.701060 0.759009 0.698245 0.750667 0.697776 0.741491 0.697776 0.733150 0.697307 0.720637 0.698245 0.710627 0.699653 0.699783 0.700591 0.688939 0.697776 0.686436 0.694491 0.690607 0.693084 0.703120 0.690738 0.717301 0.691676 0.728979 0.691676 0.740657 0.685576 0.743160 0.690268 0.749833 0.694491 0.746496 0.695899 0.759009
4 0.714668 0.754838 0.713729 0.785702 0.714199 0.790707 0.709976 0.784868 0.709506 0.779029 0.709976 0.769853 0.709037 0.756507 0.707630 0.741491 0.706691 0.731481 0.701999 0.718135 0.704814 0.707291 0.708568 0.698949 0.713260 0.692276 0.716075 0.689773 0.718422 0.696446 0.720768 0.704788 0.724991 0.715632 0.724991 0.725642 0.722715 0.727796 0.722196 0.735167 0.722455 0.743459 0.722455 0.756818 0.721678 0.766952 0.721419 0.777547 0.722715 0.786300 0.725565 0.789064 0.722196 0.788143 0.717273 0.787221 0.716237 0.778929 0.717014 0.763728
4 0.629595 0.703579 0.629595 0.699526 0.630822 0.697656 0.629945 0.692044 0.631348 0.689238 0.633628 0.688926 0.636609 0.689550 0.637837 0.692667 0.635382 0.692667 0.636258 0.696720 0.635031 0.700150 0.635031 0.703579 0.635732 0.710438 0.636083 0.718232 0.635732 0.720102 0.632751 0.717296 0.631173 0.711685 0.629244 0.706697
6 0.673085 0.703579 0.672384 0.702644 0.670630 0.702955 0.668350 0.705138 0.666772 0.708255 0.665544 0.711061 0.663265 0.714802 0.662212 0.718855 0.660809 0.724467 0.661336 0.729455 0.663440 0.733196 0.665895 0.732261 0.666772 0.729455 0.668526 0.728208 0.669928 0.729143 0.670630 0.732884 0.674313 0.732884 0.673436 0.729455 0.672208 0.724155 0.671857 0.716049
7 0.662738 0.712308 0.659582 0.711997 0.659056 0.702955 0.659231 0.672091 0.662914 0.670844 0.685361 0.672715 0.686237 0.702332 0.683256 0.701708 0.683432 0.697656 0.681853 0.693603 0.679574 0.693603 0.676943 0.696097 0.675189 0.700150 0.673611 0.702020 0.668350 0.701085 0.666421 0.705761 0.664141 0.708567
6 0.684308 0.732573 0.689219 0.733820 0.690972 0.733820 0.691148 0.729455 0.690446 0.723532 0.690621 0.716361 0.690797 0.710126 0.691323 0.705761 0.689219 0.702644 0.683782 0.702644 0.683081 0.705138 0.683432 0.716673 0.683958 0.722908
8 0.724467 0.737873 0.723765 0.733508 0.723239 0.730079 0.725519 0.726961 0.726045 0.722285 0.726396 0.714802 0.725168 0.711685 0.723941 0.707008 0.720434 0.702644 0.720083 0.697656 0.718154 0.690485 0.716049 0.687056 0.713068 0.686744 0.710964 0.689862 0.710087 0.694226 0.709035 0.698279 0.708158 0.701397 0.704475 0.707320 0.701845 0.714802 0.702546 0.726026 0.702897 0.732261 0.701494 0.736314 0.698688 0.733196 0.698864 0.727896 0.698338 0.719167 0.698513 0.712620 0.699039 0.707008 0.700267 0.696097 0.701143 0.690797 0.700442 0.687368 0.702897 0.683938 0.707106 0.683003 0.725870 0.682379 0.729026 0.688303 0.729903 0.695473 0.731306 0.705450 0.732709 0.713867 0.732358 0.721349 0.732534 0.730390 0.731832 0.735378 0.731131 0.737561 0.729903 0.743172 0.726747 0.744108
8 0.699214 0.686432 0.700617 0.674274 0.721486 0.669285 0.750070 0.672091 0.752175 0.676768 0.752701 0.683626 0.753227 0.690797 0.751999 0.697967 0.749895 0.699526 0.744809 0.695473 0.742003 0.698279 0.739899 0.698279 0.736216 0.700150 0.732534 0.701397 0.731306 0.698903 0.729377 0.689862 0.728325 0.684562 0.725870 0.682379 0.720784 0.681132 0.714120 0.682379 0.708509 0.681756 0.704826 0.683003
4 0.783034 0.753709 0.781441 0.787405 0.783671 0.792785 0.781441 0.794484 0.776981 0.791936 0.778256 0.789954 0.778256 0.785423 0.777937 0.779760 0.777619 0.773247 0.777459 0.766451 0.777778 0.759089 0.776344 0.757674 0.775070 0.756258 0.775229 0.751727 0.774752 0.747480 0.773318 0.743516 0.772362 0.740401 0.771885 0.718598 0.770133 0.716899 0.772840 0.704157 0.778256 0.699909 0.779052 0.695945 0.780167 0.691415 0.779371 0.692264 0.780167 0.685185 0.782397 0.684336 0.784945 0.684902 0.786538 0.688866 0.786538 0.691698 0.784945 0.696228 0.785901 0.700759 0.788131 0.704723 0.789405 0.704157 0.793228 0.721429 0.791794 0.724261 0.789723 0.726243 0.790679 0.735304 0.791476 0.742383 0.791316 0.748329 0.791316 0.756824 0.790838 0.765602 0.791316 0.773530 0.789246 0.780609 0.789086 0.790237 0.789883 0.795334 0.788290 0.795617 0.785582 0.794767 0.785423 0.791086 0.784308 0.784574 0.784467 0.779760 0.786060 0.776645 0.786538 0.769849 0.786697 0.766168 0.786379 0.760505 0.785423 0.757674
4 0.800395 0.728225 0.800714 0.725110 0.802625 0.722562 0.805651 0.717182 0.807085 0.714350 0.805970 0.708970 0.806766 0.706988 0.808040 0.703024 0.810907 0.701891 0.814252 0.703307 0.816163 0.709537 0.818871 0.716616 0.818871 0.720014 0.820145 0.727376 0.820464 0.734455 0.822216 0.748046 0.822375 0.757390 0.824764 0.765602 0.827472 0.771548 0.827950 0.774663 0.824764 0.775229 0.819349 0.775796 0.817278 0.776645 0.815845 0.784574 0.815526 0.792502 0.814093 0.796749 0.811544 0.800714 0.809314 0.801280 0.810270 0.798165 0.811226 0.792785 0.811226 0.791086 0.809314 0.793918 0.808996 0.789954 0.807244 0.782308 0.805810 0.780609 0.801032 0.776362 0.802147 0.770133 0.801032 0.768717 0.799121 0.767018 0.798165 0.763903 0.797050 0.758240 0.798324 0.752577 0.799599 0.743233 0.801351 0.738136 0.802147 0.734171
4 0.787494 0.690848 0.790201 0.691131 0.792750 0.693397 0.793546 0.698494 0.797687 0.704723 0.798802 0.709537 0.800395 0.711519 0.800714 0.707555 0.800554 0.701608 0.803899 0.700476 0.805810 0.702458 0.806448 0.706139 0.806448 0.713218 0.806607 0.714634 0.804058 0.719730 0.800076 0.725110 0.800236 0.728508 0.800873 0.735870 0.799917 0.744082 0.798643 0.752294 0.797687 0.765036 0.798643 0.770133 0.797050 0.774097 0.795617 0.779194 0.794183 0.781459 0.791953 0.782025 0.789723 0.780893 0.791316 0.774380 0.791953 0.764469 0.792750 0.757390 0.793705 0.743233 0.792750 0.737853 0.791953 0.728225 0.792909 0.721713 0.793705 0.718598 0.791635 0.710386 0.790201 0.704440 0.787812 0.701608 0.786219 0.697927
6 0.818234 0.701042 0.822853 0.700759 0.834162 0.702175 0.834639 0.708404 0.834639 0.718031 0.833684 0.727659 0.832887 0.737569 0.833365 0.746347 0.830817 0.747480 0.824286 0.745215 0.822057 0.743233 0.822694 0.736720 0.822375 0.727659 0.821419 0.718315 0.819667 0.710103 0.817119 0.705573
6 0.493458 0.673108 0.483897 0.672661 0.482136 0.678923 0.479871 0.690553 0.478110 0.701736 0.476600 0.710234 0.474336 0.716944 0.476097 0.724101 0.481381 0.731705 0.488929 0.744230 0.495219 0.749597 0.497736 0.741993 0.498994 0.734389 0.499245 0.726337 0.499245 0.717391 0.498490 0.696368 0.501761 0.684291 0.499245 0.678028
8 0.995257 0.196594 0.852028 0.347057 0.844587 0.447917 0.837147 0.447917 0.835286 0.459491 0.832496 0.476025 0.827846 0.485946 0.821336 0.537202 0.824126 0.562004 0.827846 0.573578 0.828776 0.586806 0.820406 0.609954 0.822266 0.626488 0.830636 0.644676 0.832496 0.684358 0.830636 0.724041 0.836217 0.760417 0.836217 0.821594 0.836217 0.861276 0.833426 0.907573 0.846447 0.924107 0.861328 0.932374 0.881789 0.953869 0.905041 0.957176 0.909691 0.978671 0.913690 1.000000 1.000000 1.000000
