6 0.520865 0.730207 0.516565 0.730490 0.516246 0.735304 0.514972 0.736437 0.512105 0.735021 0.511468 0.732473 0.506212 0.731623 0.502548 0.729924 0.502071 0.732756 0.500319 0.735304 0.496814 0.733039 0.494585 0.729924 0.492833 0.731623 0.490762 0.735304 0.488532 0.735021 0.487417 0.732189 0.486939 0.726243 0.486780 0.720297 0.487099 0.714917 0.488691 0.708404 0.491081 0.703024 0.493788 0.699060 0.495381 0.696511 0.502389 0.695945 0.507327 0.694246 0.512583 0.695096 0.517361 0.698494 0.518795 0.703307 0.520547 0.703874 0.523254 0.704157 0.523573 0.708121 0.521980 0.709820 0.523254 0.713218 0.524051 0.716899 0.524688 0.718881 0.525166 0.724544 0.524529 0.729641 0.523254 0.733605 0.521024 0.735021
6 0.493151 0.697644 0.492036 0.696795 0.490284 0.695379 0.489328 0.696228 0.487895 0.697644 0.486302 0.697644 0.484550 0.698210 0.483435 0.699060 0.482002 0.702458 0.481046 0.704723 0.480568 0.709254 0.480568 0.713501 0.480568 0.717748 0.480568 0.722562 0.480568 0.725110 0.481843 0.725677 0.482957 0.725110 0.483435 0.722562 0.485347 0.722562 0.486302 0.721713 0.487258 0.718598 0.488214 0.713218 0.489488 0.710386 0.490284 0.705289 0.491718 0.700759
6 0.471171 0.720297 0.472286 0.723128 0.473560 0.723695 0.473719 0.718315 0.473560 0.714917 0.473879 0.709537 0.473879 0.703024 0.473082 0.697078 0.472445 0.691415 0.471967 0.689716 0.469419 0.688866 0.466871 0.688583 0.462411 0.687734 0.459703 0.689149 0.456995 0.694813 0.455403 0.701891 0.455243 0.707555 0.455562 0.717748 0.455562 0.720297 0.455562 0.722562 0.457155 0.724261 0.458907 0.721429 0.460022 0.719447 0.464322 0.719164 0.468145 0.720014
4 0.588558 0.723128 0.587602 0.719164 0.587124 0.714350 0.587124 0.707555 0.587283 0.702458 0.585531 0.697927 0.585372 0.693397 0.583461 0.694529 0.583142 0.699060 0.583301 0.701325 0.583142 0.705856 0.583461 0.710386 0.583461 0.714634 0.582505 0.718315 0.580753 0.722279 0.582346 0.724827 0.584576 0.723411 0.585372 0.717748 0.585531 0.719730 0.586965 0.725110
4 0.577886 0.723695 0.577886 0.720863 0.577249 0.715766 0.577727 0.710103 0.578523 0.705856 0.578364 0.703024 0.577249 0.699626 0.576293 0.696795 0.575338 0.696228 0.573904 0.697644 0.573745 0.701608 0.573586 0.705573 0.575178 0.711519 0.575656 0.718315 0.573904 0.717182 0.573426 0.721429 0.574063 0.722845
6 0.593336 0.700193 0.595247 0.699060 0.598433 0.700476 0.598114 0.704723 0.597318 0.708970 0.597318 0.714634 0.595725 0.716049 0.593495 0.714634 0.592062 0.714634 0.590310 0.713501 0.589832 0.711236 0.591106 0.707271 0.592380 0.703307
11 0.601618 0.695379 0.605919 0.695096 0.607830 0.695096 0.610060 0.701608 0.610538 0.711802 0.610060 0.718598 0.608467 0.720863 0.607989 0.717748 0.604485 0.716049 0.601618 0.715766 0.600663 0.717748 0.597955 0.716899 0.598433 0.714067 0.599070 0.707271 0.599548 0.701325
6 0.616272 0.717465 0.615475 0.722562 0.613723 0.721429 0.611971 0.719730 0.611175 0.717748 0.611016 0.712935 0.611971 0.708687 0.613086 0.704157 0.614997 0.699626 0.616749 0.697927 0.621369 0.697927 0.624554 0.698210 0.626943 0.701325 0.627262 0.704723 0.625828 0.710103 0.624235 0.714634 0.624235 0.718031 0.622643 0.719730 0.621209 0.717182 0.617864 0.717748
6 0.631881 0.720863 0.631244 0.723695 0.629014 0.723128 0.627899 0.721713 0.626625 0.723978 0.625988 0.722279 0.625032 0.718881 0.624713 0.714067 0.626306 0.707271 0.628536 0.705006 0.629332 0.702458 0.630447 0.699909 0.632836 0.699626 0.636818 0.701042 0.639367 0.700193 0.643030 0.699909 0.645260 0.704723 0.645738 0.711519 0.646853 0.720297 0.644941 0.722845 0.642712 0.724261 0.641597 0.722279 0.640163 0.723695 0.638252 0.721713
8 0.625828 0.680088 0.629969 0.679239 0.632677 0.678389 0.638252 0.678106 0.642871 0.677540 0.644145 0.677823 0.649401 0.679805 0.653064 0.684619 0.656569 0.701325 0.655772 0.710953 0.653064 0.716049 0.646056 0.712935 0.644782 0.703307 0.644623 0.699909 0.639526 0.698777 0.633792 0.697644 0.630607 0.698210 0.628217 0.702458 0.625510 0.699343 0.623280 0.697927 0.623121 0.692830 0.623280 0.682920 0.623917 0.680655
7 0.013059 0.724333 0.026846 0.724333 0.036037 0.724333 0.038718 0.732503 0.044845 0.734545 0.048292 0.731822 0.054419 0.736588 0.057100 0.723652 0.060547 0.712759 0.058632 0.695057 0.054036 0.682802 0.053653 0.672590 0.052888 0.660335 0.049441 0.649442 0.035654 0.642633 0.021484 0.639910 0.007315 0.639229 0.000000 0.644318 0.000000 0.665782 0.000000 0.675994 0.000000 0.695738 0.000000 0.713440 0.000000 0.731141 0.002336 0.738630 0.009612 0.738630
6 0.084674 0.726375 0.083908 0.731141 0.081227 0.733864 0.075483 0.729779 0.068589 0.727056 0.062079 0.727056 0.061696 0.717525 0.064377 0.704589 0.063611 0.695738 0.069355 0.686887 0.078929 0.685526 0.089652 0.686887 0.096929 0.688930 0.099992 0.699142 0.100758 0.710716 0.100758 0.722971 0.098078 0.733864 0.093099 0.730460 0.091950 0.727056
6 0.276998 0.725813 0.278699 0.722789 0.278061 0.714475 0.277636 0.709562 0.275510 0.705404 0.271684 0.700113 0.266582 0.696712 0.261692 0.694444 0.257653 0.691799 0.253827 0.694067 0.248937 0.698224 0.245111 0.700113 0.242134 0.706538 0.237245 0.712585 0.235969 0.715231 0.236182 0.723923 0.237883 0.729970 0.244048 0.732615 0.244048 0.729592 0.247662 0.729214 0.251913 0.728836 0.252976 0.732615 0.260417 0.733371 0.262755 0.732615 0.263605 0.730348 0.263818 0.728458 0.271471 0.727702 0.273810 0.728836 0.277211 0.731104
6 0.140343 0.700617 0.136120 0.703120 0.133071 0.707291 0.129786 0.717301 0.134713 0.725225 0.143863 0.726894 0.149024 0.721054 0.148555 0.714381 0.150197 0.706874 0.154185 0.702286 0.154889 0.698115 0.148789 0.698115
6 0.153012 0.700617 0.150901 0.706456 0.149493 0.714798 0.148555 0.721889 0.158408 0.723557 0.163570 0.723974 0.166151 0.724808 0.168262 0.722723 0.175535 0.723974 0.177646 0.718135 0.176473 0.711461 0.174831 0.706456 0.172016 0.702703 0.166620 0.702286 0.156766 0.699783
6 0.182573 0.725225 0.187735 0.727728 0.188673 0.723557 0.196181 0.721889 0.197823 0.716466 0.197354 0.706456 0.196415 0.702703 0.192192 0.699366 0.182808 0.698949 0.177412 0.699366 0.174831 0.705205 0.178350 0.714381 0.179758 0.719803
8 0.484047 0.696029 0.483108 0.691441 0.484047 0.688105 0.484516 0.682683 0.488035 0.681431 0.495542 0.683934 0.500235 0.683100 0.502346 0.686436 0.502346 0.690190 0.499531 0.693110 0.494839 0.693944 0.491789 0.694778
