8 0.988932 0.000000 0.762370 0.268519 0.757161 0.370370 0.749349 0.381944 0.744141 0.393519 0.744141 0.407407 0.741536 0.428241 0.744141 0.462963 0.744141 0.493056 0.745443 0.511574 0.745443 0.518519 0.735026 0.532407 0.735026 0.564815 0.746745 0.594907 0.744141 0.622685 0.757161 0.916667 0.820964 0.935185 0.836589 0.939815 0.841797 0.997685 1.000000 0.999953 0.999349 0.027778 0.989583 0.000000
6 0.000651 0.365741 0.237630 0.500000 0.313151 0.664352 0.319661 0.655093 0.332682 0.666667 0.340495 0.685185 0.335286 0.706019 0.349609 0.731481 0.360026 0.754630 0.373047 0.789352 0.378255 0.835648 0.374349 0.872685 0.376953 0.912037 0.369141 0.969907 0.363932 1.000000 0.000000 1.000000
6 0.379656 0.893519 0.529593 0.904742 0.531171 0.927189 0.531960 0.938412 0.537484 0.949635 0.552478 0.951038 0.554056 0.931397 0.556424 0.907548 0.565893 0.889310 0.566682 0.858446 0.566682 0.826178 0.565893 0.786897 0.563526 0.751824 0.554056 0.743406 0.544586 0.737795 0.537484 0.720960 0.527225 0.688692 0.523280 0.671857 0.512232 0.659231 0.463305 0.655022 0.456992 0.645202 0.447522 0.640993 0.440420 0.645202 0.438052 0.653620 0.422270 0.653620 0.400963 0.655022 0.374132 0.736392 0.366241 0.751824 0.364662 0.774270 0.367819 0.789703 0.371765 0.817761 0.377289 0.850028
6 0.378707 0.660160 0.372607 0.661411 0.370730 0.665165 0.369322 0.663497 0.366976 0.671839 0.363692 0.680180 0.360642 0.693110 0.355246 0.715215 0.356654 0.728562 0.354307 0.733150 0.359234 0.741074 0.365334 0.750667 0.372607 0.747748 0.378003 0.741074 0.379176 0.731899 0.380584 0.713130 0.383868 0.699366 0.384337 0.687688 0.383868 0.668919 0.383868 0.662246
6 0.340231 0.675592 0.347035 0.674758 0.350788 0.676426 0.353838 0.684351 0.353604 0.688939 0.354307 0.702286 0.354542 0.705622 0.350319 0.708125 0.343750 0.708125 0.339292 0.706456 0.336712 0.701869 0.339292 0.696446 0.340465 0.687271 0.339996 0.681014
8 0.401818 0.541120 0.416699 0.535944 0.434168 0.534794 0.451960 0.534794 0.476546 0.535944 0.498868 0.540545 0.508249 0.580228 0.512131 0.658443 0.465547 0.656717 0.462636 0.650966 0.458754 0.645215 0.452284 0.643490 0.447108 0.644065 0.440961 0.644065 0.438373 0.650391 0.436432 0.653267 0.427698 0.654417 0.421228 0.654417 0.408935 0.652692 0.400201 0.660168 0.394701 0.668219 0.391790 0.679722 0.385643 0.688923 0.382732 0.701001 0.382732 0.670520 0.385643 0.646365 0.392760 0.585979 0.391466 0.572751
10 0.348764 0.562399 0.391143 0.562399 0.391143 0.578502 0.348764 0.578502
10 0.375291 0.607258 0.386614 0.607258 0.386614 0.615885 0.375291 0.615885
10 0.640237 0.532494 0.733405 0.532494 0.733405 0.550897 0.640237 0.550897
4 0.610798 0.670520 0.609934 0.668205 0.609934 0.664039 0.608852 0.659234 0.607411 0.656350 0.604167 0.656030 0.602905 0.658913 0.603085 0.664680 0.603266 0.668205 0.601824 0.669806 0.598039 0.671729 0.598039 0.677175 0.597138 0.681661 0.596417 0.684865 0.596958 0.692234 0.597318 0.698321 0.596057 0.703768 0.595877 0.711778 0.600382 0.719787 0.601644 0.722350 0.603266 0.730681 0.603085 0.737409 0.603085 0.743496 0.604167 0.752467 0.604527 0.758554 0.608492 0.761758 0.609753 0.759516 0.608312 0.755351 0.607411 0.752147 0.607230 0.742215 0.607411 0.736448 0.606870 0.727156 0.607591 0.719146 0.609753 0.729399 0.610474 0.733244 0.610835 0.739331 0.611195 0.745418 0.611015 0.755030 0.611195 0.758875 0.615340 0.760797 0.618764 0.760797 0.618945 0.757593 0.617142 0.754389 0.614619 0.753108 0.614439 0.747661 0.614619 0.741894 0.614619 0.735486 0.614079 0.727156 0.612277 0.714341 0.614259 0.710496 0.614259 0.703447 0.614439 0.698962 0.616422 0.692554 0.616602 0.689350 0.615701 0.686467 0.612277 0.675894
4 0.645978 0.713059 0.645076 0.716904 0.642373 0.722350 0.644536 0.726515 0.645437 0.729079 0.641472 0.730681 0.639129 0.727477 0.639309 0.722671 0.640210 0.715943 0.641832 0.708253 0.642193 0.705690 0.642193 0.701525 0.642373 0.696719 0.641472 0.688709 0.641472 0.681661 0.642373 0.677496 0.643454 0.674933 0.643094 0.668525 0.644896 0.665321 0.647599 0.665001 0.648681 0.666282 0.649402 0.669166 0.648681 0.674933 0.648320 0.679418 0.648681 0.683583 0.649582 0.689350 0.650843 0.690311 0.650843 0.693836 0.650123 0.697040 0.649041 0.702486 0.649041 0.709855 0.649582 0.714661 0.652285 0.721710 0.653727 0.724273 0.651745 0.727156 0.650123 0.729399 0.649942 0.727156 0.647780 0.720428
4 0.667604 0.714981 0.669766 0.713059 0.670127 0.706651 0.669046 0.693195 0.669947 0.688069 0.670487 0.697680 0.670487 0.706011 0.672470 0.703127 0.671749 0.695758 0.672290 0.689991 0.672470 0.683263 0.673551 0.679418 0.670848 0.672370 0.668325 0.666282 0.666883 0.662117 0.665802 0.656350 0.664180 0.655389 0.662738 0.654748 0.659494 0.661797 0.659854 0.666603 0.657692 0.672690 0.656070 0.678457 0.655529 0.683583 0.654808 0.691273 0.653547 0.697040 0.652646 0.701845 0.655709 0.703127 0.656971 0.700884 0.658232 0.708574 0.658232 0.718185 0.659134 0.727156 0.659854 0.734525 0.659854 0.741574 0.662558 0.744457 0.664180 0.741574 0.662558 0.734525 0.661837 0.727156 0.662738 0.720428 0.662918 0.714341 0.665081 0.726836 0.664360 0.733884 0.664720 0.741574 0.666162 0.744457 0.667964 0.743816 0.667784 0.740613 0.667424 0.734525 0.667424 0.725875
4 0.686347 0.666603 0.686347 0.662758 0.685446 0.657311 0.682742 0.656991 0.681120 0.659554 0.680219 0.665001 0.677696 0.668525 0.676254 0.673972 0.676074 0.681341 0.676254 0.686146 0.676975 0.693836 0.678057 0.704409 0.678958 0.715943 0.678237 0.726195 0.679678 0.737088 0.681481 0.736768 0.681120 0.730040 0.684184 0.733564 0.684905 0.739011 0.687067 0.741253 0.688870 0.748622 0.692474 0.749904 0.693015 0.741253 0.694637 0.735166 0.698782 0.735166 0.699142 0.733564 0.703648 0.738690 0.704369 0.732923 0.703107 0.726195 0.703648 0.712418 0.702566 0.704729 0.704549 0.703447 0.704729 0.692875 0.703648 0.677496 0.700764 0.670447 0.699503 0.666282 0.697700 0.659554 0.694276 0.664039 0.693375 0.668845 0.690852 0.667564 0.688870 0.667243
4 0.706171 0.693195 0.705810 0.700884 0.705810 0.706651 0.705990 0.711137 0.705810 0.712418 0.707973 0.712739 0.709775 0.720108 0.708153 0.725554 0.709234 0.730360 0.712298 0.730040 0.713379 0.730040 0.715001 0.724913 0.715362 0.720748 0.715182 0.714981 0.716443 0.708574 0.717164 0.706011 0.719507 0.707933 0.720228 0.703768 0.718966 0.695438 0.715903 0.685506 0.713740 0.680059 0.713560 0.675573 0.712118 0.670768 0.709054 0.671408 0.708694 0.674292 0.708514 0.679418 0.706351 0.681020 0.704549 0.683583 0.704729 0.687748
6 0.576798 0.676694 0.570127 0.677368 0.566336 0.685050 0.564213 0.685185 0.563531 0.686129 0.565047 0.688555 0.564289 0.689229 0.563531 0.691250 0.563304 0.694081 0.563455 0.697450 0.563834 0.701628 0.563228 0.705132 0.564668 0.707289 0.567170 0.707154 0.568004 0.704324 0.568535 0.708232 0.570278 0.707424 0.573008 0.705806 0.577708 0.706345 0.579300 0.706345 0.579528 0.702167 0.579300 0.696102 0.579982 0.689363 0.579679 0.683568 0.579679 0.682085 0.576874 0.678716
6 0.563455 0.702976 0.562925 0.704728 0.562470 0.706750 0.560423 0.706211 0.559437 0.703919 0.556480 0.704458 0.556405 0.706480 0.555040 0.706884 0.553524 0.705132 0.553675 0.700954 0.554282 0.695967 0.554737 0.691655 0.555798 0.688959 0.556405 0.688016 0.556177 0.685320 0.557087 0.684107 0.561408 0.677638 0.564365 0.677638 0.564365 0.682490 0.564592 0.685859 0.564289 0.687207 0.563607 0.690442 0.563304 0.692194 0.562849 0.695428 0.563152 0.698798
8 0.551628 0.648256 0.554585 0.645291 0.575206 0.646234 0.576343 0.646234 0.576647 0.676290 0.569444 0.677503 0.567852 0.681816 0.566715 0.683298 0.564820 0.683433 0.563758 0.679525 0.563683 0.674268 0.562015 0.677772 0.561484 0.678311 0.559665 0.681142 0.557845 0.683029 0.556708 0.684107 0.555798 0.686533 0.554585 0.687476 0.553600 0.688016 0.553069 0.686263 0.553069 0.685050 0.553221 0.681681 0.552766 0.679120 0.552538 0.673999
6 0.584076 0.706345 0.584380 0.708232 0.582029 0.710119
8 0.584304 0.709445 0.584455 0.708502 0.582939 0.710119 0.581650 0.710389 0.581499 0.709176 0.581195 0.705941 0.581120 0.701763 0.581120 0.697585 0.580892 0.693541 0.580361 0.686129 0.580286 0.682624 0.579831 0.677503 0.581499 0.669551 0.582484 0.665912 0.584607 0.661734 0.586654 0.658499 0.588322 0.655534 0.590672 0.654591 0.594463 0.653917 0.598936 0.653243 0.604318 0.652569 0.609701 0.653917 0.611672 0.654860 0.613037 0.660521 0.613947 0.664834 0.615160 0.668338 0.617737 0.678716 0.619253 0.686937 0.618344 0.690846 0.617661 0.694889 0.615993 0.690576 0.615766 0.686263 0.614098 0.680872 0.612203 0.675077 0.610838 0.671573 0.610459 0.667125 0.610232 0.662542 0.609474 0.659038 0.608033 0.657556 0.605607 0.654591 0.603712 0.657017 0.602347 0.659308 0.602423 0.665508 0.602271 0.668877 0.600831 0.670899 0.598632 0.673190 0.597419 0.676290 0.595979 0.681681 0.595600 0.683972 0.596055 0.688689 0.596585 0.693811 0.597116 0.697315 0.596585 0.700415 0.595448 0.704998 0.595297 0.708502 0.592492 0.710658 0.590975 0.710119 0.588170 0.708637 0.587943 0.707558 0.586123 0.705537 0.584000 0.705806
8 0.617889 0.674538 0.619632 0.673190 0.620012 0.669820 0.621300 0.668607 0.623954 0.667394 0.628351 0.667529 0.632217 0.667529 0.634492 0.666721 0.635553 0.666181 0.636994 0.666047 0.637448 0.658230 0.637676 0.650278 0.636539 0.644752 0.634568 0.642730 0.631762 0.640708 0.608185 0.640304 0.586654 0.648391 0.586123 0.652704 0.585365 0.654860 0.586502 0.657286 0.585441 0.653378 0.586502 0.657556 0.587639 0.657421 0.588473 0.656477 0.590217 0.655264 0.593022 0.654321 0.594842 0.653647 0.599390 0.654186 0.602271 0.653917 0.605759 0.652434 0.610838 0.654591 0.612809 0.656208 0.614705 0.664968 0.614856 0.670494 0.616448 0.675077
6 0.740240 0.700200 0.735313 0.698949 0.732967 0.701451 0.729683 0.708125 0.728744 0.712713 0.730856 0.726894 0.730856 0.733567 0.735783 0.735652 0.740006 0.731064 0.744932 0.733150 0.748217 0.733150 0.748217 0.711044 0.746809 0.679346 0.746809 0.673507 0.742352 0.676009 0.738129 0.685185
