6 0.000786 0.652428 0.038129 0.654175 0.038129 0.648061 0.042060 0.635832 0.048447 0.635832 0.054344 0.641946 0.059748 0.651555 0.061222 0.657669 0.128538 0.667278 0.137382 0.655922 0.162441 0.659416 0.182586 0.666405 0.239583 0.689990 0.258746 0.706586 0.266116 0.723183 0.290193 0.762491 0.308373 0.798305 0.320165 0.828878 0.321639 0.819270 0.330483 0.814902 0.343750 0.821890 0.344241 0.834119 0.342276 0.849843 0.354560 0.864693 0.363895 0.880416 0.374214 0.922345 0.374214 0.952918 0.375197 0.984364 0.370774 0.995720 0.365959 1.000000 0.000000 1.000000
6 0.494526 0.964142 0.496185 0.977707 0.504147 0.981246 0.511445 0.974168 0.511777 0.946450 0.512109 0.909884 0.510118 0.901038 0.508459 0.891012 0.503815 0.883935 0.502488 0.876858 0.508459 0.876268 0.509123 0.865063 0.503483 0.857396 0.500498 0.866242 0.497844 0.855037 0.491209 0.840293 0.487228 0.830267 0.482584 0.820830 0.476612 0.814933 0.460025 0.813753 0.438130 0.810215 0.415904 0.812574 0.405620 0.814933 0.396331 0.819651 0.389364 0.827908 0.384057 0.842652 0.379744 0.850318 0.368465 0.866832 0.360171 0.872729 0.362825 0.885114 0.367138 0.899858 0.369460 0.916962 0.369792 0.939962 0.371782 0.960014 0.370787 0.981835 0.372446 0.991861 0.380076 0.996579 0.385052 0.988323 0.385383 0.977707 0.388369 0.971809 0.400975 0.970040 0.404956 0.969450 0.412586 0.970040 0.416899 0.975938 0.423534 0.976527 0.427515 0.970630 0.449410 0.971220 0.451068 0.979476 0.455381 0.990682 0.463674 0.994810 0.476612 0.994810 0.482915 0.985374 0.482584 0.972399 0.486896 0.965912
4 0.542210 0.969326 0.537273 0.967132 0.531102 0.967132 0.524684 0.963621 0.526412 0.957039 0.530361 0.951773 0.531349 0.942119 0.529127 0.931587 0.528880 0.920177 0.528880 0.909645 0.528140 0.901308 0.528880 0.890337 0.534558 0.883755 0.539248 0.878489 0.544184 0.874978 0.545172 0.865324 0.543938 0.859180 0.540729 0.859619 0.537767 0.854353 0.538260 0.846893 0.541222 0.832851 0.543197 0.824074 0.546900 0.812226 0.551590 0.805643 0.556280 0.799939 0.558995 0.793795 0.559489 0.786335 0.560970 0.777558 0.562944 0.772731 0.566894 0.768782 0.572571 0.767027 0.577755 0.770537 0.580717 0.779314 0.581211 0.787651 0.579483 0.799061 0.578248 0.808715 0.583185 0.816614 0.586394 0.828024 0.585654 0.838555 0.584419 0.847332 0.585407 0.859619 0.585160 0.872784 0.585900 0.879805 0.590344 0.890337 0.590344 0.892531 0.589850 0.897797 0.589850 0.907451 0.590344 0.917544 0.589603 0.926321 0.589603 0.934220 0.588616 0.946946 0.588122 0.960111 0.584666 0.966693 0.579483 0.968009 0.571584 0.960988 0.572077 0.949579 0.573558 0.940802 0.574052 0.932464 0.576274 0.921933 0.577755 0.916667 0.570843 0.904379 0.566400 0.896919 0.561216 0.896042 0.552577 0.899991 0.548134 0.903063 0.543444 0.910962 0.542210 0.920616 0.542950 0.938608 0.541716 0.952212
4 0.559982 0.777120 0.556526 0.774925 0.554058 0.774487 0.548134 0.781069 0.545912 0.784141 0.545172 0.793795 0.545912 0.806082 0.546900 0.811787 0.542703 0.819247 0.536779 0.828462 0.535792 0.838117 0.533570 0.844260 0.529374 0.850843 0.528140 0.857864 0.526659 0.871029 0.530608 0.876733 0.535051 0.876733 0.538507 0.872784 0.542950 0.876295 0.545665 0.867957 0.544678 0.865763 0.542457 0.862691 0.540729 0.859619 0.538754 0.856986 0.539001 0.850843 0.537767 0.844260 0.538754 0.832412 0.542210 0.824074 0.546159 0.815736 0.549615 0.808276 0.554305 0.801694 0.555539 0.798183 0.558008 0.794234 0.560229 0.786774
5 0.575780 0.999166 0.576521 0.993023 0.575039 0.981174 0.572077 0.968887 0.571584 0.962744 0.573065 0.947385 0.574052 0.932464 0.576767 0.925443 0.575039 0.914034 0.573065 0.909207 0.570103 0.899991 0.563438 0.896042 0.554058 0.898675 0.544678 0.907890 0.542950 0.925443 0.543938 0.938608 0.545172 0.957916 0.545665 0.972837 0.541716 0.986001 0.543444 0.996972 0.550355 0.999605
6 0.535336 0.835853 0.527606 0.835198 0.512883 0.835525 0.509202 0.844032 0.507730 0.849267 0.507362 0.856465 0.509202 0.862354 0.510122 0.865299 0.510306 0.872824 0.506809 0.876423 0.503865 0.877078 0.505889 0.887875 0.509018 0.895073 0.510306 0.904561 0.509938 0.915685 0.510490 0.919611 0.511042 0.925501 0.510858 0.929754 0.510674 0.935316 0.513067 0.936298 0.513619 0.933353 0.513435 0.928445 0.514723 0.930736 0.516748 0.932371 0.518220 0.936298 0.525029 0.937606 0.525582 0.931717 0.526686 0.928118 0.528710 0.927791 0.528710 0.917321 0.528526 0.911759 0.528158 0.900962 0.529078 0.895400 0.532207 0.888856 0.537544 0.881985 0.540305 0.877078 0.538464 0.874460 0.533495 0.875769 0.527790 0.874460 0.525766 0.866935 0.527054 0.858101 0.527422 0.852866 0.530551 0.847631 0.534968 0.840106
6 0.695084 0.992812 0.695084 0.985096 0.695769 0.975349 0.696226 0.959917 0.695769 0.948952 0.696683 0.930271 0.696455 0.914433 0.695541 0.900219 0.695084 0.885193 0.693257 0.873416 0.696455 0.873416 0.697140 0.865294 0.695084 0.862857 0.691886 0.859202 0.689830 0.846207 0.686860 0.831993 0.684804 0.820622 0.683662 0.810876 0.681606 0.806408 0.680007 0.800723 0.679779 0.792195 0.675895 0.784072 0.673840 0.784072 0.653966 0.782854 0.651453 0.782854 0.650996 0.775950 0.646884 0.770265 0.639803 0.768640 0.616731 0.770265 0.613761 0.773514 0.615360 0.781636 0.612619 0.788134 0.612390 0.795850 0.610334 0.799911 0.605309 0.834430 0.600055 0.855141 0.596171 0.870167 0.595715 0.891691 0.593887 0.908748 0.593887 0.918494 0.594115 0.933520 0.595029 0.961948 0.595943 0.977380 0.597542 0.983471 0.602111 0.986720 0.605309 0.985502 0.607593 0.983471 0.607822 0.976974 0.610106 0.970882 0.619700 0.968039 0.619700 0.960323 0.622898 0.961135 0.632493 0.965603 0.644371 0.970882 0.653737 0.969664 0.658991 0.967633 0.663332 0.966415 0.669728 0.966821 0.671784 0.970882 0.676581 0.976161 0.681378 0.979410 0.681606 0.983878 0.682520 0.987532 0.686860 0.995655 0.690515 0.995249
6 0.696398 0.956763 0.699188 0.957865 0.702753 0.957865 0.706163 0.956487 0.707868 0.952353 0.708643 0.949873 0.711124 0.953731 0.715309 0.954007 0.717324 0.950424 0.719029 0.944637 0.719959 0.937472 0.720269 0.931134 0.720579 0.920938 0.720424 0.914600 0.718874 0.906884 0.719494 0.900821 0.717944 0.895034 0.715929 0.888420 0.714379 0.881807 0.712519 0.878500 0.716704 0.877673 0.718564 0.875744 0.718564 0.871059 0.715929 0.866650 0.711434 0.866099 0.710038 0.864170 0.706163 0.853698 0.705078 0.845982 0.701203 0.841022 0.699963 0.836062 0.700738 0.834408 0.700273 0.831101 0.698723 0.825314 0.696088 0.821456 0.692057 0.820078 0.687562 0.820905 0.686012 0.821181 0.685237 0.825865 0.686942 0.836613 0.690042 0.846533 0.690972 0.857281 0.691592 0.859761 0.694692 0.861965 0.696398 0.866926 0.696243 0.873264 0.695002 0.874366 0.693917 0.877122 0.694072 0.885940 0.693917 0.901648 0.696553 0.928103 0.695623 0.938299 0.695778 0.949598
9 0.613013 0.715902 0.712550 0.715902 0.712550 0.737360 0.613013 0.737360
1 0.822378 0.981801 0.816272 0.981801 0.812320 0.772350 0.802622 0.771073 0.801904 0.728927 0.811602 0.730843 0.787177 0.688059 0.812320 0.647829 0.837464 0.691890 0.814835 0.728289 0.825251 0.730204 0.825611 0.773627 0.817708 0.772350
1 0.717852 0.962005 0.726832 0.981801 0.753053 0.984355 0.739404 0.962005
6 0.998953 0.910939 0.991973 0.907121 0.966736 0.901871 0.950091 0.881825 0.940426 0.873711 0.924587 0.865120 0.904720 0.863211 0.867939 0.867029 0.865255 0.867029 0.863644 0.872757 0.864718 0.874666 0.857200 0.884689 0.859885 0.946258 0.866865 0.953895 0.870624 0.962486 0.875993 0.964395 0.883242 0.966781 0.889417 0.960577 0.891028 0.957236 0.892907 0.960099 0.896934 0.964872 0.903377 0.963918 0.907404 0.961054 0.907404 0.955804 0.964857 0.962486 0.967005 0.966304 0.968079 0.973463 0.975328 0.972986 0.982308 0.974418 0.990630 0.974895 0.996268 0.968213 0.999490 0.965827
4 0.828125 0.914903 0.829117 0.909318 0.829117 0.902263 0.829282 0.897560 0.827629 0.890800 0.824653 0.884039 0.821511 0.876102 0.819527 0.870517 0.817708 0.864345 0.813409 0.861993 0.808449 0.864932 0.807953 0.873163 0.804150 0.880511 0.802331 0.882863 0.801009 0.895503 0.802662 0.905203 0.804481 0.915785 0.805308 0.919606 0.806961 0.926661 0.808945 0.937537 0.810268 0.947825 0.813740 0.958113 0.818700 0.957819 0.820685 0.956643 0.821015 0.948707 0.821181 0.938419 0.821677 0.929012 0.821842 0.920194 0.823330 0.902851 0.824157 0.907554 0.823826 0.912551 0.822338 0.923721 0.823330 0.934303 0.823330 0.944297 0.825810 0.947237 0.828786 0.944885 0.829282 0.940476 0.827794 0.929894
9 0.967533 0.711146 0.967046 0.731049 0.998686 0.732780 0.999173 0.712876
7 0.375844 0.854230 0.373774 0.857911 0.370907 0.861876 0.367562 0.865840 0.365173 0.866406 0.361350 0.864707 0.358324 0.862159 0.361031 0.833277 0.361509 0.824216 0.362465 0.806943 0.363261 0.796183 0.363898 0.778061 0.364376 0.762204 0.366606 0.754559 0.380463 0.747763 0.426653 0.753709 0.426813 0.775796 0.425379 0.810907 0.407859 0.815721 0.404355 0.817703 0.400691 0.819119 0.396709 0.821950 0.394161 0.824782 0.391613 0.828463 0.388746 0.831861 0.383171 0.838657
