5 0.243023 0.893082 0.261694 0.893082 0.274469 0.929769 0.273487 0.948987 0.264642 0.964710 0.251867 0.971698 0.229265 0.961216 0.221403 0.936758 0.225334 0.910552 0.228282 0.893082 0.228282 0.868623 0.223369 0.835430 0.225334 0.821454 0.232213 0.852900
4 0.152614 0.748078 0.153597 0.730608 0.168337 0.721873 0.180130 0.739343 0.179147 0.756813 0.175216 0.767296 0.163424 0.769043
6 0.203184 0.998211 0.207327 0.986637 0.211470 0.969802 0.212654 0.954019 0.225675 0.940341 0.230410 0.920349 0.229818 0.857218 0.225675 0.813026 0.207327 0.781460 0.184245 0.776199 0.155244 0.766730 0.144590 0.753051 0.117365 0.703598 0.101385 0.692024 0.071792 0.677294 0.051669 0.674137 0.018525 0.672033 0.003729 0.668876 0.000000 0.683607 0.000176 1.000000
6 0.389048 0.770931 0.382996 0.728873 0.374010 0.727569 0.368325 0.727569 0.361722 0.726917 0.277179 0.735394 0.271310 0.737350 0.265992 0.740284 0.261040 0.743871 0.257739 0.750065 0.246919 0.765063 0.241784 0.774517 0.237016 0.782668 0.232614 0.789515 0.228213 0.795057 0.218677 0.801904 0.221244 0.806142 0.226012 0.804838 0.230781 0.798644 0.239767 0.799948 0.246736 0.798644 0.258656 0.799622 0.269293 0.799948 0.275712 0.800926 0.276629 0.806142 0.273144 0.812337 0.271677 0.816249 0.270760 0.821792 0.270577 0.828638 0.270026 0.835485 0.269109 0.841354 0.268009 0.851135 0.266725 0.857655 0.269109 0.864828 0.278279 0.862872 0.291483 0.865480 0.302854 0.860915 0.310373 0.859611 0.325778 0.861242 0.336414 0.859285 0.337698 0.863850 0.352553 0.873305 0.355304 0.873305 0.364107 0.871022 0.370709 0.868740 0.373643 0.860915 0.374010 0.855699 0.374560 0.853091 0.378594 0.850809 0.389048 0.844940 0.389965 0.837115 0.387397 0.821140 0.387947 0.814293 0.387031 0.797992 0.387214 0.780060
6 0.399279 0.817647 0.402895 0.818450 0.402782 0.821262 0.407414 0.822668 0.408430 0.817446 0.408995 0.808006 0.407301 0.791938 0.406736 0.781895 0.403008 0.772656 0.399844 0.770848 0.398262 0.775669 0.397359 0.788523 0.397585 0.802784
6 0.410125 0.812826 0.414305 0.811019 0.418938 0.809814 0.420971 0.812224 0.422440 0.813429 0.424474 0.811220 0.426055 0.805194 0.427185 0.795754 0.427185 0.782899 0.426959 0.770447 0.426620 0.764823 0.420971 0.764220 0.416678 0.763015 0.410803 0.762011 0.406058 0.763015 0.404137 0.768036 0.404702 0.775066 0.407640 0.784908 0.407414 0.799771 0.408318 0.806600
6 0.451832 0.785918 0.454418 0.785173 0.456655 0.785173 0.459662 0.784924 0.461549 0.785546 0.463017 0.788777 0.463157 0.793376 0.462458 0.797726 0.460221 0.799838 0.459382 0.803194 0.458263 0.806923 0.455257 0.806301 0.453370 0.802946 0.452810 0.797726 0.451622 0.793500
4 0.472315 0.784800 0.472315 0.782066 0.473224 0.780823 0.474622 0.783681 0.475252 0.786913 0.476510 0.790766 0.477069 0.793748 0.475951 0.796980 0.475112 0.802448 0.474832 0.808414 0.475182 0.813386 0.475112 0.815623 0.474133 0.813261 0.472315 0.809906 0.471756 0.806550 0.470987 0.801330 0.470777 0.796731 0.470568 0.791263 0.470707 0.786540 0.471546 0.785048
6 0.503431 0.926369 0.504054 0.940785 0.502807 0.952983 0.494698 0.955201 0.483471 0.951874 0.481599 0.940231 0.480976 0.924152 0.478481 0.909182 0.479104 0.885895 0.479416 0.859836 0.479416 0.833222 0.481599 0.814926 0.483471 0.798292 0.487213 0.775006 0.491891 0.771679 0.494386 0.762253 0.500312 0.738967 0.508421 0.714571 0.515282 0.707363 0.521519 0.704591 0.530252 0.703482 0.545222 0.701264 0.564247 0.704036 0.579217 0.701819 0.590756 0.705145 0.596682 0.703482 0.604167 0.711799 0.612275 0.723996 0.617889 0.737303 0.623503 0.761699 0.629117 0.784431 0.623815 0.763917 0.625062 0.760590 0.638161 0.765026 0.644399 0.776114 0.641904 0.788312 0.629741 0.788312 0.629741 0.793857 0.633483 0.803282 0.637226 0.818807 0.637849 0.832668 0.637849 0.850410 0.639097 0.882014 0.641592 0.906409 0.638785 0.929696 0.636914 0.936904 0.637537 0.957418 0.629429 0.964072 0.622567 0.960191 0.616642 0.954646 0.615082 0.940231 0.613523 0.924706 0.610716 0.922488 0.607285 0.933023 0.598241 0.920825 0.592939 0.909736 0.586078 0.905855 0.574227 0.903637 0.546470 0.899202 0.526509 0.893657 0.508733 0.897538 0.502183 0.913617
6 0.640206 0.829448 0.647879 0.828621 0.655785 0.829034 0.655552 0.835648 0.662528 0.840608 0.668108 0.839782 0.667876 0.822421 0.667411 0.812087 0.667876 0.801339 0.665086 0.788938 0.660900 0.778191 0.654855 0.764964 0.650902 0.761657 0.641369 0.762070 0.638114 0.762070 0.639276 0.772404 0.639044 0.780258 0.634394 0.785632 0.630208 0.794312 0.632533 0.807126 0.637881 0.829861
4 0.683616 0.807360 0.683439 0.818032 0.683351 0.820543 0.681409 0.819915 0.680261 0.819288 0.679555 0.812539 0.677966 0.802966 0.677790 0.793079 0.677790 0.788685 0.677878 0.782250 0.677878 0.773933 0.679025 0.770166 0.679202 0.765615 0.679996 0.762006 0.681762 0.761849 0.683969 0.767341 0.685381 0.771893 0.685117 0.778641 0.685205 0.784761 0.684587 0.793079 0.684410 0.801711
6 0.743556 0.793079 0.741525 0.793707 0.740025 0.794178 0.737730 0.794805 0.737465 0.796375 0.738436 0.802966 0.739407 0.809557 0.741790 0.811284 0.743997 0.810970 0.744968 0.805320 0.744350 0.798729
6 0.983503 0.771164 0.969905 0.765234 0.961438 0.763410 0.946044 0.760673 0.931676 0.757480 0.918078 0.759761 0.906276 0.763410 0.892678 0.767971 0.881389 0.773445 0.870613 0.782567 0.862146 0.792146 0.846495 0.799444 0.837002 0.803549 0.821352 0.806285 0.811089 0.814952 0.812372 0.836389 0.809806 0.845512 0.813655 0.861020 0.825713 0.863300 0.833667 0.866493 0.843160 0.872879 0.871639 0.872423 0.983503 0.868318
4 0.918078 0.792146 0.910637 0.798987 0.907558 0.805829 0.904993 0.817688 0.909611 0.819057 0.912946 0.810847 0.920387 0.804005 0.930393 0.794882 0.930650 0.786672 0.928084 0.784848 0.923979 0.785760 0.920387 0.788953
11 0.787474 0.783672 0.796993 0.783101 0.798597 0.787284 0.798597 0.795079 0.798062 0.805917 0.798811 0.814663 0.797313 0.815994 0.795816 0.813712 0.795602 0.808388 0.794854 0.801354 0.793036 0.794699 0.789613 0.792418 0.787260 0.791277
1 0.809292 0.765039 0.812607 0.758765 0.808329 0.750399 0.803089 0.758955 0.808436 0.767321
9 0.600252 0.656439 0.600933 0.673384 0.685355 0.670358 0.684334 0.655229
9 0.730630 0.520274 0.730971 0.545691 0.570636 0.544481 0.569955 0.516037 0.727567 0.514827 0.732333 0.514222
6 1.000000 0.777357 0.989110 0.777357 0.977273 0.767256 0.955019 0.758838 0.931345 0.756313 0.916193 0.757997 0.898201 0.757997 0.890152 0.768939 0.874053 0.775673 0.864110 0.787458 0.846591 0.792508 0.826705 0.805135 0.812027 0.823653 0.809186 0.843013 0.811080 0.856481 0.820076 0.867424 0.836174 0.873316 0.843750 0.869949 0.999053 0.866582
