6 0.002260 0.803983 0.036655 0.830189 0.056309 0.872117 0.066136 0.905311 0.072032 0.954228 0.073015 0.989168 0.046482 0.994410 0.002260 0.997904
6 0.002736 0.790377 0.003395 0.779243 0.008340 0.774555 0.012625 0.768108 0.017240 0.762248 0.028118 0.760490 0.035041 0.760490 0.043612 0.765764 0.045260 0.779243 0.039656 0.786275 0.034052 0.795066 0.033063 0.810888 0.029107 0.816749 0.020207 0.811474 0.007681 0.802098
6 0.221516 0.819588 0.221112 0.826407 0.216267 0.829278 0.213239 0.827125 0.210009 0.825330 0.205770 0.826407 0.199915 0.825330 0.195070 0.817794 0.187601 0.815281 0.180333 0.812769 0.171855 0.809539 0.169634 0.802720 0.171855 0.793389 0.176296 0.784058 0.181948 0.772933 0.185986 0.765396 0.192648 0.758936 0.203751 0.756424 0.213441 0.755706 0.223131 0.757860 0.230600 0.760013 0.235849 0.767191 0.240088 0.776163 0.242712 0.787288 0.243318 0.800926 0.242510 0.808821 0.241905 0.820665 0.240492 0.827125 0.236656 0.828919 0.233224 0.822818 0.232215 0.818152
6 0.277031 0.808104 0.270975 0.808104 0.269763 0.812410 0.267341 0.815999 0.263303 0.808821 0.261688 0.799131 0.263505 0.786929 0.268350 0.777957 0.270571 0.772215 0.272186 0.766473 0.275012 0.762166 0.280059 0.760731 0.286317 0.760731 0.294796 0.761448 0.298631 0.761448 0.304688 0.765037 0.307110 0.776881 0.307514 0.782623 0.301054 0.784058 0.299237 0.786570 0.299237 0.796260 0.298228 0.802720 0.295603 0.804874 0.293988 0.804874 0.290153 0.806668 0.289749 0.818511 0.280866 0.815999
6 0.348494 0.762525 0.344658 0.767191 0.340419 0.772574 0.337391 0.781905 0.337391 0.791954 0.339208 0.800208 0.343245 0.798055 0.347888 0.794466 0.356367 0.795902 0.359193 0.792672 0.357982 0.784417 0.356165 0.774368 0.357982 0.763243 0.355156 0.760372
4 0.358386 0.758218 0.357376 0.752476 0.360001 0.748529 0.362020 0.750323 0.364240 0.759654 0.367268 0.770780 0.368278 0.778675 0.367268 0.792313 0.365250 0.805233 0.364442 0.816717 0.363231 0.827125 0.359193 0.828560 0.357578 0.821741 0.359395 0.806668 0.359193 0.793030 0.358386 0.780828 0.358588 0.766473
4 0.396338 0.800926 0.397146 0.788724 0.398962 0.781546 0.396944 0.770421 0.398155 0.760372 0.399164 0.756065 0.396944 0.749246 0.393916 0.748170 0.390686 0.757142 0.387657 0.762166 0.385639 0.765037 0.381198 0.762525 0.375747 0.776163 0.377968 0.788724 0.378573 0.808821 0.379381 0.823177 0.380996 0.833585 0.386446 0.824254 0.387052 0.809898 0.389071 0.796260 0.391291 0.804156 0.390686 0.816358 0.392502 0.823895 0.397751 0.823177 0.399770 0.808821
1 0.384427 0.745299 0.384629 0.731302 0.385235 0.714076 0.388263 0.711563 0.388667 0.703668 0.385639 0.693978 0.391493 0.684647 0.395934 0.678187 0.394925 0.667420 0.390484 0.660601 0.384629 0.653783 0.382005 0.652347 0.375949 0.657730 0.374334 0.668138 0.371104 0.672804 0.374939 0.683929 0.377766 0.688236 0.379986 0.691466 0.379986 0.698643 0.377362 0.702232 0.375343 0.706180 0.377362 0.713717 0.380592 0.715870 0.381803 0.727354 0.380996 0.741710
6 0.443173 0.741710 0.432271 0.741710 0.428840 0.743863 0.423793 0.751759 0.420765 0.759295 0.418746 0.771856 0.415516 0.784058 0.411882 0.800567 0.410671 0.815999 0.411277 0.826407 0.413295 0.835020 0.417737 0.840045 0.420361 0.828919 0.421774 0.824254 0.423187 0.824612 0.425610 0.821024 0.425812 0.810257 0.430656 0.796619 0.434492 0.784417 0.439337 0.767191 0.443173 0.753912
6 0.506886 0.839432 0.507136 0.852342 0.504132 0.862135 0.497621 0.859019 0.497120 0.850116 0.494616 0.848780 0.495117 0.861245 0.488607 0.858574 0.486103 0.850561 0.483348 0.847445 0.474584 0.849225 0.456055 0.845219 0.444536 0.846109 0.442283 0.853232 0.442283 0.861245 0.440029 0.866587 0.436023 0.865696 0.430013 0.860354 0.429011 0.851451 0.427509 0.847890 0.425005 0.841213 0.425255 0.827413 0.427259 0.813613 0.441031 0.755297 0.452299 0.744614 0.456555 0.745059 0.459059 0.742833 0.464068 0.737491 0.468575 0.740607 0.470828 0.743278 0.474584 0.745504 0.485101 0.744614 0.491111 0.743278 0.495868 0.757078 0.502629 0.772213 0.504632 0.785123 0.508639 0.796697 0.507637 0.810942 0.509640 0.828303
6 0.496369 0.743278 0.505634 0.744168 0.511644 0.752181 0.514648 0.768207 0.518154 0.780226 0.517904 0.794026 0.513647 0.799368 0.508639 0.788684 0.505133 0.776665 0.499875 0.763755 0.493865 0.742833 0.494867 0.747285
6 0.513897 0.749510 0.517653 0.751736 0.522912 0.765981 0.525165 0.780226 0.524164 0.788239 0.518905 0.787794 0.514899 0.775775 0.513146 0.761975 0.510892 0.749510 0.511644 0.752181
9 0.593775 0.627537 0.514899 0.625757 0.514398 0.642228 0.596029 0.640447
8 0.634841 0.664485 0.630834 0.652466 0.560221 0.648905 0.552709 0.660924 0.552459 0.667601 0.552459 0.673389 0.548453 0.679621 0.543695 0.681401 0.545698 0.693866 0.545197 0.707220 0.543945 0.722356 0.542693 0.734820 0.539689 0.749510 0.538687 0.755743 0.539939 0.776220 0.539188 0.785568 0.545197 0.775775 0.551457 0.765981 0.553461 0.750846 0.555213 0.733040 0.558969 0.718795 0.563477 0.704104 0.569737 0.691195 0.578751 0.680956 0.586513 0.677840 0.597030 0.672943 0.611053 0.669382 0.621820 0.669382
6 0.429047 0.741094 0.419337 0.741094 0.410509 0.742271 0.400578 0.743056 0.392413 0.743840 0.382923 0.748156 0.375861 0.757572 0.373212 0.764242 0.368136 0.774443 0.365930 0.785428 0.366812 0.801122 0.371447 0.814854 0.381157 0.814854 0.384909 0.807400 0.391309 0.808969 0.404109 0.808184 0.406978 0.799553 0.408082 0.792883 0.412496 0.790137 0.421985 0.755610
6 0.720644 0.905303 0.721117 0.936448 0.718750 0.950758 0.697443 0.957492 0.690341 0.929714 0.675663 0.911195 0.660038 0.909512 0.651042 0.914562 0.647727 0.935606 0.630208 0.931397 0.618845 0.934764 0.614583 0.919613 0.607481 0.945707 0.593750 0.954125 0.574811 0.936448 0.568182 0.907828 0.569602 0.892677 0.553030 0.889310 0.555871 0.908670 0.549716 0.913721 0.537879 0.906987 0.532670 0.887626 0.532197 0.862374 0.536932 0.827020 0.539299 0.799242 0.544508 0.779040 0.551610 0.769781 0.564867 0.699074 0.578125 0.685606 0.588542 0.678872 0.606534 0.675505 0.619792 0.669613 0.639678 0.669613 0.653883 0.670455 0.673769 0.673822 0.687973 0.673822 0.707860 0.679714 0.714489 0.690657 0.715909 0.715067 0.723958 0.748737 0.727273 0.773990 0.726799 0.803451 0.728693 0.840488 0.728693 0.869949 0.727746 0.903620
4 0.879403 0.795427 0.881129 0.817935 0.882280 0.832259 0.883143 0.852210 0.885733 0.854768 0.884870 0.859883 0.877964 0.860906 0.866454 0.860395 0.863288 0.850675 0.859548 0.829190 0.860123 0.806169 0.857246 0.802077 0.854368 0.792869 0.853217 0.776499 0.852929 0.760129 0.853505 0.745294 0.856670 0.737109 0.858972 0.727389 0.861850 0.717158 0.869044 0.718692 0.872209 0.726877 0.873072 0.738643 0.879115 0.747340 0.882280 0.756548 0.879690 0.769849 0.878539 0.781103
4 0.786458 0.794404 0.781567 0.832771 0.778401 0.829190 0.778689 0.824586 0.779552 0.808216 0.781567 0.795427 0.782718 0.785195 0.781567 0.776499 0.778113 0.782638 0.776099 0.775476 0.776675 0.762175 0.777250 0.750409 0.780416 0.739155 0.783005 0.737620 0.785020 0.729947 0.787609 0.723808 0.790199 0.725854 0.790199 0.735062 0.793364 0.741201 0.796530 0.751432 0.800558 0.763198 0.801422 0.775987 0.800558 0.780591 0.797968 0.776499 0.795091 0.767291 0.795091 0.778545 0.794515 0.790823 0.793364 0.799519 0.791926 0.815378 0.793364 0.826120 0.796817 0.829701 0.788185 0.828167
6 0.747251 0.762288 0.755770 0.764698 0.759255 0.768140 0.764676 0.782597 0.766612 0.789825 0.763127 0.801184 0.754802 0.805315 0.750929 0.808413 0.741636 0.808068 0.746863 0.793956 0.741055 0.809445 0.740087 0.805315 0.739700 0.799119 0.740280 0.788448 0.743959 0.776401
6 0.742283 0.738156 0.771361 0.739576 0.773278 0.748097 0.773597 0.762866 0.774556 0.773375 0.773917 0.784168 0.768645 0.790701 0.764650 0.783316 0.761775 0.772807 0.755704 0.766843 0.750911 0.762866 0.747556 0.761446 0.745479 0.758890 0.742763 0.749233 0.740047 0.738156
6 0.849486 0.790133 0.832550 0.788997 0.833030 0.794109 0.830793 0.796950 0.825521 0.794677 0.823284 0.789281 0.820089 0.788429 0.822965 0.792973 0.817053 0.793541 0.814018 0.790133 0.811462 0.783884 0.811621 0.776784 0.812580 0.769683 0.815456 0.762582 0.818331 0.757186 0.820568 0.751789 0.823124 0.746677 0.828397 0.743837 0.837343 0.743269 0.846610 0.743837 0.851882 0.742985 0.853480 0.748097 0.853320 0.758322 0.853480 0.770535 0.853320 0.777920 0.853639 0.785873 0.853799 0.790985
8 0.790589 0.732759 0.793103 0.723606 0.799808 0.722116 0.803400 0.721477 0.808070 0.721052 0.812859 0.722329 0.815374 0.728927 0.818846 0.740634 0.821480 0.748723 0.821240 0.756599 0.817888 0.761281 0.815493 0.763197 0.814296 0.770647 0.812141 0.782780 0.809866 0.787037 0.802562 0.784696 0.798491 0.780651 0.802203 0.779374 0.801604 0.769157 0.800647 0.763410 0.797653 0.754257 0.795857 0.746594 0.793103 0.739570
6 0.878842 0.737752 0.882895 0.734016 0.888299 0.733483 0.897454 0.732682 0.903909 0.733750 0.904509 0.740687 0.902257 0.750827 0.901057 0.763902 0.902257 0.772708 0.903308 0.779646 0.903308 0.786050 0.894603 0.791920 0.891901 0.795389 0.890100 0.804728 0.884096 0.804995 0.879743 0.797791 0.878242 0.781514 0.878242 0.771107 0.881094 0.764436 0.881394 0.753762 0.878392 0.744957
6 0.947887 0.802594 0.940682 0.803661 0.941433 0.810332 0.935429 0.809265 0.932427 0.804462 0.928975 0.801526 0.924772 0.802594 0.914565 0.801793 0.917417 0.807930 0.914715 0.809531 0.912764 0.810599 0.906610 0.809531 0.903909 0.803928 0.902257 0.794055 0.903008 0.787117 0.906160 0.778845 0.911864 0.770840 0.915016 0.767104 0.912014 0.765770 0.911864 0.761768 0.913365 0.756431 0.917117 0.755630 0.920269 0.755897 0.923121 0.751094 0.927774 0.746291 0.935729 0.743623 0.948637 0.741755 0.955091 0.740687 0.963647 0.743356 0.970551 0.746291 0.976555 0.754830 0.980157 0.759900 0.984960 0.767371 0.987662 0.780446 0.986311 0.792988 0.985861 0.799658 0.982109 0.810065 0.980157 0.816469 0.974454 0.810866 0.972202 0.805262 0.966198 0.803661 0.960345 0.803127 0.959894 0.808464 0.955692 0.811933 0.952990 0.810866 0.950889 0.804995
9 0.939710 0.684905 0.940341 0.705107 0.945707 0.703984 0.945707 0.682660
9 0.856692 0.570988 0.857008 0.592312 0.978851 0.588945 0.979482 0.569304
