6 0.564886 0.750678 0.565521 0.769874 0.565521 0.778907 0.571238 0.784553 0.578860 0.790199 0.588387 0.791328 0.591563 0.806007 0.601725 0.810524 0.609983 0.811653 0.628662 0.805160 0.636456 0.791744 0.645116 0.789324 0.657620 0.790199 0.729393 0.782294 0.745816 0.803348 0.761276 0.806051 0.771794 0.799293 0.778384 0.780819 0.782819 0.780369 0.785481 0.766176 0.793211 0.754911 0.805613 0.756323 0.808153 0.737127 0.803475 0.709178 0.791310 0.696337 0.761023 0.690479 0.736214 0.689426 0.709576 0.665218 0.692380 0.651965 0.672228 0.647922 0.629065 0.655146 0.603123 0.662567 0.578224 0.676152 0.578224 0.686314 0.573778 0.708898 0.569967 0.722448
6 0.440536 0.765407 0.440115 0.771030 0.438217 0.774404 0.433789 0.777028 0.431680 0.777028 0.429572 0.776278 0.425565 0.772530 0.422824 0.772155 0.397731 0.775903 0.386344 0.780027 0.384236 0.785275 0.381284 0.788274 0.377699 0.789024 0.374325 0.789024 0.369475 0.787899 0.366945 0.785650 0.365469 0.791273 0.362306 0.791273 0.360830 0.791648 0.358300 0.790523 0.355769 0.788649 0.354293 0.787899 0.349865 0.787524 0.348178 0.787524 0.343117 0.785275 0.342063 0.782651 0.341641 0.778153 0.342063 0.768031 0.342274 0.763158 0.343328 0.757910 0.343750 0.752662 0.363360 0.738791 0.370951 0.734293 0.389718 0.713300 0.400472 0.706178 0.416498 0.703554 0.437795 0.704678 0.447706 0.709552 0.452977 0.714800 0.463942 0.717424 0.466051 0.717049 0.469636 0.729795 0.470901 0.736917 0.471112 0.746289 0.471744 0.756035 0.462677 0.762408 0.458249 0.767656 0.456984 0.774779 0.452977 0.777403 0.449604 0.777778 0.444121 0.776653 0.442645 0.774029
6 0.164931 0.826698 0.168924 0.829784 0.170833 0.834414 0.172049 0.837191 0.171875 0.841821 0.175000 0.840278 0.178299 0.843056 0.183333 0.845216 0.188021 0.845216 0.192535 0.841821 0.193750 0.838117 0.194444 0.830710 0.200000 0.828858 0.207292 0.828549 0.227257 0.826389 0.232292 0.832253 0.235764 0.835957 0.241319 0.833179 0.243750 0.826080 0.244271 0.830401 0.249653 0.829784 0.249826 0.834414 0.251736 0.836883 0.257292 0.837809 0.265278 0.836883 0.271007 0.833796 0.273785 0.824537 0.275347 0.822377 0.290104 0.818981 0.297917 0.818673 0.302257 0.821759 0.302951 0.825772 0.310937 0.827932 0.318056 0.824846 0.322743 0.815895 0.324132 0.810648 0.330382 0.803858 0.329167 0.781944 0.325174 0.767747 0.317188 0.759414 0.297569 0.753858 0.264931 0.725772 0.240278 0.722068 0.206771 0.728241 0.185417 0.748611 0.173958 0.767438 0.167361 0.770216 0.165278 0.794599 0.165278 0.802932
1 0.094708 0.960302 0.457495 0.932099 0.755353 0.903807 0.758247 0.924383 0.092737 0.987397 0.073929 0.982253
4 0.858944 0.767662 0.857406 0.751622 0.845616 0.744514 0.834851 0.738134 0.827161 0.738134 0.821727 0.738681 0.819882 0.735765 0.819164 0.729203 0.819574 0.723006 0.820497 0.716991 0.821420 0.712617 0.822445 0.706966 0.822753 0.699129 0.821830 0.692385 0.819984 0.699493 0.816704 0.700587 0.815371 0.697124 0.813935 0.691473 0.813730 0.685276 0.815166 0.673611 0.816909 0.666685 0.819574 0.662493 0.824393 0.658847 0.824188 0.656296 0.822137 0.647182 0.822035 0.639345 0.824598 0.631142 0.827981 0.626586 0.832083 0.625128 0.834953 0.625128 0.837106 0.627862 0.839875 0.630960 0.842233 0.634241 0.843565 0.639345 0.843976 0.646818 0.843155 0.654837 0.842233 0.660488 0.843565 0.661581 0.847461 0.662857 0.849409 0.667049 0.852588 0.672700 0.856381 0.682542 0.856586 0.687281 0.855253 0.692567 0.851665 0.693478 0.849717 0.692749 0.847769 0.688193 0.847667 0.700769 0.848077 0.705690 0.848897 0.711523 0.852793 0.717902 0.858124 0.722641 0.864583 0.727927 0.867864 0.729203 0.870427 0.741051 0.871965 0.750164 0.872375 0.762194 0.872068 0.769120 0.871555 0.775864
4 0.872068 0.752716 0.877502 0.755632 0.880270 0.761829 0.881808 0.772948 0.882730 0.779874 0.883858 0.792450 0.885294 0.798101 0.888574 0.798465 0.890728 0.794638 0.891650 0.790445 0.891855 0.783337 0.891548 0.777504 0.889190 0.766933 0.887447 0.756179 0.886729 0.751622 0.885909 0.743785 0.885294 0.740686 0.879757 0.734671 0.874426 0.729932 0.868889 0.725558 0.866019 0.721001 0.864993 0.709700 0.865814 0.706420 0.865198 0.696942 0.870222 0.692020 0.878014 0.686188 0.871555 0.666138 0.861918 0.652832 0.861405 0.643901 0.860072 0.628408 0.855253 0.624399 0.848589 0.622758 0.845719 0.622576 0.842130 0.626039 0.842335 0.634241 0.843976 0.642261 0.844078 0.651010 0.843053 0.656296 0.842130 0.661217 0.847256 0.663040 0.852588 0.672882 0.856689 0.683454 0.855253 0.692749 0.851768 0.693478 0.849409 0.692749 0.847974 0.688557 0.848077 0.702774 0.848589 0.712799 0.853510 0.718996 0.858329 0.723371 0.868069 0.729385 0.870120 0.740868
11 0.825739 0.741439 0.823848 0.744801 0.823266 0.745319 0.825594 0.749457 0.826903 0.753595 0.827630 0.757733 0.827776 0.763941 0.827194 0.768079 0.825739 0.773510 0.824575 0.779976 0.823993 0.795495 0.823557 0.799633 0.828067 0.799115 0.828067 0.804288 0.828067 0.806875 0.831995 0.818513 0.834905 0.817737 0.836068 0.811530 0.836650 0.805840 0.835777 0.799374 0.834759 0.790580 0.837814 0.779976 0.839851 0.776355 0.844652 0.771958 0.847707 0.770665 0.855854 0.768079 0.866911 0.771700 0.874185 0.773510 0.876804 0.780235 0.877822 0.786184 0.878550 0.795495 0.881169 0.802736 0.886115 0.801702 0.892225 0.788253 0.892953 0.777390 0.893826 0.770665 0.896444 0.763423 0.898190 0.758251 0.899063 0.751526 0.899791 0.743250 0.899354 0.736525 0.897608 0.730318 0.896008 0.726179 0.893680 0.721783 0.890480 0.718938 0.885679 0.715575 0.884224 0.711437 0.888006 0.706006 0.888879 0.701609 0.885679 0.698246 0.886260 0.694625 0.888006 0.690229 0.889461 0.689194 0.890916 0.687384 0.893535 0.678849 0.893826 0.676004 0.893826 0.673676 0.890625 0.672641 0.887715 0.673934 0.884951 0.679366 0.884224 0.681952 0.880150 0.687125 0.879277 0.691263 0.876949 0.696436 0.870257 0.699798 0.866620 0.708851 0.866766 0.710144 0.865311 0.710661 0.866038 0.720489 0.869093 0.724628 0.874476 0.729542 0.879859 0.733680 0.885388 0.739111 0.886551 0.747388 0.887715 0.758251 0.889607 0.766786 0.891934 0.781528 0.891352 0.789804 0.888152 0.798340 0.885388 0.797564 0.883933 0.790580 0.883060 0.780752 0.881314 0.767820 0.878841 0.759026 0.875058 0.754888 0.873312 0.753336 0.872585 0.753595 0.872585 0.763682 0.872585 0.771958 0.859055 0.768079 0.857455 0.751526 0.843779 0.744543 0.831704 0.738077 0.826176 0.738853
6 0.565540 0.774938 0.560796 0.775626 0.559344 0.780618 0.555472 0.783715 0.553051 0.786297 0.548308 0.785953 0.545597 0.785781 0.544339 0.783888 0.541531 0.778724 0.539305 0.779585 0.538336 0.785092 0.536013 0.787846 0.532915 0.790083 0.529914 0.792149 0.525461 0.792493 0.520427 0.792149 0.517910 0.789051 0.514909 0.778036 0.508616 0.778552 0.503582 0.777520 0.501452 0.775971 0.499806 0.774422 0.497773 0.770463 0.495837 0.762202 0.496031 0.756006 0.496805 0.750327 0.497580 0.745164 0.497773 0.741550 0.497483 0.734321 0.497483 0.726404 0.498257 0.721930 0.501259 0.720036 0.510843 0.714529 0.515199 0.710743 0.520620 0.702998 0.525267 0.695253 0.529527 0.689402 0.536110 0.685099 0.547340 0.681313 0.560118 0.677699 0.575221 0.676322 0.578415 0.675633 0.578319 0.686132 0.574930 0.697146 0.570187 0.706956 0.568057 0.715045 0.564862 0.726921 0.565540 0.743443 0.564475 0.751015 0.564572 0.758932
11 0.925657 0.748347 0.909908 0.751213 0.905940 0.745260 0.902964 0.736221 0.901352 0.723435 0.903336 0.715939 0.906560 0.710869 0.906932 0.706680 0.901724 0.705357 0.900112 0.704255 0.900856 0.701389 0.900732 0.700066 0.898127 0.699184 0.896391 0.696318 0.895771 0.694114 0.895647 0.690807 0.902096 0.690807 0.906312 0.691248 0.921565 0.693673 0.929750 0.695877 0.934586 0.694996 0.937066 0.693893 0.939050 0.692571 0.943762 0.689705 0.947359 0.687720 0.948351 0.686839 0.950831 0.684193 0.952567 0.682209 0.953931 0.679563 0.955171 0.676036 0.958519 0.669422 0.959387 0.671186 0.959759 0.676477 0.959511 0.681989 0.960875 0.689484 0.964348 0.697862 0.968068 0.701389 0.969432 0.702271 0.970672 0.704916 0.972656 0.740410 0.971292 0.739749 0.968936 0.736221 0.967324 0.733796 0.966332 0.730710 0.964844 0.726521 0.963728 0.722332 0.961868 0.718364 0.960131 0.715498 0.960379 0.719026 0.959511 0.725198 0.958271 0.728285 0.951079 0.728946 0.945623 0.728946 0.943266 0.731592 0.936570 0.731812 0.928137 0.732033 0.926649 0.737765
4 0.945225 0.686482 0.945298 0.677404 0.945152 0.673384 0.945079 0.669883 0.945298 0.667549 0.945444 0.665474 0.945517 0.664306 0.945517 0.661713 0.945809 0.657693 0.948070 0.653673 0.949893 0.651468 0.950112 0.649912 0.950112 0.646540 0.949164 0.639926 0.948799 0.637203 0.949821 0.633442 0.952374 0.631238 0.954051 0.630849 0.956459 0.632145 0.957042 0.635128 0.957699 0.639019 0.958574 0.640964 0.959231 0.644076 0.960544 0.649652 0.963753 0.652765 0.965796 0.654840 0.967328 0.657563 0.968568 0.660157 0.969297 0.670661 0.971048 0.704248 0.969516 0.701914 0.968495 0.701395 0.964118 0.698413 0.961127 0.689724 0.959304 0.681295 0.960106 0.676497 0.959304 0.671958 0.958501 0.669364 0.955364 0.675459 0.954197 0.679609 0.950988 0.683888 0.947122 0.687519
4 0.752578 0.688657 0.752786 0.681065 0.752266 0.679954 0.752578 0.675509 0.753255 0.672731 0.755182 0.670787 0.756432 0.669676 0.756432 0.667361 0.756120 0.665417 0.756016 0.661157 0.757214 0.659120 0.759609 0.659398 0.760391 0.660417 0.760339 0.664398 0.760286 0.666620 0.760703 0.669120 0.762839 0.671435 0.764141 0.672176 0.765130 0.674213 0.765651 0.677361 0.766172 0.679676 0.766328 0.681528 0.766432 0.684769 0.766641 0.687546 0.766797 0.690694 0.766849 0.691528 0.764870 0.691157 0.764922 0.689583 0.764766 0.687824 0.764505 0.685694 0.764193 0.684398 0.763880 0.682731 0.763672 0.685324 0.763672 0.687269 0.763776 0.690139 0.763620 0.690880 0.761016 0.690231 0.755911 0.690046 0.755547 0.689769 0.755547 0.687639 0.755599 0.684954 0.755391 0.682454 0.754818 0.681898 0.754766 0.685046 0.754714 0.687269 0.754557 0.689954 0.752578 0.689861
4 0.731224 0.684676 0.732370 0.680324 0.733516 0.678750 0.735599 0.678287 0.735182 0.676343 0.734714 0.674676 0.734609 0.671991 0.734714 0.669120 0.734714 0.666991 0.736380 0.666713 0.737839 0.666713 0.738880 0.667824 0.739297 0.670139 0.739505 0.672731 0.739193 0.675324 0.738672 0.677454 0.739193 0.678194 0.740234 0.678565 0.740911 0.679120 0.741641 0.680324 0.742161 0.681435 0.742891 0.683843 0.743151 0.685602 0.743359 0.687917 0.743099 0.689306 0.742005 0.689398 0.740859 0.689676 0.738151 0.689398 0.736068 0.689306
6 0.878193 0.682881 0.877958 0.672826 0.884321 0.656486 0.891627 0.639308 0.901053 0.629881 0.903174 0.627367 0.917550 0.618988 0.923442 0.617312 0.953372 0.614379 0.966924 0.611865 0.968102 0.638679 0.959146 0.639936 0.957379 0.637632 0.955847 0.631976 0.952312 0.631138 0.948777 0.633652 0.948895 0.636375 0.949130 0.642869 0.935344 0.647687 0.919907 0.662561 0.904706 0.671150 0.894337 0.675758 0.893983 0.674082 0.891273 0.672197 0.887031 0.674292 0.884792 0.680577 0.881021 0.683300
6 0.164581 0.822853 0.127985 0.828182 0.122115 0.827960 0.099633 0.827294 0.098634 0.827294 0.097509 0.834177 0.091389 0.835953 0.090015 0.834621 0.089391 0.829514 0.088891 0.825517 0.088142 0.814859 0.087767 0.807310 0.087268 0.800870 0.089016 0.788214 0.090015 0.779554 0.092264 0.773781 0.094012 0.771338 0.095761 0.766454 0.096510 0.762679 0.098634 0.758238 0.100632 0.753353 0.103630 0.750022 0.109000 0.745581 0.124863 0.743139 0.125112 0.739364 0.125612 0.735811 0.128485 0.732703 0.130608 0.731593 0.133731 0.732703 0.135229 0.736700 0.135979 0.740474 0.136978 0.743361 0.146845 0.743361 0.151466 0.744249 0.152840 0.745137 0.155713 0.748690 0.158336 0.752465 0.159960 0.755129 0.163956 0.760680 0.167703 0.768896 0.167079 0.771338 0.165330 0.795541 0.165205 0.806422
6 0.087801 0.817871 0.075802 0.818476 0.075546 0.820140 0.074780 0.822864 0.072483 0.824679 0.071121 0.824074 0.069589 0.823015 0.068908 0.826192 0.067291 0.828764 0.064142 0.826949 0.064483 0.780350 0.064313 0.775962 0.063972 0.774147 0.064823 0.770818 0.066696 0.771575 0.069419 0.763253 0.071717 0.755537 0.073589 0.750847 0.075291 0.749032 0.094610 0.746914 0.105928 0.746308 0.106950 0.746914 0.103460 0.750091 0.100822 0.752965 0.098439 0.757958 0.096482 0.762800 0.094524 0.769154 0.093248 0.772331 0.090184 0.776719 0.089844 0.779745 0.087971 0.794269 0.087461 0.801229 0.087801 0.809701
6 0.009000 0.805677 0.009000 0.808860 0.009527 0.811107 0.011633 0.810639 0.013687 0.810171 0.014951 0.810358 0.016162 0.809235 0.016741 0.807643 0.016847 0.806801 0.017215 0.806239 0.020375 0.805396 0.020480 0.806520 0.020744 0.808673 0.021218 0.809235 0.023956 0.809797 0.025431 0.809890 0.026800 0.808767 0.027695 0.805490 0.028275 0.802962 0.036964 0.801371 0.037280 0.803149 0.037964 0.805303 0.040440 0.805865 0.041862 0.805958 0.042704 0.805396 0.043599 0.804647 0.044021 0.802120 0.044969 0.796877 0.044863 0.793413 0.045074 0.790698 0.045021 0.787515 0.044653 0.786017 0.044231 0.783021 0.044126 0.780586 0.044126 0.777216 0.044126 0.774595 0.043652 0.772160 0.042862 0.771037 0.042072 0.768696 0.040703 0.764203 0.038280 0.761113 0.036964 0.758304 0.035963 0.757555 0.034436 0.756338 0.032330 0.755964 0.029275 0.755683 0.025431 0.755496 0.020165 0.754840 0.015320 0.755402 0.013002 0.757087 0.012581 0.768322 0.011317 0.778995 0.010317 0.791728 0.009211 0.799030
4 0.029557 0.754769 0.029818 0.749769 0.030911 0.748472 0.031536 0.748194 0.031380 0.746343 0.031276 0.744028 0.031380 0.742361 0.032839 0.741806 0.033516 0.741806 0.034714 0.743750 0.034870 0.746435 0.035443 0.747824 0.036484 0.748009 0.037214 0.750139 0.037734 0.752731 0.037943 0.754769 0.037214 0.756343 0.036536 0.756528 0.036120 0.757546 0.034349 0.756157 0.032786 0.756065 0.029505 0.755694
4 0.045443 0.794491 0.045703 0.796898 0.046745 0.801528 0.050651 0.802917 0.051432 0.800509 0.049818 0.798194 0.048932 0.795139 0.048672 0.792639 0.048984 0.787454 0.049089 0.784120 0.049349 0.780880 0.049193 0.776065 0.048672 0.773194 0.047318 0.770880 0.047109 0.768287 0.047057 0.765880 0.047005 0.763472 0.047526 0.761343 0.047057 0.758009 0.046641 0.756065 0.045651 0.753009 0.046172 0.752176 0.047370 0.751620 0.047526 0.750417 0.047578 0.749398 0.047630 0.747361 0.047630 0.746065 0.047630 0.744861 0.047422 0.742639 0.045391 0.742361 0.043255 0.743750 0.042578 0.745602 0.042578 0.748287 0.042734 0.749398 0.042630 0.750880 0.042422 0.751620 0.040911 0.753009 0.039870 0.753565 0.039245 0.754861 0.038672 0.756806 0.038516 0.759491 0.038359 0.761065 0.040859 0.764306 0.041953 0.768287 0.042891 0.770972 0.043776 0.772083 0.044193 0.774861 0.044349 0.780602 0.044453 0.783194 0.044714 0.784769 0.044870 0.788009 0.045078 0.791991
4 0.048151 0.746991 0.048099 0.744120 0.048568 0.741806 0.050078 0.740324 0.051276 0.740694 0.051797 0.743287 0.051953 0.745231 0.052370 0.746713 0.053099 0.747546 0.053932 0.749028 0.054036 0.752083 0.054036 0.754491 0.054036 0.756991 0.054036 0.758935 0.054036 0.761435 0.053932 0.765417 0.053516 0.769954 0.053203 0.772269 0.052734 0.775694 0.052370 0.778750 0.052109 0.780694 0.051172 0.782824 0.049245 0.781898 0.049609 0.780139 0.049870 0.777917 0.050026 0.775324 0.048984 0.773287 0.048307 0.771620 0.048047 0.770972 0.047682 0.769954 0.047370 0.769306 0.047109 0.768102 0.047109 0.766343 0.047422 0.764028 0.047422 0.761528 0.047578 0.760324 0.047161 0.758750 0.046849 0.757083 0.045911 0.754398 0.045755 0.752639 0.046849 0.752083 0.047266 0.751528 0.047474 0.750324 0.047682 0.748287
4 0.480599 0.723565 0.478984 0.716898 0.478099 0.711713 0.478099 0.709213 0.478516 0.707176 0.478776 0.705509 0.478516 0.704583 0.477943 0.702824 0.477109 0.701620 0.476901 0.698565 0.477786 0.696991 0.479349 0.696898 0.480234 0.697546 0.480651 0.700231 0.480755 0.701528 0.481172 0.703287 0.482474 0.704676 0.484036 0.710417 0.485078 0.713472 0.485547 0.716620 0.485755 0.718380 0.486120 0.720972 0.485911 0.723102 0.485443 0.726435 0.485391 0.728935 0.485547 0.730880 0.486016 0.733287 0.486589 0.735324 0.487370 0.737176 0.488307 0.738102 0.488411 0.739769 0.486641 0.741620 0.485286 0.742546 0.484557 0.741806 0.483932 0.740602 0.483776 0.737083 0.483255 0.733472 0.482109 0.734583 0.482005 0.736343 0.481797 0.739398 0.481380 0.744028 0.481641 0.747917 0.481276 0.749769 0.479245 0.749954 0.479193 0.747731 0.478828 0.745509 0.478880 0.743657 0.479453 0.739676 0.479661 0.735694 0.479714 0.733472 0.479870 0.730787 0.480391 0.728194
