7 0.094791 0.000254 0.374967 0.426684 0.374786 0.505216 0.374462 0.612440 0.313670 0.613726 0.257472 0.618671 0.249641 0.662348 0.235361 0.720860 0.229833 0.755472 0.221541 0.782667 0.152906 0.794205 0.137705 0.791733 0.130795 0.767834 0.111448 0.761241 0.110987 0.742286 0.106381 0.721684 0.108223 0.693664 0.025308 0.699433 0.036824 0.771130 0.035902 0.813983 0.037284 0.838706 0.035442 0.858485 0.032217 0.873319 0.017937 0.879912 0.009185 0.892273 0.000000 0.893056 0.000000 0.000000
6 0.229788 0.867183 0.230914 0.883980 0.236172 0.894058 0.253448 0.898089 0.254950 0.888011 0.255701 0.877261 0.269221 0.872558 0.310532 0.869870 0.338323 0.866511 0.350717 0.866511 0.360105 0.867183 0.366490 0.883308 0.376254 0.883308 0.383014 0.881292 0.392028 0.871886 0.396534 0.850386 0.397285 0.832245 0.403670 0.824182 0.411932 0.807385 0.414185 0.802010 0.414937 0.816792 0.418692 0.822167 0.428081 0.819479 0.428457 0.806713 0.428457 0.790588 0.429583 0.775135 0.430334 0.754979 0.428457 0.743557 0.428081 0.731463 0.428081 0.726760 0.427706 0.713322 0.426954 0.707275 0.422448 0.699213 0.417565 0.693166 0.413810 0.678384 0.411181 0.658228 0.408177 0.650165 0.405172 0.641431 0.401238 0.629852 0.391652 0.622618 0.382606 0.619515 0.376254 0.618587 0.360481 0.614556 0.313980 0.614586 0.258023 0.619964 0.245306 0.682427 0.233514 0.728758 0.227733 0.763506 0.224958 0.801977 0.221721 0.838380 0.232314 0.842763 0.232029 0.851447
11 0.564165 0.746649 0.564550 0.761128 0.565128 0.772159 0.566284 0.781122 0.567440 0.784569 0.569945 0.784569 0.573221 0.783879 0.574377 0.782500 0.574377 0.770090 0.575148 0.761472 0.577846 0.759404 0.587673 0.756991 0.592875 0.756991 0.594031 0.766988 0.599812 0.766299 0.618117 0.765954 0.630257 0.764575 0.632569 0.758025 0.637386 0.758025 0.643359 0.759059 0.643552 0.765954 0.643937 0.776295 0.645671 0.782500 0.653379 0.784224 0.655884 0.780087 0.656655 0.770780 0.657811 0.762851 0.657017 0.748840 0.655601 0.739135 0.654658 0.734072 0.653479 0.726477 0.654150 0.716314 0.654342 0.707006 0.654150 0.697009 0.653572 0.687012 0.653186 0.674602 0.652416 0.669087 0.650296 0.660813 0.648947 0.651161 0.648176 0.644267 0.647791 0.624273 0.647406 0.611518 0.646250 0.600487 0.642974 0.587732 0.640276 0.582561 0.638157 0.580493 0.628522 0.576701 0.609446 0.578424 0.574955 0.579459 0.566284 0.589800 0.565507 0.596941 0.565389 0.624156 0.564682 0.627954 0.558432 0.630274 0.558667 0.639135 0.558078 0.650105 0.560318 0.657700 0.562677 0.659599 0.564564 0.664662 0.564328 0.672679 0.564446 0.683650 0.564210 0.705169 0.563856 0.724578
11 0.461538 0.731912 0.461910 0.742106 0.463520 0.749641 0.467360 0.749419 0.469342 0.744101 0.469838 0.738339 0.471076 0.734350 0.476650 0.733020 0.479747 0.731248 0.482348 0.729031 0.485693 0.732134 0.487056 0.732134 0.492010 0.730804 0.493621 0.730583 0.496841 0.731026 0.499814 0.733907 0.501672 0.732577 0.503406 0.729475 0.509848 0.730583 0.514431 0.731026 0.518023 0.729475 0.518395 0.735901 0.518766 0.738561 0.519138 0.742771 0.522359 0.746317 0.523845 0.745209 0.524712 0.743214 0.525208 0.739225 0.525208 0.735680 0.525455 0.732356 0.526199 0.727702 0.526570 0.722383 0.526570 0.711524 0.525177 0.707911 0.524351 0.698418 0.524116 0.684705 0.522700 0.669304 0.522700 0.659599 0.522465 0.643987 0.521875 0.629852 0.521403 0.617194 0.520578 0.610232 0.517040 0.604536 0.513856 0.601793 0.510790 0.601160 0.505012 0.601160 0.495224 0.603059 0.484021 0.604536 0.473526 0.605380 0.469988 0.605591 0.465979 0.613397 0.465153 0.622257 0.465507 0.643354 0.465861 0.660865 0.464800 0.677743 0.464800 0.700738 0.462677 0.708333 0.461380 0.721624
4 0.678125 0.658966 0.677535 0.670570 0.677889 0.681540 0.678243 0.692089 0.678479 0.698207 0.678243 0.703059 0.677300 0.704325 0.674823 0.703270 0.673290 0.703270 0.672347 0.702426 0.671285 0.700316 0.670578 0.696730 0.671050 0.695253 0.671993 0.695253 0.671993 0.691456 0.671875 0.683017 0.672111 0.679641 0.672818 0.671203 0.672347 0.667616 0.669752 0.664662 0.670342 0.673312 0.670224 0.677954 0.669988 0.684072 0.670342 0.689135 0.669988 0.694409 0.669163 0.697574 0.666333 0.699684 0.664682 0.697152 0.663031 0.693354 0.662559 0.690190 0.664210 0.690612 0.665271 0.687025 0.665035 0.680063 0.665271 0.673734 0.665035 0.666139 0.664917 0.662764 0.663267 0.659599 0.662323 0.654958 0.660436 0.652215 0.659611 0.651160 0.658196 0.648840 0.657724 0.643776 0.658550 0.638291 0.659139 0.632173 0.661380 0.627743 0.662323 0.623101 0.662323 0.621624 0.662087 0.619515 0.661733 0.616561 0.662795 0.612342 0.665743 0.609177 0.668691 0.608544 0.673054 0.609177 0.674233 0.612975 0.676710 0.616139 0.678361 0.619937 0.679776 0.627321 0.679894 0.634072 0.679304 0.640612 0.679304 0.647152
6 0.422229 0.644198 0.429304 0.643565 0.432606 0.649684 0.435554 0.657278 0.436851 0.665506 0.438267 0.672679 0.438856 0.681540 0.438502 0.687869 0.438738 0.695886 0.439210 0.698840 0.437559 0.702004 0.433432 0.701582 0.432724 0.696097 0.430955 0.695886 0.428361 0.695675 0.427064 0.695675 0.427300 0.699895 0.427300 0.702215 0.425649 0.704958 0.422818 0.704114 0.421285 0.697785 0.419281 0.696097 0.418455 0.693776 0.417748 0.690190 0.417512 0.685759 0.418101 0.680485 0.419281 0.669937 0.419870 0.662553 0.420106 0.652004 0.419870 0.645886
6 0.430719 0.645042 0.434729 0.644409 0.440625 0.643565 0.446521 0.643987 0.451828 0.643354 0.456073 0.643987 0.457960 0.648840 0.459257 0.652215 0.460200 0.656646 0.460318 0.657911 0.461026 0.663608 0.461026 0.666139 0.460200 0.669304 0.460436 0.675422 0.460672 0.676688 0.460672 0.680063 0.460436 0.683439 0.460672 0.687447 0.460083 0.689346 0.459257 0.689768 0.457017 0.686814 0.456781 0.684494 0.455837 0.684916 0.455483 0.688291 0.455955 0.691245 0.454658 0.693143 0.453833 0.692722 0.451946 0.693354 0.451592 0.691034 0.450531 0.686603 0.448880 0.686814 0.446875 0.687447 0.440271 0.687236 0.438974 0.687236 0.438738 0.680907 0.438149 0.673312 0.436616 0.665506 0.435554 0.657068 0.432724 0.649895
6 0.535554 0.658122 0.537559 0.648840 0.540271 0.643143 0.542158 0.642300 0.547465 0.641667 0.554068 0.640612 0.555130 0.643143 0.555719 0.646519 0.556663 0.648418 0.557370 0.650316 0.557842 0.653692 0.558078 0.656224 0.558432 0.658755 0.559375 0.664030 0.559139 0.668249 0.559139 0.669726 0.557134 0.670359 0.555601 0.670148 0.554658 0.669515 0.554186 0.665295 0.552771 0.666772 0.547818 0.667616 0.544634 0.667616 0.540861 0.667405 0.539682 0.670359 0.539682 0.672468 0.538267 0.672679 0.537087 0.672679 0.536616 0.671414 0.536026 0.666983
7 0.999233 0.659177 0.994634 0.661920 0.988149 0.663397 0.986144 0.661498 0.982017 0.657068 0.979540 0.653903 0.977889 0.649684 0.979304 0.659599 0.975531 0.661498 0.969634 0.661709 0.962795 0.660654 0.960908 0.654114 0.958196 0.649262 0.953833 0.649262 0.951828 0.645675 0.944870 0.640190 0.942158 0.635127 0.934139 0.633017 0.927535 0.631329 0.917748 0.630063 0.911144 0.629430 0.908078 0.627954 0.905837 0.626055 0.904186 0.623734 0.903833 0.619093 0.903833 0.616350 0.904186 0.611076 0.904540 0.604325 0.904422 0.599895 0.903715 0.589768 0.903715 0.582384 0.903833 0.570781 0.900413 0.568038 0.902300 0.562975 0.908785 0.552848 0.913502 0.549262 0.923998 0.546730 0.952182 0.542932 0.966922 0.541034 0.978125 0.538502 0.979422 0.553692 0.983785 0.585338 0.984611 0.598207 0.984847 0.613397 0.985790 0.620148 0.986733 0.626266 0.992748 0.626266 0.999587 0.626477 0.999941 0.644409 0.999941 0.656013
7 0.679894 0.646941 0.686733 0.646097 0.687441 0.650316 0.689917 0.653059 0.692394 0.653059 0.695224 0.653059 0.696403 0.652004 0.698054 0.649473 0.698408 0.646308 0.705248 0.645886 0.715861 0.646097 0.719634 0.645886 0.719752 0.647574 0.723998 0.650949 0.726828 0.649895 0.729068 0.649051 0.729776 0.647363 0.730130 0.645886 0.731545 0.643776 0.734493 0.642932 0.734847 0.632595 0.732842 0.628797 0.730719 0.626688 0.729422 0.624367 0.727771 0.622046 0.726474 0.619726 0.723054 0.619093 0.721875 0.616772 0.720696 0.611709 0.716097 0.611920 0.704304 0.612131 0.685318 0.612131 0.678243 0.610654 0.675767 0.613608 0.677064 0.616350 0.678479 0.619937 0.679776 0.628165 0.680012 0.634072 0.679186 0.641245
