11 0.504360 0.969112 0.504360 0.995112 0.522461 1.000000 0.545467 0.998826 0.545467 0.969855 0.649274 0.969112 0.672112 0.969112 0.675018 0.999569 0.711558 0.998083 0.713219 0.961684 0.713634 0.949055 0.711973 0.911170 0.706160 0.885913 0.701593 0.827970 0.701572 0.801125 0.701316 0.780531 0.697856 0.737342 0.689966 0.680142 0.673357 0.641514 0.662561 0.603628 0.658824 0.582085 0.643461 0.573914 0.634741 0.562771 0.631004 0.550143 0.629343 0.539743 0.623945 0.541228 0.619793 0.548657 0.616471 0.550885 0.612319 0.556828 0.579931 0.557571 0.556263 0.559057 0.551281 0.551628 0.549204 0.542714 0.544222 0.542714 0.544222 0.548657 0.542976 0.559057 0.544637 0.565000 0.533011 0.576885 0.527197 0.591000 0.511004 0.657856 0.504360 0.703913 0.502699 0.762599 0.504360 0.842084 0.505606 0.854713 0.501453 0.866598 0.503114 0.898541 0.500623 0.914884 0.501038 0.938655
11 0.735418 0.883735 0.735705 0.899686 0.736280 0.918468 0.739157 0.927472 0.744478 0.930045 0.749655 0.930045 0.751812 0.927215 0.754113 0.911006 0.755407 0.901744 0.755839 0.889138 0.756126 0.881419 0.772089 0.883735 0.787046 0.883477 0.803152 0.886050 0.819259 0.885021 0.833209 0.884764 0.842125 0.885536 0.848309 0.888366 0.850897 0.887079 0.852192 0.901230 0.851760 0.911006 0.853774 0.920269 0.856218 0.928502 0.860964 0.930560 0.866429 0.931332 0.870312 0.929016 0.871606 0.915638 0.871894 0.900973 0.872817 0.883503 0.876724 0.878262 0.874770 0.866905 0.871352 0.849433 0.869399 0.833272 0.866835 0.812450 0.865964 0.790863 0.861735 0.769277 0.862108 0.761488 0.860242 0.754811 0.856510 0.731889 0.854644 0.701846 0.853525 0.691387 0.855391 0.683153 0.853774 0.674028 0.847803 0.664459 0.837602 0.649771 0.823546 0.638867 0.747666 0.642205 0.739456 0.647991 0.730127 0.660008 0.723037 0.668687 0.722415 0.682708 0.720673 0.735450 0.719927 0.776843 0.721668 0.813340 0.723907 0.830031 0.726271 0.845386 0.727764 0.864970 0.729381 0.873872 0.732739 0.876097 0.735725 0.876097 0.737093 0.870756 0.739581 0.870979 0.737217 0.882551
11 0.162338 0.998908 0.158225 0.954138 0.149654 0.948006 0.146226 0.923474 0.144170 0.852946 0.147940 0.837001 0.146912 0.815536 0.144855 0.787938 0.143484 0.773832 0.139370 0.724769 0.132171 0.697785 0.113660 0.659148 0.113317 0.632776 0.118802 0.625417 0.102348 0.614378 0.071152 0.585553 0.029330 0.561022 0.000000 0.553207 0.000191 1.000000
11 0.411969 0.809810 0.412913 0.818038 0.416804 0.817405 0.419163 0.814241 0.420224 0.809810 0.422583 0.809599 0.423172 0.813819 0.424233 0.815717 0.425767 0.816983 0.428361 0.816139 0.429068 0.812975 0.428950 0.808544 0.432724 0.809388 0.434611 0.807068 0.435790 0.805169 0.444634 0.804536 0.452064 0.801582 0.452064 0.804958 0.452653 0.808122 0.455130 0.810021 0.458785 0.810654 0.460200 0.807911 0.462559 0.807068 0.462323 0.800316 0.462559 0.795675 0.461851 0.788291 0.461380 0.780274 0.461144 0.771624 0.459729 0.766350 0.458903 0.763819 0.457960 0.759810 0.457960 0.750316 0.457370 0.742300 0.455130 0.735127 0.451592 0.729008 0.449233 0.726477 0.427300 0.727321 0.411851 0.729430 0.406663 0.733439 0.405601 0.737869 0.405483 0.740823 0.405719 0.752637 0.405601 0.761076 0.405366 0.769515 0.405719 0.781962 0.406309 0.796519 0.407960 0.804958
6 0.140149 0.725775 0.160062 0.724850 0.162131 0.729477 0.186698 0.729477 0.219283 0.725313 0.227817 0.739655 0.240747 0.743819 0.243592 0.768340 0.245143 0.794248 0.243592 0.808128 0.242299 0.819232 0.234023 0.825709 0.222127 0.830798 0.203766 0.836812 0.190577 0.840976 0.186957 0.844678 0.188509 0.853931 0.188250 0.868736 0.185923 0.880302 0.182819 0.892794 0.176095 0.906211 0.166010 0.913150 0.151786 0.916389 0.149200 0.916389 0.145063 0.913150 0.144028 0.853005 0.147390 0.838200 0.146356 0.812292 0.145063 0.785920 0.143770 0.774817
6 0.265602 0.854685 0.270746 0.857753 0.278133 0.857045 0.282354 0.851617 0.283014 0.843594 0.283937 0.835334 0.308340 0.831323 0.314671 0.830851 0.329445 0.827547 0.331819 0.826367 0.332347 0.831795 0.334061 0.837694 0.337095 0.840526 0.344350 0.840998 0.347120 0.838874 0.349363 0.835806 0.350154 0.832975 0.350682 0.828255 0.350814 0.825187 0.356090 0.821411 0.360970 0.816456 0.363081 0.812916 0.362817 0.797813 0.361762 0.774686 0.360575 0.766663 0.354375 0.761943 0.347120 0.759819 0.340789 0.760763 0.336436 0.759819 0.325883 0.751088 0.311505 0.750144 0.295809 0.749672 0.287630 0.752032 0.280771 0.757459 0.275099 0.761943 0.270351 0.769259 0.266261 0.776338 0.244045 0.777110 0.245224 0.794620 0.243337 0.808755 0.242158 0.819304 0.243573 0.830485 0.254304 0.832384 0.261851 0.830485 0.264564 0.831962 0.263974 0.838291 0.263031 0.844409 0.264210 0.852004
4 0.846356 0.659759 0.855485 0.658058 0.861191 0.657717 0.863854 0.667926 0.867278 0.672009 0.868229 0.677113 0.864995 0.681196 0.866517 0.689363 0.870131 0.695148 0.874886 0.696509 0.878500 0.703314 0.883445 0.710460 0.885157 0.716245 0.886488 0.722710 0.886869 0.730196 0.886108 0.738363 0.885347 0.743467 0.882304 0.750953 0.879641 0.759460 0.884776 0.763883 0.885727 0.772730 0.890863 0.774772 0.894286 0.794508 0.893526 0.807779 0.892955 0.820029 0.890292 0.830577 0.887249 0.834660 0.885537 0.853376 0.886108 0.861882 0.885918 0.881959 0.886488 0.891486 0.890102 0.899653 0.889531 0.904757 0.882684 0.906799 0.880402 0.905438 0.876217 0.908160 0.874125 0.903396 0.873174 0.896250 0.872794 0.893528 0.873174 0.883320 0.876788 0.877875 0.874696 0.865625 0.871082 0.848952 0.869370 0.832959 0.866897 0.812202 0.865566 0.791105 0.861952 0.769668 0.861762 0.760821 0.859860 0.754696 0.856436 0.731897 0.854534 0.701953 0.853583 0.691745 0.855676 0.683919 0.853393 0.674051
6 0.886678 0.845549 0.909693 0.842146 0.910834 0.852355 0.911975 0.859500 0.921675 0.871070 0.927191 0.872431 0.932517 0.871750 0.937082 0.865285 0.939174 0.861882 0.940695 0.856778 0.940886 0.846230 0.940695 0.840105 0.940695 0.833980 0.945831 0.833299 0.946972 0.825133 0.949064 0.807779 0.949254 0.791445 0.946401 0.783279 0.946782 0.768647 0.945260 0.755036 0.942407 0.745168 0.935750 0.741085 0.930425 0.736321 0.931756 0.730536 0.929854 0.718286 0.923767 0.716245 0.912165 0.716925 0.902085 0.718627 0.894857 0.716925 0.889722 0.710120 0.887629 0.700592 0.885918 0.693787 0.884396 0.693787 0.877739 0.692766 0.874125 0.692085 0.866707 0.691745 0.870511 0.694467 0.875266 0.697189 0.878690 0.703995 0.884016 0.710800 0.885347 0.715224 0.886869 0.722029 0.886678 0.730536 0.886298 0.738363 0.885537 0.745849 0.881163 0.752994 0.879260 0.760821 0.885157 0.762182 0.885537 0.774091 0.890102 0.775453 0.894667 0.794168 0.893526 0.808459 0.893716 0.819348 0.889912 0.832959 0.887059 0.835001
2 0.250974 0.767070 0.263984 0.743795 0.273158 0.734246 0.295175 0.730367 0.348883 0.722608 0.352553 0.727383 0.356222 0.738125 0.356389 0.750360 0.355555 0.761997 0.346214 0.759908 0.340710 0.761102 0.336373 0.759908 0.325532 0.751553 0.311855 0.750360 0.295175 0.749763 0.287002 0.751852 0.281331 0.756328 0.274159 0.761997 0.271156 0.767965 0.264651 0.775425 0.247972 0.772143
6 0.363149 0.816983 0.365153 0.822046 0.371403 0.822679 0.375649 0.820570 0.376356 0.813819 0.377653 0.804958 0.383667 0.804536 0.388502 0.803903 0.387795 0.795253 0.386026 0.787447 0.384611 0.782384 0.383550 0.778797 0.381073 0.773312 0.375059 0.764662 0.373054 0.761076 0.370932 0.756224 0.368809 0.751160 0.366215 0.748840 0.363502 0.747785 0.360318 0.747574 0.357960 0.747574 0.356191 0.747996 0.356191 0.751582 0.355483 0.762764 0.360908 0.766772 0.362087 0.773945 0.362795 0.798629 0.362795 0.812764
