11 0.498077 0.874167 0.494659 0.893276 0.492950 0.917737 0.498077 0.921559 0.499786 0.941433 0.505768 0.951370 0.517304 0.943726 0.519868 0.918501 0.527986 0.919266 0.525849 0.874931 0.664710 0.885633 0.668128 0.929203 0.671546 0.953663 0.680519 0.963600 0.689064 0.960542 0.690346 0.933025 0.697182 0.933025 0.694618 0.884868 0.696755 0.820660 0.692909 0.806136 0.689491 0.761802 0.689918 0.721290 0.687355 0.680013 0.685218 0.639500 0.684677 0.618992 0.680123 0.605271 0.677486 0.594980 0.672692 0.583402 0.668857 0.562391 0.662626 0.538378 0.659989 0.526371 0.655675 0.511792 0.653997 0.504074 0.644170 0.503645 0.633864 0.501501 0.634822 0.484778 0.633864 0.474057 0.633864 0.465910 0.630748 0.466768 0.628111 0.468912 0.628830 0.473629 0.627152 0.475773 0.577298 0.476630 0.566512 0.476630 0.561479 0.475773 0.555247 0.469769 0.551173 0.467625 0.550214 0.473629 0.552131 0.482205 0.554288 0.490781 0.551412 0.500643 0.550693 0.505789 0.534155 0.507504 0.531029 0.511199 0.527260 0.522036 0.525779 0.532633 0.520260 0.548769 0.518241 0.565627 0.514202 0.582967 0.513798 0.590674 0.508817 0.602234 0.503702 0.612831 0.501946 0.639979 0.500649 0.650105 0.500884 0.668671 0.501238 0.699051 0.500767 0.725844 0.498998 0.756857 0.498290 0.795675 0.498762 0.812764 0.494163 0.813819 0.493691 0.829852 0.493691 0.838291 0.491097 0.842300 0.490389 0.857489 0.491922 0.862553
6 0.096821 0.999606 0.104272 0.956716 0.108484 0.908610 0.110104 0.876733 0.111076 0.853549 0.107836 0.831525 0.101055 0.812701 0.099057 0.804477 0.098857 0.751913 0.098857 0.727955 0.095659 0.717228 0.093860 0.698992 0.095459 0.687192 0.094460 0.680398 0.082667 0.671458 0.062280 0.665379 0.044691 0.657155 0.035697 0.654295 0.021906 0.639276 0.008714 0.616034 0.000520 0.608882 0.000121 1.000000
11 0.239221 0.690578 0.239221 0.726962 0.241353 0.747208 0.246602 0.748088 0.246274 0.767161 0.249554 0.785060 0.254802 0.786820 0.259887 0.784473 0.262675 0.773323 0.265791 0.760706 0.282848 0.763640 0.297117 0.763933 0.301710 0.759238 0.311550 0.758358 0.314995 0.756304 0.314831 0.752196 0.329100 0.749849 0.328280 0.762759 0.334840 0.763933 0.335824 0.770682 0.343697 0.768628 0.344025 0.762759 0.347961 0.762759 0.348453 0.746621 0.346157 0.729309 0.342713 0.717572 0.343369 0.693512 0.344189 0.659768 0.341565 0.638349 0.334020 0.621037 0.325983 0.610180 0.298265 0.608419 0.253490 0.609006 0.241845 0.611941 0.242173 0.617222 0.246930 0.619863 0.240041 0.658008
6 0.997718 0.509823 0.876929 0.520926 0.853535 0.552529 0.838735 0.625984 0.835870 0.635380 0.815341 0.635380 0.807702 0.640505 0.809134 0.655879 0.825844 0.664420 0.831096 0.675524 0.822502 0.704564 0.822025 0.799373 0.825844 0.854037 0.825844 0.925785 0.829664 0.962512 0.855922 0.959096 0.862129 0.947138 0.860696 0.893328 0.922284 0.889057 1.000000 0.892469 1.000000 0.511531
6 0.804407 0.637338 0.758625 0.636097 0.744289 0.646438 0.737352 0.668776 0.735733 0.686564 0.728264 0.712763 0.727119 0.738622 0.727405 0.755776 0.730125 0.765249 0.736994 0.762945 0.736994 0.752960 0.742003 0.754240 0.741287 0.770882 0.745581 0.777027 0.754597 0.775747 0.755026 0.758592 0.821103 0.759817 0.822503 0.704430 0.830904 0.675762 0.825926 0.665186 0.809435 0.656558 0.807724 0.640693
6 0.727417 0.723734 0.712323 0.723945 0.712441 0.735970 0.706899 0.737236 0.703950 0.734072 0.703950 0.724156 0.703597 0.718249 0.700767 0.719093 0.701592 0.729641 0.697347 0.731118 0.697347 0.723734 0.697583 0.714873 0.697583 0.708333 0.697229 0.704747 0.696285 0.696941 0.695696 0.680485 0.702417 0.667827 0.706073 0.658122 0.709257 0.642300 0.710672 0.640612 0.716333 0.640401 0.749116 0.641245 0.749823 0.642089 0.744281 0.646308 0.737205 0.668671 0.735554 0.685970 0.728243 0.712764
6 0.015932 0.625402 0.080255 0.623189 0.112828 0.624664 0.149525 0.649007 0.161895 0.656384 0.190757 0.657121 0.188696 0.666711 0.193231 0.681464 0.194468 0.704332 0.196942 0.726461 0.200241 0.741214 0.168080 0.753017 0.166430 0.768508 0.159421 0.787687 0.146639 0.799490 0.136743 0.796539 0.129733 0.790638 0.126435 0.763344 0.121899 0.765557 0.119013 0.786949 0.106231 0.807604 0.100459 0.805391 0.099222 0.785474 0.099634 0.752279 0.096748 0.726461 0.095923 0.716872 0.095923 0.685890 0.095923 0.678513 0.082316 0.671137 0.064999 0.665973 0.044795 0.657121 0.035311 0.652695 0.021705 0.637205
6 0.037562 0.623513 0.049272 0.608896 0.063706 0.600126 0.077868 0.596228 0.097749 0.593304 0.105103 0.574790 0.135060 0.575764 0.187350 0.575764 0.189529 0.587458 0.206687 0.589407 0.218670 0.594279 0.223299 0.609383 0.229291 0.647387 0.230653 0.673210 0.232287 0.711214 0.232831 0.726805 0.228746 0.739961 0.215946 0.745807 0.189529 0.746782 0.200695 0.740935 0.197427 0.725344 0.194703 0.703906 0.193614 0.679057 0.188984 0.666876 0.189529 0.657132 0.162567 0.655670 0.148950 0.648361 0.112456 0.624487 0.079775 0.623026
6 0.209042 0.749579 0.211612 0.765667 0.229596 0.767505 0.236019 0.763368 0.237046 0.751878 0.239872 0.748660 0.240643 0.748201 0.239359 0.727058 0.238588 0.690747 0.239615 0.658573 0.246552 0.621342 0.243212 0.619044 0.242442 0.611231 0.252975 0.608932 0.298449 0.608473 0.293054 0.602498 0.283805 0.597901 0.277639 0.595144 0.274299 0.591926 0.273528 0.582734 0.227027 0.582734 0.193371 0.587330 0.207244 0.589628 0.218805 0.594684 0.224457 0.612150 0.230110 0.648001 0.231394 0.676958 0.231908 0.712809 0.233193 0.727977 0.229339 0.740387
6 0.348540 0.733592 0.354862 0.731625 0.358161 0.716872 0.374929 0.712938 0.383175 0.707528 0.383450 0.696217 0.380426 0.672120 0.379602 0.658843 0.374929 0.650974 0.372455 0.619993 0.358710 0.618025 0.336170 0.614091 0.328473 0.612616 0.335071 0.622943 0.341118 0.639172 0.344966 0.660318 0.344142 0.692775 0.343042 0.715888
6 0.385564 0.715080 0.388116 0.724213 0.393051 0.727258 0.399007 0.726344 0.402921 0.725431 0.405133 0.716298 0.413811 0.715385 0.418916 0.713254 0.424872 0.708992 0.425383 0.696206 0.425893 0.686464 0.425383 0.673069 0.423511 0.666067 0.417215 0.663327 0.407175 0.661196 0.401900 0.655107 0.391009 0.650541 0.384543 0.647497 0.380459 0.647192 0.375354 0.646583 0.373993 0.647497 0.375524 0.652672 0.379098 0.658761 0.380629 0.671547 0.382671 0.687682 0.383862 0.697728 0.383182 0.709296
6 0.425212 0.708687 0.435592 0.703816 0.441208 0.695597 0.440697 0.685246 0.440697 0.668807 0.439506 0.658456 0.431899 0.652426 0.427182 0.644620 0.426828 0.640190 0.422229 0.638713 0.413384 0.635549 0.373880 0.635549 0.374823 0.646308 0.380719 0.647363 0.384611 0.647996 0.390743 0.650738 0.402535 0.655591 0.407017 0.660865 0.417158 0.663608 0.423644 0.665295 0.425767 0.674156 0.425884 0.687447
11 0.425767 0.638924 0.453243 0.638713 0.460436 0.645042 0.465389 0.654747 0.466804 0.656646 0.464917 0.660654 0.466215 0.674156 0.467866 0.688080 0.467748 0.696308 0.467158 0.698840 0.463856 0.697785 0.462205 0.706646 0.455012 0.708122 0.452535 0.705169 0.452889 0.697574 0.439092 0.699262 0.441333 0.696308 0.441097 0.684705 0.440625 0.668038 0.439210 0.657489 0.431781 0.652848 0.426828 0.644831
11 0.500059 0.736181 0.496875 0.736603 0.494870 0.728586 0.495106 0.725422 0.493101 0.725211 0.491450 0.723734 0.491568 0.720570 0.488384 0.720992 0.488384 0.730485 0.486498 0.732384 0.484021 0.731118 0.482252 0.726055 0.482724 0.719726 0.481427 0.718460 0.480955 0.714662 0.480955 0.701582 0.480837 0.685549 0.481427 0.669304 0.482017 0.653059 0.481427 0.643776 0.480012 0.635338 0.480601 0.631118 0.482017 0.631329 0.483314 0.633017 0.483903 0.631751 0.484729 0.629008 0.486380 0.626055 0.488031 0.624789 0.502653 0.624578 0.502064 0.640612 0.500531 0.649684 0.501120 0.668882 0.501474 0.699262
