4 0.880143 0.840922 0.885384 0.842974 0.888823 0.844146 0.891444 0.843560 0.893409 0.841215 0.891116 0.835355 0.889151 0.828616 0.889642 0.823049 0.889642 0.815137 0.888823 0.800486 0.887677 0.779096 0.887677 0.755362 0.886694 0.742763 0.884074 0.732507 0.887841 0.736902 0.891444 0.739539 0.894883 0.734558 0.896194 0.726061 0.895866 0.718149 0.895375 0.708187 0.895211 0.701741 0.894392 0.699982 0.890297 0.699689 0.886203 0.698517 0.886530 0.689141 0.887677 0.678299 0.887022 0.664821 0.884565 0.656323 0.879160 0.654565 0.877889 0.651371 0.878597 0.642089 0.879068 0.637025 0.878007 0.631751 0.874941 0.628165 0.873408 0.625422 0.869634 0.626055 0.867040 0.627954 0.864800 0.630063 0.863620 0.635549 0.863149 0.640823 0.863267 0.647574 0.863031 0.651371 0.863149 0.653692 0.858667 0.655802 0.855366 0.659599 0.851356 0.666350 0.849233 0.676055 0.848290 0.684283 0.845932 0.693143 0.843337 0.701371 0.844163 0.705591 0.847936 0.706646 0.853243 0.705591 0.855601 0.704536 0.855601 0.708755 0.855837 0.713186 0.856191 0.716350 0.855012 0.721835 0.855012 0.732806 0.856781 0.746941 0.860083 0.762131 0.861851 0.775633 0.863384 0.788713 0.863149 0.799262 0.863502 0.807068 0.863620 0.814241 0.863031 0.821624 0.865625 0.822890 0.866097 0.828376 0.866450 0.830907 0.863856 0.836814 0.863267 0.839768 0.868337 0.844198 0.873290 0.843987 0.876592 0.843354
4 0.828597 0.833439 0.833432 0.834072 0.836851 0.834494 0.838267 0.835338 0.839446 0.832595 0.838502 0.830063 0.837677 0.827743 0.835908 0.822046 0.836380 0.814451 0.836733 0.809177 0.839446 0.798207 0.839800 0.780485 0.839446 0.768882 0.839446 0.754747 0.838974 0.743776 0.840861 0.734705 0.840743 0.728797 0.840153 0.716983 0.843691 0.715928 0.844634 0.710654 0.844634 0.706013 0.842512 0.698207 0.842040 0.690190 0.841450 0.684072 0.839210 0.677743 0.836262 0.670359 0.832724 0.666561 0.831309 0.665928 0.831191 0.662764 0.830366 0.656224 0.830366 0.650105 0.829304 0.642722 0.826946 0.639135 0.822229 0.638502 0.817630 0.639768 0.815153 0.642089 0.814210 0.645042 0.813856 0.648629 0.813620 0.652637 0.813856 0.660865 0.813974 0.665084 0.810554 0.666350 0.809257 0.668671 0.807724 0.670148 0.810672 0.670148 0.811380 0.676055 0.811026 0.679641 0.812323 0.688080 0.813031 0.700738 0.814446 0.727321 0.815035 0.736392 0.813031 0.738713 0.813031 0.744831 0.813974 0.753903 0.814328 0.763397 0.814682 0.775000 0.814682 0.789346 0.815389 0.802215 0.815271 0.819515 0.815979 0.829641 0.819517 0.833650 0.823054 0.835549 0.825531 0.834072 0.825649 0.825000 0.829540 0.830063
4 0.427064 0.773312 0.424116 0.775000 0.421875 0.777532 0.421875 0.778586 0.423526 0.779430 0.425884 0.780485 0.429186 0.780274 0.431899 0.780274 0.432606 0.777321 0.432134 0.772046 0.431427 0.769726 0.430955 0.765084 0.430837 0.760021 0.430837 0.756646 0.430719 0.753692 0.430719 0.751371 0.433903 0.750527 0.435318 0.754114 0.436851 0.761287 0.438974 0.766983 0.438974 0.771203 0.439328 0.775422 0.438031 0.777110 0.435908 0.777532 0.435200 0.779219 0.437441 0.779852 0.440979 0.780696 0.442748 0.779430 0.443573 0.776688 0.442866 0.771835 0.442630 0.768460 0.442394 0.764030 0.442276 0.761498 0.441922 0.760443 0.441097 0.754325 0.440035 0.750949 0.439917 0.748629 0.443455 0.748418 0.444752 0.749262 0.444517 0.742932 0.444045 0.736814 0.443337 0.731329 0.442866 0.725000 0.443219 0.718882 0.443337 0.712342 0.444163 0.707911 0.443927 0.700316 0.443573 0.692300 0.442630 0.687869 0.442512 0.683861 0.442040 0.680485 0.441215 0.676477 0.439682 0.673101 0.437913 0.670359 0.434729 0.671203 0.433550 0.673101 0.433314 0.676055 0.432724 0.679430 0.432842 0.683650 0.431073 0.684916 0.430719 0.686392 0.429186 0.690823 0.428715 0.692511 0.426828 0.700949 0.426474 0.711498 0.426002 0.717194 0.425295 0.719726 0.423408 0.724367 0.422111 0.733861 0.423526 0.742932 0.424587 0.749895 0.425295 0.755591 0.426356 0.765084
4 0.489446 0.729641 0.489092 0.742932 0.489446 0.749473 0.491215 0.750949 0.492748 0.748840 0.492630 0.744620 0.492512 0.739346 0.492748 0.735549 0.493455 0.728797 0.494634 0.735549 0.494634 0.743143 0.495696 0.747996 0.497818 0.748207 0.498054 0.745253 0.497347 0.741667 0.497229 0.736181 0.498054 0.731540 0.498526 0.725000 0.498998 0.717616 0.499116 0.708755 0.499941 0.700105 0.500767 0.696097 0.500295 0.686603 0.500295 0.682384 0.499705 0.679641 0.496050 0.676688 0.496167 0.670992 0.494988 0.665295 0.491215 0.664030 0.488974 0.668671 0.487087 0.673101 0.487205 0.674789 0.486026 0.678586 0.484493 0.682595 0.483078 0.689979 0.483667 0.696730 0.485200 0.696941 0.487087 0.694198 0.487441 0.696519 0.487087 0.701793
6 0.627036 0.879784 0.635414 0.882033 0.643374 0.879035 0.645678 0.872665 0.647563 0.859174 0.649657 0.848307 0.664110 0.846434 0.679191 0.846059 0.699718 0.846059 0.726528 0.847558 0.750406 0.846434 0.760670 0.846434 0.761927 0.858425 0.761089 0.867793 0.766744 0.877161 0.774494 0.878660 0.781197 0.878660 0.785595 0.874538 0.789575 0.870791 0.792926 0.865919 0.794811 0.854678 0.796487 0.849057 0.799629 0.841562 0.799629 0.806713 0.806331 0.805963 0.814081 0.804090 0.814919 0.789850 0.814919 0.772988 0.814500 0.765118 0.814081 0.754626 0.812825 0.744508 0.812825 0.737763 0.815757 0.737763 0.814710 0.729519 0.812615 0.702164 0.811777 0.684552 0.806331 0.668814 0.781616 0.667315 0.762585 0.629592 0.767291 0.621939 0.768146 0.615562 0.763441 0.606633 0.755883 0.591582 0.753174 0.588521 0.749609 0.588776 0.742907 0.583674 0.741339 0.590051 0.740341 0.593113 0.649366 0.590051 0.645231 0.595919 0.634251 0.599235 0.621703 0.614031 0.611009 0.642858 0.606874 0.663776 0.606191 0.666350 0.604894 0.662764 0.604776 0.654747 0.601356 0.656857 0.596639 0.661498 0.596875 0.668671 0.597936 0.674578 0.602771 0.682595 0.601474 0.684705 0.599116 0.689557 0.596521 0.698629 0.595696 0.708755 0.591097 0.710443 0.589328 0.719515 0.587677 0.728376 0.586969 0.742089 0.588620 0.749262 0.589092 0.754747 0.588502 0.760443 0.588031 0.767405 0.587559 0.773945 0.587087 0.785127 0.587323 0.796519 0.587795 0.808122 0.587559 0.816139 0.587441 0.823523 0.589917 0.834072 0.596993 0.839979 0.603715 0.838924 0.608667 0.837447 0.609257 0.832384 0.610200 0.823101 0.613149 0.816983 0.619163 0.821835 0.619281 0.828586 0.619399 0.836814 0.619163 0.845253 0.618691 0.851582 0.619163 0.860865 0.621521 0.870570 0.624705 0.878165
6 0.586969 0.804958 0.584611 0.811920 0.577889 0.814662 0.569281 0.815295 0.567276 0.813819 0.566686 0.808755 0.566686 0.800949 0.567158 0.792300 0.567394 0.783439 0.562677 0.783228 0.561851 0.789557 0.561851 0.792300 0.560554 0.797363 0.556073 0.798418 0.551828 0.798418 0.551002 0.796519 0.551120 0.788080 0.551120 0.782384 0.550649 0.777532 0.550531 0.772890 0.551120 0.765295 0.551592 0.758966 0.551828 0.755169 0.550649 0.749473 0.549941 0.743565 0.550531 0.737236 0.550767 0.734705 0.552182 0.730063 0.553597 0.726688 0.555012 0.723101 0.558667 0.718460 0.562441 0.712553 0.562559 0.711709 0.560908 0.710232 0.556427 0.710654 0.553243 0.710654 0.552653 0.706646 0.554304 0.702426 0.556663 0.699051 0.559729 0.699051 0.560200 0.702004 0.561144 0.705169 0.563267 0.705380 0.564917 0.699684 0.565389 0.695253 0.566333 0.691245 0.567630 0.687869 0.568809 0.684283 0.570578 0.679852 0.574116 0.673312 0.578715 0.666983 0.584611 0.662131 0.588856 0.659810 0.594163 0.659177 0.597936 0.659388 0.596639 0.660654 0.596993 0.668882 0.597936 0.675211 0.603243 0.683228 0.601238 0.685127 0.598998 0.688713 0.595932 0.699262 0.596050 0.707911 0.591097 0.710443 0.588974 0.719304 0.587323 0.729219 0.586616 0.742511 0.588502 0.750105 0.589092 0.756013 0.588738 0.761709 0.587795 0.770570 0.587559 0.777321 0.587323 0.789557 0.587087 0.800105
11 0.550884 0.779008 0.549705 0.782384 0.546167 0.783228 0.543927 0.776688 0.544399 0.769937 0.543691 0.768460 0.543219 0.761076 0.542983 0.751793 0.542983 0.746941 0.543337 0.738502 0.543927 0.731751 0.545460 0.722468 0.542512 0.722046 0.540507 0.724578 0.538502 0.722890 0.538267 0.718460 0.538620 0.712975 0.541568 0.711709 0.544281 0.711498 0.545578 0.713397 0.546757 0.711709 0.547111 0.706013 0.547583 0.699473 0.547700 0.692932 0.547818 0.693565 0.547818 0.688713 0.547583 0.682806 0.547818 0.676899 0.547936 0.671835 0.548290 0.664451 0.548408 0.658333 0.551946 0.653481 0.554894 0.651793 0.584847 0.654325 0.590271 0.654325 0.594163 0.656013 0.595342 0.658966 0.588502 0.660021 0.584257 0.661920 0.578243 0.666983 0.573644 0.673523 0.570106 0.680063 0.566804 0.690401 0.565035 0.700527 0.563267 0.705802 0.561144 0.705591 0.560436 0.701371 0.560083 0.698418 0.557017 0.698418 0.553597 0.703059 0.552535 0.706646 0.553479 0.709810 0.557252 0.710865 0.560908 0.710865 0.562441 0.712342 0.557842 0.718671 0.554776 0.722679 0.552771 0.729008 0.550884 0.735127 0.550531 0.741034 0.550059 0.746519 0.551592 0.753059 0.551946 0.759810 0.551356 0.768882
6 0.508903 0.705380 0.503125 0.713608 0.502064 0.722679 0.502889 0.733017 0.503007 0.739135 0.503243 0.745042 0.503715 0.747152 0.505719 0.748418 0.507606 0.744831 0.508550 0.744620 0.509139 0.749895 0.509375 0.752004 0.514917 0.752426 0.515743 0.747363 0.520342 0.746519 0.542748 0.746941 0.543573 0.738080 0.544281 0.731751 0.545578 0.722046 0.542276 0.721624 0.540861 0.724367 0.538620 0.722890 0.538267 0.718671 0.538384 0.713608 0.541097 0.712342 0.544281 0.711498 0.546050 0.714662 0.546639 0.711076 0.547700 0.702637 0.547583 0.696308 0.547583 0.687869 0.547936 0.683228 0.547111 0.680063 0.516686 0.679219 0.511851 0.686181 0.509493 0.694409 0.509729 0.699473
5 0.455719 0.728586 0.456545 0.733650 0.458314 0.734916 0.460672 0.734916 0.460554 0.730696 0.460200 0.727743 0.461380 0.726055 0.463974 0.724789 0.465153 0.719515 0.466568 0.715717 0.465979 0.711287 0.465625 0.710021 0.464564 0.707068 0.462441 0.703692 0.461616 0.701371 0.459257 0.701793 0.459139 0.699895 0.455601 0.699473 0.453361 0.702004 0.451828 0.702426 0.448172 0.702637 0.447229 0.708544 0.447347 0.716350 0.448408 0.719515 0.451120 0.721835 0.453833 0.722468 0.454068 0.724156 0.454186 0.726266
4 0.465625 0.708122 0.466804 0.688080 0.463974 0.686181 0.461380 0.683650 0.461851 0.676477 0.460908 0.673312 0.457370 0.672257 0.455719 0.673523 0.455837 0.679641 0.455837 0.683017 0.454304 0.684283 0.450059 0.684283 0.449116 0.692300 0.448880 0.696519 0.447818 0.699684 0.448054 0.702848 0.451592 0.702004 0.453479 0.702637 0.455837 0.699051 0.458432 0.699473 0.459139 0.701582 0.461380 0.701371 0.462441 0.703270 0.464092 0.706435
