4 0.837743 0.949442 0.846527 0.932548 0.859922 0.932156 0.861020 0.921548 0.858605 0.893654 0.856409 0.870868 0.855311 0.860653 0.853554 0.846117 0.852236 0.833545 0.851797 0.821367 0.852456 0.807616 0.855530 0.793473 0.861042 0.790327 0.864574 0.786925 0.867291 0.775987 0.868514 0.759946 0.870144 0.748765 0.870552 0.740745 0.871639 0.726647 0.870960 0.717411 0.869465 0.711821 0.864982 0.704530 0.860634 0.695780 0.857238 0.690675 0.853977 0.689460 0.849222 0.689217 0.846641 0.686057 0.843380 0.677308 0.838761 0.669773 0.835229 0.669287 0.833463 0.669287 0.834142 0.664912 0.836859 0.659565 0.838354 0.650086 0.837131 0.640363 0.835501 0.631613 0.833870 0.624565 0.831153 0.623836 0.824360 0.624079 0.819741 0.624565 0.814714 0.629426 0.811861 0.636718 0.812541 0.645954 0.812677 0.655919 0.812405 0.664669 0.813267 0.670148 0.813738 0.675844 0.816097 0.678376 0.818219 0.677532 0.820106 0.676477 0.820224 0.680485 0.819752 0.684072 0.817866 0.683650 0.817866 0.690401 0.818455 0.705802 0.817630 0.708544 0.816450 0.710443 0.815507 0.713608 0.815389 0.751582 0.816568 0.792300 0.819517 0.819304 0.821757 0.835127 0.823880 0.840190 0.826002 0.858755 0.829894 0.869937 0.831427 0.873312 0.831663 0.882806 0.834021 0.909177 0.834611 0.918038 0.834493 0.924578 0.832724 0.930907 0.831663 0.935759 0.827182 0.939979 0.824587 0.942300 0.828125 0.946941 0.833550 0.945886 0.835554 0.945886 0.835436 0.950738
4 0.768455 0.773523 0.769399 0.749262 0.771757 0.742511 0.771050 0.735759 0.771403 0.728586 0.773290 0.725844 0.775295 0.724156 0.775767 0.719093 0.775767 0.714662 0.774351 0.707700 0.774351 0.701371 0.773880 0.694620 0.773054 0.690823 0.772111 0.685338 0.772347 0.683228 0.775649 0.681329 0.777535 0.679852 0.785318 0.678797 0.788502 0.680907 0.790153 0.683017 0.794045 0.689135 0.796875 0.693354 0.798172 0.696308 0.800059 0.698418 0.801356 0.702004 0.801474 0.707911 0.801710 0.712342 0.802535 0.715506 0.803833 0.720570 0.804658 0.723523 0.806663 0.726266 0.809257 0.728797 0.810200 0.729641 0.811733 0.731329 0.814564 0.735338 0.815507 0.738080 0.815271 0.752637 0.816450 0.793143 0.819870 0.819093 0.820224 0.825422 0.818809 0.828165 0.814210 0.828165 0.812677 0.830485 0.812205 0.835970 0.810790 0.845253 0.810200 0.851582 0.811733 0.870359 0.811380 0.877743 0.810672 0.886814 0.810554 0.894831 0.811498 0.902215 0.811026 0.910021 0.811026 0.916772 0.812205 0.922468 0.814800 0.932595 0.814800 0.935759 0.808432 0.938080 0.801946 0.940823 0.791922 0.942089 0.788620 0.941456 0.788620 0.935338 0.789564 0.930063 0.793219 0.925422 0.795932 0.921203 0.794163 0.915717 0.794281 0.910232 0.794281 0.903903 0.792512 0.898629 0.792040 0.891667 0.791568 0.884494 0.791568 0.875844 0.791215 0.868460 0.788974 0.861920 0.786733 0.853903 0.785436 0.847574 0.784021 0.840401 0.783550 0.829852 0.779186 0.828376 0.780130 0.816983 0.779068 0.807700 0.776474 0.811287 0.774116 0.806857 0.772229 0.805169 0.770696 0.799262 0.769399 0.793565 0.769399 0.788291 0.769634 0.785549 0.769399 0.776688
5 0.628855 0.915924 0.634320 0.916300 0.639786 0.916300 0.642939 0.914044 0.646512 0.905770 0.647774 0.898249 0.650506 0.883959 0.651137 0.874933 0.650506 0.867788 0.652639 0.867512 0.658360 0.866582 0.662000 0.866814 0.663820 0.869838 0.664600 0.878212 0.667851 0.884725 0.672531 0.894029 0.675522 0.894726 0.683193 0.892866 0.686183 0.886585 0.687873 0.882864 0.688783 0.878444 0.690343 0.872629 0.691774 0.866116 0.692814 0.858208 0.694244 0.850532 0.693984 0.837274 0.694374 0.833785 0.695024 0.829830 0.696844 0.824713 0.698014 0.817735 0.698144 0.809361 0.697364 0.804011 0.694894 0.798894 0.691644 0.796336 0.690473 0.791916 0.689433 0.785171 0.687353 0.774238 0.688003 0.764236 0.688913 0.755398 0.687093 0.749350 0.688393 0.741674 0.688523 0.734696 0.686703 0.727253 0.685793 0.721205 0.688523 0.716320 0.700485 0.704225 0.702565 0.700503 0.700745 0.692362 0.701525 0.684919 0.700875 0.678871 0.698925 0.675847 0.695284 0.676080 0.692684 0.680267 0.691254 0.685617 0.691514 0.691897 0.692424 0.695153 0.695544 0.696084 0.696454 0.696549 0.700355 0.694921 0.701265 0.699108 0.700745 0.701666 0.696714 0.706086 0.688653 0.710738 0.685793 0.712599 0.678382 0.710738 0.671491 0.709807 0.631056 0.717251 0.627286 0.721205 0.628456 0.731905 0.628326 0.733998 0.627286 0.735859 0.620395 0.735859 0.617404 0.738185 0.617664 0.743302 0.617664 0.747722 0.614154 0.748652 0.609083 0.746326 0.604273 0.749350 0.605703 0.753072 0.607523 0.754235 0.609994 0.756793 0.612724 0.756793 0.616104 0.756561 0.618965 0.757956 0.620525 0.762143 0.619745 0.767028 0.619095 0.774238 0.618835 0.782612 0.615974 0.783310 0.615194 0.788194 0.615454 0.793079 0.615844 0.798662 0.616364 0.800522 0.617664 0.802383 0.617014 0.807733 0.617925 0.810524 0.620135 0.813781 0.620005 0.820759 0.620135 0.826341 0.620655 0.830528 0.620135 0.832389 0.618705 0.832156 0.615714 0.832156 0.615064 0.837739 0.617925 0.838902 0.619095 0.838902 0.618315 0.843321 0.618315 0.852160 0.618445 0.859371 0.618575 0.866349 0.618575 0.878677 0.618965 0.891005 0.620915 0.901472 0.626766 0.912172
4 0.639455 0.743365 0.632456 0.736015 0.628043 0.729481 0.626978 0.718593 0.629108 0.707432 0.628652 0.695182 0.623783 0.693276 0.622565 0.691643 0.620740 0.687560 0.620892 0.680210 0.623326 0.675037 0.625152 0.667960 0.625609 0.663604 0.627282 0.658160 0.629413 0.653260 0.632608 0.647543 0.635651 0.642371 0.636412 0.633932 0.636260 0.626854 0.636260 0.619232 0.636716 0.611882 0.637477 0.602899 0.637629 0.598816 0.644477 0.594733 0.650411 0.592283 0.654367 0.594460 0.657106 0.596638 0.661214 0.603444 0.663192 0.608616 0.665170 0.616510 0.664410 0.623860 0.664410 0.632571 0.664714 0.637471 0.664866 0.641827 0.664714 0.647271 0.666236 0.649721 0.669735 0.654893 0.672474 0.660882 0.674757 0.663604 0.678104 0.668504 0.683278 0.678032 0.686929 0.682387 0.688603 0.687832 0.690429 0.692732 0.692407 0.700082 0.694385 0.703893 0.696363 0.706887 0.696972 0.713420 0.696668 0.721315 0.693777 0.726215 0.690035 0.726899 0.686026 0.728165 0.684611 0.730485 0.685554 0.738924 0.687441 0.748840 0.687205 0.756224 0.687323 0.763608 0.687677 0.772046 0.687913 0.779852 0.689210 0.786603 0.689917 0.796308 0.689210 0.803692 0.688384 0.811498 0.686851 0.818882 0.687205 0.826899 0.684965 0.834705 0.683196 0.840190 0.683550 0.842722 0.684493 0.844409 0.685318 0.846941 0.684493 0.850949 0.676710 0.851582 0.670342 0.846519 0.670224 0.834916 0.667630 0.824367 0.667630 0.813819 0.668101 0.804114 0.667983 0.793565 0.665271 0.781962 0.659847 0.773523 0.657134 0.763608 0.655366 0.755169 0.653950 0.750527 0.652182 0.751371 0.645578 0.749473 0.642630 0.747363 0.640743 0.743776
4 0.000397 0.580211 0.006235 0.581464 0.010438 0.587730 0.010905 0.596503 0.011139 0.605694 0.011372 0.614049 0.011606 0.621151 0.010905 0.634938 0.010205 0.638280 0.013240 0.639533 0.019312 0.646217 0.021413 0.651648 0.022581 0.662928 0.024215 0.673790 0.024449 0.693007 0.024916 0.718072 0.025383 0.733112 0.023048 0.744392 0.024682 0.749822 0.025383 0.756089 0.025383 0.766951 0.025616 0.776142 0.025149 0.783661 0.022114 0.787421 0.016276 0.788674 0.013707 0.781990 0.015108 0.780319 0.015108 0.775724 0.013941 0.771964 0.011839 0.770711 0.010905 0.775724 0.011139 0.783661 0.011139 0.794523 0.011372 0.803714 0.012306 0.823349 0.011606 0.833375 0.012073 0.847997 0.012540 0.858441 0.013474 0.869721 0.012306 0.882671 0.012306 0.891862 0.016042 0.912750 0.016276 0.927372 0.017677 0.940323 0.016509 0.945336 0.015108 0.951184 0.009971 0.951602 0.002265 0.951602 0.000000 0.949287
11 0.419517 0.746308 0.426474 0.746097 0.426946 0.749051 0.426710 0.751793 0.428950 0.751793 0.429068 0.748840 0.428715 0.747152 0.433550 0.746097 0.433903 0.748418 0.434493 0.750105 0.435908 0.752004 0.437441 0.752215 0.437559 0.748418 0.437559 0.744620 0.437559 0.742511 0.437441 0.740190 0.437441 0.735127 0.437677 0.720992 0.437323 0.713397 0.436733 0.708544 0.434965 0.704114 0.433196 0.702637 0.419045 0.703903 0.417158 0.708122 0.417158 0.712131 0.416804 0.718671 0.416804 0.725422 0.417512 0.731540 0.416804 0.735759 0.415743 0.735970 0.414210 0.738924 0.414328 0.742932 0.415507 0.743776 0.415625 0.746519 0.415861 0.749051 0.416215 0.751582 0.417630 0.752637 0.418573 0.750527 0.418455 0.747574
4 0.573880 0.723312 0.573172 0.741456 0.573172 0.760443 0.572465 0.771624 0.572111 0.776688 0.570578 0.781962 0.570696 0.784916 0.573054 0.786181 0.575177 0.785759 0.575649 0.783650 0.576238 0.780696 0.577182 0.776899 0.578125 0.773734 0.579422 0.769937 0.580130 0.765928 0.580366 0.762553 0.580366 0.758966 0.582134 0.741245 0.582724 0.731751 0.584257 0.755169 0.586144 0.765295 0.586380 0.772046 0.586380 0.777110 0.586733 0.781540 0.588856 0.782173 0.592276 0.782173 0.594870 0.778797 0.592630 0.776266 0.592276 0.773523 0.592040 0.768671 0.591804 0.764873 0.591568 0.756224 0.591686 0.748629 0.591568 0.739557 0.591804 0.730696 0.592630 0.724367 0.592394 0.718671 0.592394 0.710443 0.591922 0.699895 0.592158 0.693354 0.592158 0.691878 0.594634 0.692300 0.595932 0.691878 0.597229 0.689768 0.597465 0.684705 0.596285 0.677954 0.591686 0.673312 0.589917 0.670992 0.588502 0.664030 0.588031 0.657278 0.586380 0.656224 0.582134 0.655802 0.578833 0.655802 0.577300 0.662764 0.574705 0.669726 0.573408 0.676266 0.570814 0.681962 0.567276 0.686603 0.566333 0.689768 0.569634 0.695464 0.576474 0.698418 0.576238 0.700949 0.574941 0.706646 0.573408 0.717616
6 0.455248 0.749262 0.455012 0.756013 0.456309 0.760654 0.459729 0.759810 0.460790 0.754958 0.460908 0.752637 0.474705 0.751371 0.481781 0.752848 0.487205 0.752637 0.487205 0.756857 0.488384 0.759388 0.491215 0.760021 0.492866 0.757700 0.493337 0.754747 0.493455 0.750738 0.493573 0.746941 0.494045 0.742511 0.495578 0.737236 0.495460 0.734494 0.495578 0.727743 0.495696 0.719726 0.495224 0.716772 0.494281 0.708966 0.492983 0.705802 0.490507 0.703692 0.486262 0.702637 0.463856 0.702215 0.461616 0.704958 0.460672 0.709388 0.459847 0.712764 0.460083 0.716772 0.459257 0.720359 0.457724 0.724789 0.456309 0.726899 0.455130 0.730274 0.454776 0.733650 0.455130 0.738080 0.455601 0.742722
4 0.510790 0.763608 0.514682 0.760865 0.514328 0.750316 0.514564 0.743354 0.515271 0.734494 0.515389 0.727532 0.515389 0.722468 0.515389 0.717827 0.515625 0.711920 0.516097 0.708122 0.516215 0.703059 0.515861 0.697996 0.513974 0.693565 0.512795 0.691878 0.511026 0.687658 0.510790 0.685127 0.510790 0.680485 0.509729 0.676899 0.506073 0.676055 0.503715 0.678376 0.503361 0.681540 0.505012 0.687658 0.506073 0.692511 0.505601 0.696730 0.504658 0.700738 0.504422 0.703692 0.504422 0.710232 0.504186 0.717827 0.503950 0.722890 0.506073 0.723945 0.505955 0.727743 0.506191 0.737025 0.506899 0.743143 0.506309 0.749473 0.507724 0.754536
6 0.251946 0.773945 0.248998 0.764030 0.248644 0.757911 0.249233 0.748418 0.249233 0.741667 0.250767 0.737025 0.252300 0.737236 0.254776 0.733861 0.255366 0.731329 0.256545 0.727110 0.257017 0.723101 0.257017 0.718038 0.258078 0.712131 0.260672 0.708333 0.263620 0.705380 0.266686 0.701582 0.265507 0.698418 0.264446 0.693987 0.263267 0.689346 0.276710 0.689135 0.284375 0.688713 0.294163 0.687658 0.294870 0.690823 0.294517 0.693565 0.293691 0.697574 0.294634 0.702215 0.296993 0.702848 0.299469 0.705591 0.300177 0.709388 0.299941 0.717827 0.301946 0.720992 0.303361 0.722679 0.306899 0.727321 0.307488 0.731118 0.308785 0.731962 0.310908 0.735759 0.312323 0.739135 0.311616 0.742722 0.310436 0.744198 0.311851 0.750738 0.311616 0.755591 0.311262 0.762975 0.310790 0.766561 0.309021 0.767827 0.305837 0.768671 0.304894 0.767194 0.303361 0.758122 0.302064 0.755169 0.298762 0.756646 0.299351 0.760654 0.299469 0.764030 0.299587 0.769093 0.296875 0.772468 0.293101 0.772468 0.290743 0.771835 0.288620 0.766772 0.282842 0.767616 0.278125 0.767194 0.269752 0.767405 0.259139 0.766561 0.258314 0.770781 0.253125 0.775844
6 0.375059 0.746308 0.382134 0.745042 0.383078 0.748207 0.385200 0.751582 0.389328 0.751582 0.390625 0.749262 0.390743 0.747996 0.390743 0.745886 0.389564 0.741245 0.389210 0.738502 0.389210 0.735759 0.390389 0.731962 0.389682 0.727532 0.390625 0.724789 0.391450 0.722257 0.390625 0.718460 0.389210 0.717827 0.387795 0.717827 0.386969 0.717405 0.385318 0.715295 0.383667 0.712553 0.380955 0.712553 0.378479 0.712764 0.373526 0.712342 0.367394 0.714241 0.366450 0.716561 0.364446 0.721414 0.360436 0.724367 0.360318 0.726688 0.361380 0.730274 0.363620 0.731962 0.363974 0.736392 0.363620 0.741456 0.363502 0.745675 0.364328 0.749051 0.365389 0.749473 0.369752 0.748418
8 0.454894 0.743143 0.446403 0.742722 0.446521 0.744409 0.446757 0.747363 0.444281 0.747785 0.444163 0.744831 0.443455 0.744831 0.442512 0.746097 0.442276 0.747785 0.440271 0.747363 0.439917 0.741456 0.439092 0.736603 0.438856 0.732384 0.438856 0.727532 0.439328 0.722046 0.439917 0.715506 0.441215 0.708966 0.441922 0.703692 0.442983 0.699262 0.444752 0.698418 0.449469 0.699051 0.454894 0.699895 0.460318 0.700738 0.460908 0.705802 0.460554 0.709810 0.459847 0.712975 0.459847 0.717827 0.458785 0.720781 0.458432 0.723523 0.455601 0.728376 0.455248 0.731751 0.454894 0.737869
