11 0.525142 0.909402 0.526032 0.921742 0.528035 0.928111 0.535377 0.928111 0.539382 0.926519 0.539605 0.916965 0.540272 0.905422 0.542052 0.893082 0.544277 0.862033 0.581212 0.863227 0.584105 0.873975 0.597455 0.882334 0.613030 0.882732 0.629494 0.882334 0.647739 0.879150 0.656862 0.877956 0.659087 0.897460 0.658642 0.921344 0.662647 0.925722 0.671324 0.923732 0.675329 0.919752 0.676664 0.898655 0.677332 0.896266 0.678889 0.879150 0.680447 0.862033 0.680892 0.854868 0.680892 0.845315 0.679334 0.837354 0.678889 0.830189 0.678667 0.819839 0.677109 0.770480 0.675107 0.756946 0.672882 0.746995 0.671547 0.730276 0.671992 0.722315 0.671769 0.712762 0.671102 0.700422 0.670212 0.689674 0.669544 0.681713 0.667097 0.669373 0.665317 0.656636 0.663537 0.649471 0.661534 0.643102 0.656639 0.628374 0.655082 0.622403 0.650854 0.607276 0.645069 0.587772 0.643512 0.575034 0.635502 0.568665 0.631719 0.561102 0.630384 0.556723 0.623710 0.549956 0.621262 0.545976 0.610360 0.547568 0.609247 0.549160 0.609692 0.554335 0.607690 0.555131 0.589222 0.557121 0.580990 0.559510 0.570087 0.559112 0.565192 0.556723 0.562967 0.549558 0.562745 0.546772 0.557182 0.541995 0.554512 0.542791 0.554512 0.546374 0.554735 0.550752 0.550062 0.553937 0.543387 0.555529 0.538492 0.554733 0.532262 0.563490 0.531817 0.569461 0.532040 0.576228 0.528925 0.589762 0.528702 0.613645 0.527812 0.624791 0.526477 0.636733 0.524920 0.649073 0.524920 0.690869 0.524030 0.704801 0.522027 0.735053 0.523807 0.760529 0.523362 0.771276 0.520692 0.785606 0.519357 0.794762 0.519135 0.804315 0.518467 0.815859 0.519580 0.824218 0.523585 0.830587 0.522250 0.838946 0.521805 0.842130 0.520025 0.850888 0.524697 0.862033 0.527145 0.862431 0.526477 0.873577 0.525810 0.887907 0.525365 0.898257
6 0.972119 0.989753 0.964960 0.965642 0.955273 0.955093 0.944744 0.953586 0.928740 0.948312 0.911472 0.941531 0.902628 0.936257 0.896311 0.930983 0.883255 0.923448 0.867251 0.919681 0.851668 0.917420 0.845772 0.916667 0.843666 0.928722 0.838612 0.940024 0.816506 0.940963 0.812640 0.932893 0.810706 0.917137 0.808988 0.901766 0.809131 0.878993 0.804498 0.869952 0.796496 0.866184 0.796075 0.845087 0.796917 0.827758 0.797338 0.810428 0.796496 0.791591 0.797338 0.759192 0.804077 0.741863 0.810613 0.731329 0.820283 0.726899 0.830307 0.722679 0.840212 0.716561 0.848113 0.713186 0.850404 0.689873 0.856244 0.675040 0.860933 0.663502 0.872354 0.644682 0.879117 0.631240 0.887220 0.616743 0.893784 0.609253 0.899259 0.597951 0.910158 0.585503 0.921113 0.578586 0.942217 0.567058 0.955051 0.564367 0.975672 0.562061 0.997389 0.559524 1.000000 0.561392 1.000000 0.998794 0.982412 1.000000 0.973383 0.999548
6 0.710205 0.815869 0.708631 0.836755 0.708368 0.854355 0.712435 0.867497 0.721092 0.871721 0.728569 0.870782 0.735128 0.867262 0.736702 0.846611 0.739325 0.834173 0.755853 0.834408 0.774217 0.835816 0.786416 0.834643 0.796648 0.828541 0.797435 0.810706 0.796254 0.792636 0.797566 0.759313 0.803862 0.741478 0.809896 0.731856 0.821177 0.726928 0.830622 0.722000 0.839672 0.715899 0.847936 0.713083 0.850166 0.689615 0.856856 0.674362 0.861054 0.664036 0.871941 0.645497 0.874302 0.631182 0.873777 0.593400 0.869186 0.571106 0.860660 0.566412 0.841378 0.562658 0.836319 0.559504 0.840717 0.550161 0.744233 0.550653 0.726640 0.562947 0.725266 0.575241 0.716470 0.578684 0.710954 0.589914 0.698226 0.600964 0.693920 0.615699 0.688866 0.634787 0.685310 0.653205 0.682689 0.665595 0.681192 0.673297 0.680069 0.667604 0.679320 0.658228 0.675015 0.656219 0.668276 0.655214 0.664533 0.659902 0.665843 0.670283 0.668276 0.678320 0.674266 0.679995 0.676138 0.687027 0.672582 0.685353 0.671646 0.693724 0.672020 0.708459 0.672394 0.717501 0.671833 0.727212 0.671271 0.738263 0.673330 0.751323 0.676138 0.762708 0.678571 0.770745 0.678384 0.778448 0.678571 0.812270 0.679133 0.829683 0.682877 0.838055 0.689054 0.838055 0.690738 0.830688 0.691487 0.825330 0.692797 0.813609
11 0.424882 0.757489 0.428302 0.757489 0.427948 0.752004 0.428538 0.749051 0.431132 0.747785 0.433137 0.747996 0.434670 0.751793 0.435495 0.753692 0.436203 0.758333 0.437972 0.758755 0.439033 0.757700 0.439623 0.754747 0.439976 0.750527 0.440330 0.748840 0.448231 0.748418 0.454245 0.748629 0.456486 0.748840 0.456958 0.755802 0.457193 0.758122 0.459906 0.758122 0.461203 0.755591 0.461321 0.747785 0.461085 0.741667 0.461439 0.735127 0.462500 0.727532 0.460849 0.709388 0.460024 0.702848 0.458608 0.693565 0.457547 0.687658 0.454363 0.680696 0.452123 0.675844 0.450825 0.675422 0.448349 0.675211 0.443514 0.675211 0.432311 0.675844 0.427948 0.676266 0.424292 0.676688 0.423231 0.683650 0.423113 0.689768 0.422995 0.699262 0.422877 0.701160 0.420873 0.700105 0.419104 0.702215 0.419222 0.707489 0.420991 0.710865 0.422642 0.707700 0.423113 0.708544 0.424175 0.715928 0.424410 0.723945 0.424410 0.728586 0.423585 0.737869 0.423585 0.742089 0.423585 0.747574 0.423821 0.754958
11 0.462146 0.734705 0.470165 0.733650 0.470047 0.735549 0.470873 0.738713 0.472877 0.742300 0.475472 0.741245 0.475000 0.738502 0.475825 0.733228 0.476415 0.729852 0.473939 0.721203 0.473703 0.715506 0.473585 0.711498 0.473231 0.707278 0.472995 0.703481 0.472642 0.699684 0.472288 0.695464 0.471698 0.691456 0.471108 0.686181 0.470283 0.682806 0.469340 0.679430 0.468396 0.676688 0.466156 0.676477 0.463325 0.676266 0.453656 0.675633 0.452005 0.675422 0.454245 0.681329 0.457547 0.687658 0.458962 0.694409 0.460024 0.705169 0.461085 0.710654 0.462618 0.728165
11 0.475118 0.720781 0.479363 0.720570 0.479953 0.725211 0.481958 0.726055 0.482901 0.723312 0.483373 0.720781 0.485259 0.718249 0.488561 0.718249 0.489269 0.723312 0.491038 0.725211 0.491156 0.721203 0.491156 0.719304 0.491745 0.718249 0.494929 0.718038 0.495637 0.717194 0.496934 0.720359 0.498467 0.722257 0.499292 0.715928 0.499646 0.710443 0.500000 0.702004 0.500000 0.696941 0.499882 0.693354 0.499175 0.688502 0.496462 0.686603 0.491745 0.684072 0.482193 0.683017 0.476297 0.685759 0.474175 0.688080 0.473939 0.696308 0.472995 0.702215 0.473585 0.707278 0.473939 0.716561 0.473821 0.720992
6 0.504363 0.730274 0.505542 0.734705 0.508137 0.735549 0.508137 0.731540 0.508137 0.728797 0.522406 0.728376 0.524057 0.704325 0.524764 0.691245 0.519458 0.691667 0.513443 0.691456 0.509316 0.692300 0.507429 0.693565 0.506840 0.701793 0.505660 0.706013 0.504717 0.712553 0.504599 0.722679
6 0.000395 0.875772 0.009318 0.875146 0.018417 0.870450 0.023840 0.863877 0.030139 0.855739 0.032938 0.850731 0.037662 0.849792 0.046935 0.845722 0.057083 0.840714 0.068106 0.832889 0.071605 0.826629 0.077554 0.821933 0.086652 0.810978 0.091376 0.800336 0.091901 0.792510 0.091376 0.780303 0.089801 0.755262 0.090151 0.744619 0.089276 0.733977 0.089801 0.725526 0.088576 0.715822 0.087177 0.707058 0.091726 0.701111 0.090676 0.694850 0.086127 0.690781 0.081578 0.692346 0.075454 0.679513 0.070030 0.668870 0.064956 0.661671 0.065656 0.656976 0.068281 0.652281 0.060058 0.649150 0.049910 0.650090 0.041512 0.649463 0.020691 0.649463 0.000000 0.648269
6 0.079478 0.823498 0.080703 0.827881 0.087702 0.828507 0.092950 0.829133 0.098024 0.827881 0.103973 0.825690 0.106772 0.823498 0.108697 0.818490 0.109222 0.811917 0.110272 0.808161 0.110272 0.799710 0.109922 0.795014 0.114296 0.793136 0.121819 0.791884 0.125493 0.787815 0.126893 0.781242 0.126543 0.773103 0.125668 0.764026 0.125143 0.758705 0.124094 0.750880 0.123744 0.744932 0.123394 0.739611 0.121119 0.730847 0.120070 0.723021 0.119195 0.715509 0.118145 0.710188 0.116220 0.704554 0.095225 0.671687 0.084552 0.666053 0.076504 0.665740 0.071080 0.666992 0.069505 0.668244 0.076154 0.680765 0.081753 0.692972 0.085602 0.690155 0.090326 0.694537 0.091026 0.698919 0.087352 0.706119 0.088926 0.717074 0.089626 0.727717 0.089276 0.733664 0.090676 0.746497 0.089801 0.755888 0.091201 0.778738 0.092251 0.793762 0.090851 0.802840 0.088226 0.810039
6 0.123113 0.795464 0.177476 0.789979 0.178892 0.791878 0.182783 0.797574 0.185731 0.798840 0.191274 0.805802 0.196698 0.805802 0.201651 0.805169 0.206958 0.804114 0.211321 0.803692 0.214505 0.801160 0.215802 0.796519 0.217689 0.789135 0.219222 0.779430 0.226533 0.780274 0.234316 0.777743 0.238679 0.774367 0.239387 0.764662 0.238325 0.755802 0.235967 0.749051 0.235259 0.746519 0.234316 0.739135 0.233491 0.732173 0.232901 0.724789 0.233373 0.715717 0.233844 0.709388 0.228184 0.706435 0.220873 0.702426 0.200943 0.681540 0.194929 0.679219 0.182665 0.677954 0.170755 0.678797 0.154009 0.678586 0.129717 0.683861 0.122759 0.686392 0.117453 0.689135 0.110495 0.692722 0.109788 0.694831 0.116509 0.704958 0.118160 0.710021 0.119458 0.715928 0.119811 0.723312 0.121344 0.731540 0.123585 0.739979 0.124057 0.752004 0.125118 0.759599 0.125825 0.764662 0.126887 0.773734 0.126887 0.781540 0.125118 0.788924
6 0.237736 0.776899 0.246462 0.774789 0.248821 0.778797 0.249882 0.782173 0.255778 0.783650 0.261085 0.784072 0.264741 0.783861 0.268278 0.782173 0.271108 0.780063 0.272052 0.778586 0.273231 0.774367 0.273703 0.772257 0.277123 0.772257 0.281132 0.772046 0.283608 0.771624 0.283373 0.762764 0.282429 0.752848 0.281722 0.741667 0.279835 0.726899 0.278774 0.715928 0.274292 0.708966 0.272524 0.706224 0.270283 0.702004 0.267807 0.699051 0.264741 0.695886 0.261321 0.693143 0.254481 0.692089 0.250825 0.692089 0.244693 0.691878 0.239033 0.692511 0.233726 0.692932 0.224057 0.693987 0.218750 0.694198 0.214858 0.694409 0.214387 0.695253 0.221226 0.702637 0.228892 0.706435 0.233491 0.708966 0.233373 0.716139 0.232547 0.725422 0.233491 0.733017 0.233962 0.740401 0.235495 0.748207 0.238325 0.755802 0.239151 0.764241
6 0.284906 0.772257 0.288325 0.772468 0.291863 0.772679 0.294104 0.769937 0.295991 0.764873 0.296462 0.758966 0.301769 0.758544 0.310142 0.757700 0.311321 0.755802 0.311203 0.746730 0.309316 0.730696 0.307193 0.715295 0.306486 0.701371 0.305425 0.694409 0.303302 0.680063 0.302358 0.674156 0.304717 0.667827 0.302123 0.666983 0.287028 0.667405 0.243396 0.668882 0.234198 0.669304 0.226179 0.670570 0.218396 0.676688 0.213208 0.678797 0.209906 0.682595 0.208726 0.689135 0.215330 0.694620 0.224057 0.693987 0.233844 0.693143 0.251179 0.691878 0.254127 0.692089 0.261085 0.691878 0.265094 0.695886 0.270047 0.701160 0.278892 0.716139 0.280307 0.727110 0.282193 0.741245 0.283137 0.752426 0.283608 0.770992
6 0.310849 0.758333 0.314858 0.758122 0.316392 0.760865 0.320519 0.765295 0.326533 0.767194 0.330660 0.766983 0.333962 0.765084 0.336675 0.761287 0.337618 0.759388 0.339976 0.752637 0.340566 0.748840 0.340920 0.747152 0.345637 0.743987 0.347052 0.739768 0.347288 0.735127 0.347288 0.729430 0.347052 0.725000 0.347052 0.720992 0.346698 0.718671 0.345991 0.717194 0.342689 0.711498 0.340448 0.707700 0.338915 0.705591 0.334552 0.700105 0.330542 0.695464 0.327476 0.691034 0.325472 0.690401 0.320165 0.689346 0.308137 0.689346 0.305778 0.689979 0.304717 0.690401 0.305542 0.694831 0.306722 0.700738 0.307193 0.716139 0.309434 0.731118 0.311557 0.746730
6 0.346934 0.744198 0.363443 0.742300 0.367335 0.743143 0.368868 0.748207 0.371226 0.750316 0.373113 0.751371 0.379953 0.750949 0.383491 0.748418 0.384788 0.746519 0.384906 0.744620 0.385142 0.742511 0.386321 0.736181 0.387028 0.728797 0.387382 0.723101 0.387972 0.718882 0.388208 0.714662 0.387382 0.705380 0.385731 0.703270 0.383019 0.698840 0.379481 0.694831 0.377241 0.692511 0.375118 0.690612 0.341274 0.691878 0.329835 0.693776 0.331132 0.694831 0.334434 0.699684 0.339033 0.704325 0.340212 0.707068 0.343160 0.711076 0.346698 0.717194 0.346934 0.721835 0.347406 0.728165 0.347052 0.738080
6 0.385731 0.742511 0.387736 0.746519 0.393868 0.746519 0.395401 0.743776 0.396226 0.739557 0.397052 0.733017 0.397995 0.731329 0.400236 0.730485 0.407193 0.727743 0.408019 0.732806 0.412618 0.736603 0.418396 0.737025 0.422524 0.732384 0.423113 0.725844 0.423349 0.717827 0.421816 0.714241 0.420165 0.709599 0.419340 0.708333 0.414741 0.707700 0.412854 0.707489 0.410259 0.707489 0.404363 0.703481 0.403538 0.702004 0.402123 0.698207 0.399175 0.693354 0.396816 0.690401 0.395165 0.689346 0.393986 0.688924 0.391038 0.688291 0.387618 0.687658 0.382311 0.687447 0.379599 0.687447 0.376651 0.687658 0.373467 0.687447 0.366392 0.686814 0.362972 0.686392 0.360495 0.686392 0.356958 0.686392 0.353302 0.686392 0.350825 0.688080 0.348821 0.689346 0.348821 0.691245 0.375590 0.690401 0.379717 0.694831 0.383137 0.698840 0.385495 0.702848 0.387146 0.705169 0.388325 0.714241 0.387618 0.722046 0.387146 0.729430 0.386321 0.736814
6 0.366156 0.686814 0.369222 0.685127 0.375825 0.684494 0.379481 0.684494 0.386439 0.682806 0.395991 0.681751 0.403538 0.681751 0.404481 0.682173 0.405071 0.685127 0.406250 0.689135 0.409434 0.692722 0.416156 0.692511 0.421698 0.692932 0.422995 0.692722 0.422995 0.698207 0.422877 0.700527 0.421934 0.700527 0.419458 0.700105 0.418868 0.702004 0.419458 0.706224 0.419458 0.708122 0.414623 0.707700 0.412146 0.707278 0.410259 0.707700 0.404717 0.703481 0.403656 0.702426 0.402123 0.697152 0.399528 0.692722 0.396816 0.690401 0.395637 0.689346 0.391863 0.687658 0.387972 0.687869 0.381722 0.687236 0.380307 0.687236 0.375825 0.687447 0.372877 0.686814
