4 0.650531 0.730485 0.654186 0.749473 0.655601 0.759177 0.656191 0.767616 0.654658 0.770359 0.652064 0.773312 0.650649 0.776055 0.654304 0.777532 0.659493 0.777743 0.661498 0.776688 0.661616 0.775000 0.662323 0.772468 0.662087 0.769093 0.662441 0.758333 0.662441 0.751160 0.662205 0.742300 0.661969 0.736814 0.666097 0.730907 0.666333 0.726899 0.666333 0.720992 0.665979 0.712764 0.665507 0.707278 0.664682 0.700316 0.663384 0.695253 0.661498 0.688924 0.660083 0.681540 0.658196 0.675633 0.657017 0.669515 0.655601 0.664662 0.654186 0.661709 0.652182 0.661498 0.649823 0.661709 0.648762 0.664451 0.648172 0.667194 0.647583 0.671414 0.647583 0.677110 0.647229 0.679008 0.646050 0.682806 0.644988 0.687447 0.644752 0.691667 0.645106 0.693987 0.646285 0.697363 0.646993 0.702004 0.647936 0.710443 0.647818 0.719726 0.646875 0.726688 0.649823 0.727110
4 0.871639 0.849895 0.882488 0.846941 0.885908 0.843987 0.889446 0.839557 0.888974 0.826266 0.888267 0.814662 0.887323 0.805169 0.883432 0.760021 0.882960 0.755591 0.882960 0.752637 0.886851 0.752215 0.888856 0.744409 0.888384 0.737236 0.887795 0.726266 0.887677 0.720148 0.887323 0.713608 0.886262 0.708966 0.884611 0.706013 0.884139 0.691667 0.882370 0.681962 0.878243 0.670359 0.875059 0.664241 0.871993 0.658333 0.869281 0.654747 0.867040 0.650949 0.865153 0.644198 0.862205 0.639557 0.859847 0.637869 0.856309 0.637025 0.853597 0.638291 0.852064 0.643987 0.851592 0.648207 0.851238 0.653903 0.851592 0.659810 0.852771 0.664030 0.851474 0.667405 0.847936 0.670992 0.845342 0.680274 0.845460 0.698418 0.846403 0.715084 0.846521 0.722890 0.846757 0.731962 0.846285 0.737658 0.844988 0.743565 0.845578 0.744198 0.847818 0.745464 0.846521 0.752848 0.847229 0.756435 0.849233 0.757278 0.851946 0.757278 0.851946 0.754747 0.850413 0.753481 0.850884 0.751160 0.851356 0.749051 0.851946 0.744831 0.851592 0.742089 0.853479 0.739346 0.854304 0.738713 0.856073 0.737447 0.859139 0.741456 0.860908 0.750949 0.861969 0.757911 0.862205 0.766561 0.862677 0.774156 0.862559 0.788924 0.863502 0.799895 0.863974 0.809810 0.863856 0.823945 0.865979 0.835549 0.865153 0.839979 0.862205 0.844198 0.861733 0.847785 0.869752 0.848840
4 0.786969 0.810021 0.791333 0.811709 0.799116 0.810654 0.802889 0.806646 0.803833 0.800949 0.803715 0.790190 0.803833 0.771414 0.804894 0.762342 0.806309 0.751793 0.810672 0.748840 0.813031 0.746308 0.813149 0.738291 0.813974 0.728376 0.813974 0.719304 0.813149 0.714662 0.811733 0.707700 0.811026 0.703692 0.809139 0.697363 0.806663 0.692722 0.802300 0.684705 0.797229 0.679852 0.794870 0.677321 0.793691 0.672890 0.792866 0.669093 0.792040 0.665717 0.790625 0.661498 0.787677 0.658755 0.785790 0.657700 0.782842 0.657911 0.780366 0.661709 0.779776 0.667616 0.779776 0.669515 0.779894 0.675422 0.780483 0.678165 0.782606 0.680063 0.782724 0.684072 0.782017 0.690401 0.781309 0.698207 0.780601 0.706646 0.780483 0.714451 0.780837 0.728586 0.781073 0.747785 0.780955 0.755591 0.784139 0.757700 0.786380 0.758755 0.788384 0.759177 0.789210 0.769515 0.790035 0.789979 0.789564 0.798418 0.788502 0.800527 0.787559 0.805380
4 0.784139 0.657278 0.783667 0.650316 0.783078 0.645042 0.780601 0.640401 0.777771 0.638502 0.775531 0.639135 0.774823 0.642722 0.773172 0.646941 0.772583 0.649895 0.772347 0.656646 0.772700 0.660443 0.772583 0.663819 0.771993 0.668460 0.769399 0.677532 0.767040 0.683017 0.765861 0.687869 0.765153 0.694409 0.765035 0.699684 0.765625 0.704114 0.766215 0.710865 0.768337 0.719515 0.769870 0.722468 0.771403 0.724789 0.772583 0.726899 0.773526 0.732384 0.773408 0.738080 0.773644 0.742511 0.773408 0.751793 0.773998 0.757068 0.774233 0.763186 0.773644 0.772890 0.773644 0.781962 0.773408 0.792511 0.773644 0.796097 0.774705 0.798207 0.777300 0.800738 0.780012 0.800105 0.781309 0.799051 0.782370 0.794620 0.781899 0.790612 0.783196 0.791667 0.786144 0.792511 0.786851 0.784916 0.786851 0.772890 0.786498 0.758755 0.784611 0.757911 0.780719 0.754958 0.781073 0.747785 0.780601 0.727743 0.780601 0.714662 0.780719 0.706435 0.780955 0.698840 0.782134 0.690190 0.782606 0.684494 0.782724 0.679641 0.780719 0.678376 0.779658 0.675000 0.780012 0.667827 0.780130 0.661498
4 0.763502 0.789557 0.757488 0.793565 0.752300 0.795675 0.750177 0.793565 0.748998 0.792300 0.745814 0.791667 0.744752 0.787869 0.746875 0.785759 0.751474 0.785549 0.753243 0.782384 0.753597 0.779219 0.752889 0.768460 0.751828 0.760021 0.748408 0.734916 0.747936 0.727743 0.745578 0.727743 0.743691 0.727321 0.742748 0.723945 0.742394 0.720992 0.742394 0.712975 0.742630 0.703270 0.742040 0.693354 0.742394 0.679008 0.743219 0.670570 0.745106 0.664241 0.747347 0.660232 0.747700 0.656857 0.744988 0.656435 0.743101 0.654325 0.742748 0.651160 0.742748 0.649473 0.743455 0.645253 0.744045 0.642300 0.745224 0.637658 0.746050 0.635338 0.747583 0.632384 0.750884 0.631962 0.753479 0.632595 0.754658 0.637236 0.754894 0.639346 0.755012 0.644831 0.754186 0.652848 0.754776 0.654536 0.756427 0.657489 0.758432 0.660232 0.760908 0.664241 0.762677 0.677321 0.763620 0.687025 0.764682 0.700738 0.765271 0.709599 0.763974 0.717405 0.762795 0.727110 0.761969 0.731751 0.762677 0.761287
4 0.744163 0.788502 0.738267 0.788080 0.735318 0.784072 0.737441 0.782595 0.740507 0.780907 0.742983 0.776688 0.742276 0.768671 0.740861 0.756857 0.738738 0.742932 0.738502 0.734494 0.737795 0.728165 0.736026 0.721414 0.734493 0.713608 0.732134 0.708755 0.727535 0.711498 0.726238 0.708544 0.726002 0.699262 0.726002 0.691034 0.725649 0.678586 0.725884 0.668038 0.726120 0.660021 0.726946 0.653481 0.730012 0.648629 0.730601 0.645253 0.730012 0.641456 0.729540 0.635759 0.729540 0.626688 0.731663 0.621835 0.732370 0.620359 0.736969 0.619726 0.738502 0.621624 0.739210 0.625000 0.739682 0.630696 0.739092 0.639768 0.739446 0.642932 0.744399 0.642089 0.742748 0.646308 0.742866 0.649895 0.743219 0.653903 0.744870 0.657068 0.747818 0.656857 0.747700 0.660021 0.745106 0.664451 0.742866 0.670992 0.742394 0.679430 0.742040 0.693565 0.742748 0.704114 0.742158 0.713186 0.742040 0.720992 0.742394 0.724578 0.743101 0.726899 0.745814 0.728376 0.747818 0.728165 0.748290 0.735970 0.752064 0.760654 0.753125 0.769726 0.753715 0.780063 0.753243 0.783228 0.751238 0.786181 0.746167 0.785970
4 0.999162 0.863816 0.994773 0.866602 0.989394 0.868122 0.983448 0.867362 0.982032 0.864576 0.984297 0.857738 0.984297 0.849634 0.984864 0.845581 0.982599 0.837983 0.979767 0.823547 0.977361 0.813417 0.975520 0.799993 0.974529 0.786570 0.974671 0.776693 0.975520 0.765549 0.975945 0.755672 0.974954 0.748074 0.973397 0.738197 0.972264 0.723507 0.966319 0.724773 0.965045 0.725027 0.964195 0.720215 0.964195 0.712870 0.963770 0.708564 0.962072 0.708311 0.960798 0.700713 0.960231 0.694128 0.962072 0.692862 0.965328 0.693368 0.969716 0.689063 0.969150 0.681212 0.969291 0.673107 0.970282 0.666522 0.971981 0.654872 0.971557 0.651326 0.968017 0.648540 0.966460 0.642969 0.965894 0.637903 0.965469 0.634611 0.965186 0.625240 0.966885 0.619921 0.970566 0.616122 0.973680 0.613083 0.979626 0.613336 0.983307 0.617642 0.986138 0.624733 0.987978 0.631825 0.989394 0.638663 0.990243 0.639929 0.992650 0.644235 0.999870 0.653352 0.999870 0.851153 0.999728 0.859258
4 0.700177 0.745253 0.705130 0.744409 0.704540 0.735759 0.705366 0.729219 0.706545 0.724156 0.707842 0.717194 0.707842 0.711920 0.707960 0.706646 0.708785 0.700105 0.709611 0.696308 0.710672 0.693565 0.711262 0.690190 0.711262 0.680274 0.710436 0.676266 0.709847 0.674156 0.709375 0.670781 0.706663 0.663608 0.706309 0.659599 0.704068 0.655169 0.700767 0.654958 0.699469 0.652215 0.698526 0.648629 0.698054 0.643776 0.697229 0.641667 0.694163 0.641034 0.692394 0.642300 0.691686 0.644620 0.691686 0.651582 0.691922 0.653481 0.691333 0.656646 0.689564 0.661287 0.686498 0.666350 0.685908 0.672046 0.686851 0.682384 0.687441 0.690612 0.688384 0.692932 0.691097 0.692300 0.694045 0.692722 0.697700 0.695886 0.697229 0.703059 0.697700 0.707068 0.698526 0.712131 0.698998 0.723734 0.699587 0.735338 0.700767 0.739346
6 0.185902 0.999235 0.172675 0.973165 0.170209 0.983192 0.164380 0.990812 0.156085 0.994422 0.148014 0.992016 0.145324 0.982390 0.143306 0.974368 0.141737 0.963138 0.141288 0.947094 0.140616 0.933858 0.141288 0.917013 0.141513 0.900568 0.143306 0.882119 0.145100 0.870888 0.147117 0.862866 0.152274 0.854444 0.155637 0.847224 0.155412 0.824763 0.157654 0.809121 0.159448 0.801501 0.165725 0.792677 0.167519 0.786660 0.166398 0.771419 0.165501 0.763398 0.159672 0.761392 0.154964 0.754975 0.154067 0.744547 0.157879 0.731712 0.166846 0.725294 0.172227 0.724893 0.179849 0.723690 0.186575 0.724492 0.187248 0.724091 0.201372 0.685587 0.215944 0.657110 0.230741 0.633446 0.249797 0.616199 0.280511 0.608178 0.352701 0.605370 0.388347 0.606172 0.430495 0.613793 0.466141 0.623419 0.478696 0.632243 0.490130 0.643473 0.497304 0.653901 0.499097 0.661121 0.503357 0.671950 0.511380 0.691320 0.517512 0.706510 0.519281 0.704822 0.521639 0.705033 0.524233 0.708408 0.526238 0.711995 0.527064 0.715295 0.527771 0.718671 0.528007 0.723523 0.528007 0.729295 0.527771 0.730771 0.528597 0.733303 0.534375 0.740823 0.539917 0.743640 0.545106 0.751868 0.546875 0.756932 0.549705 0.759463 0.552417 0.763472 0.552653 0.776974 0.554658 0.822122 0.557045 0.874490 0.558844 0.878781 0.563641 0.905242 0.566639 0.928485 0.569238 0.930988 0.572835 0.958163 0.576033 0.993564 0.575634 1.000000 0.192079 1.000000
11 0.538974 0.741878 0.538974 0.730274 0.539564 0.719515 0.538974 0.700949 0.538620 0.692511 0.536733 0.688713 0.537205 0.683650 0.539092 0.682384 0.539564 0.678586 0.539800 0.674789 0.540389 0.670781 0.542983 0.667194 0.545224 0.664873 0.555483 0.664030 0.566333 0.662975 0.573526 0.662342 0.576120 0.664451 0.577300 0.671414 0.576946 0.681751 0.577300 0.691456 0.578361 0.701582 0.578833 0.712131 0.578479 0.720570 0.579540 0.726688 0.581191 0.727954 0.581663 0.732595 0.581899 0.737025 0.582370 0.741667 0.583314 0.746519 0.583196 0.749473 0.581545 0.751793 0.581663 0.753903 0.580955 0.755591 0.578597 0.757278 0.577535 0.753903 0.576592 0.751582 0.574941 0.750527 0.573762 0.748418 0.571757 0.747574 0.569870 0.746730 0.564446 0.747785 0.560318 0.748840 0.560318 0.751371 0.560436 0.754747 0.558550 0.756224 0.555955 0.752637 0.556309 0.750316 0.555955 0.748840 0.550413 0.748629 0.549351 0.750316 0.546521 0.750316 0.548054 0.754536 0.547111 0.756435 0.545342 0.753059 0.544163 0.749684 0.539682 0.744198
6 0.613031 0.758122 0.605012 0.745253 0.605130 0.730274 0.604422 0.723312 0.604186 0.715295 0.604304 0.709810 0.607017 0.704325 0.608196 0.698418 0.611262 0.697574 0.613738 0.692722 0.614917 0.688924 0.615979 0.683861 0.615979 0.679852 0.616686 0.674156 0.618927 0.669093 0.620106 0.665506 0.620932 0.657911 0.621167 0.654325 0.620224 0.651582 0.621521 0.647363 0.624823 0.645042 0.625884 0.644620 0.627889 0.646097 0.629304 0.647152 0.631191 0.646730 0.666097 0.648418 0.669399 0.649262 0.671403 0.651160 0.672229 0.653481 0.672229 0.657911 0.669634 0.659599 0.669634 0.662764 0.672465 0.668038 0.674469 0.672468 0.675177 0.679219 0.680012 0.682173 0.681663 0.689346 0.683314 0.702426 0.683667 0.717194 0.684257 0.730485 0.684257 0.746097 0.683196 0.757700 0.680483 0.761076 0.677417 0.761920 0.675177 0.764030 0.671875 0.759599 0.670224 0.754325 0.663384 0.754536 0.653007 0.757911 0.634257 0.758333 0.625413 0.759388 0.625295 0.763819 0.622347 0.766983 0.619163 0.767616 0.616804 0.768038 0.614446 0.766350 0.614210 0.761498
