6 0.004306 0.879011 0.078351 0.660681 0.100976 0.652095 0.297746 0.658228 0.332712 0.670494 0.347795 0.740408 0.364250 0.840987 0.372477 0.918261 0.375205 1.000000 0.000000 1.000000
11 0.720710 0.946174 0.722304 0.987988 0.729740 0.996541 0.757894 0.998441 0.760549 0.962329 0.786578 0.965180 0.789765 0.973733 0.812075 0.978485 0.893879 0.977534 0.894410 0.996541 0.919376 0.996541 0.927875 0.971833 0.924688 0.947124 0.933266 0.946910 0.933266 0.941120 0.926996 0.941120 0.922748 0.929902 0.910612 0.916151 0.907982 0.911809 0.905757 0.862594 0.903330 0.819532 0.894228 0.770317 0.888969 0.704457 0.880069 0.676231 0.867933 0.657776 0.806213 0.647446 0.746925 0.646281 0.736826 0.652109 0.729008 0.662016 0.717281 0.667261 0.709788 0.679500 0.708811 0.691156 0.704859 0.783334 0.708682 0.872618 0.713512 0.919421 0.716933 0.924101 0.716128 0.935262
11 0.518725 0.851669 0.529350 0.851981 0.535621 0.858214 0.538060 0.869744 0.539279 0.880962 0.541021 0.884390 0.547988 0.885948 0.554956 0.885325 0.559311 0.883144 0.561401 0.875041 0.562446 0.865069 0.562620 0.859148 0.566975 0.859148 0.570981 0.861330 0.578471 0.864446 0.593800 0.864758 0.595193 0.875665 0.600419 0.877223 0.609302 0.877223 0.612960 0.868809 0.614702 0.861953 0.616967 0.852604 0.617663 0.844814 0.618360 0.839516 0.618186 0.815832 0.616792 0.802744 0.615225 0.794954 0.613657 0.784358 0.613309 0.778126 0.610522 0.773763 0.609302 0.754442 0.607485 0.733256 0.606417 0.718399 0.604186 0.709810 0.598408 0.707278 0.589328 0.703270 0.584944 0.696538 0.582452 0.695264 0.557183 0.693354 0.526693 0.696113 0.503322 0.699934 0.498339 0.713517 0.496085 0.742807 0.493594 0.773158 0.491933 0.774219 0.489797 0.784619 0.492763 0.792897 0.495255 0.793746 0.495966 0.830039 0.496069 0.842061 0.497754 0.853403 0.498503 0.859878 0.503244 0.864343 0.508361 0.863226 0.509983 0.859654 0.511356 0.854743 0.516597 0.856082
11 0.362268 0.825491 0.367515 0.823379 0.370663 0.813992 0.371057 0.821501 0.375123 0.824787 0.377747 0.820093 0.379058 0.814930 0.379321 0.814226 0.378140 0.798269 0.378796 0.793810 0.377222 0.779260 0.377222 0.769169 0.377878 0.762364 0.377222 0.746171 0.375254 0.735846 0.372500 0.727163 0.370270 0.716368 0.366728 0.710970 0.363187 0.709562 0.345609 0.711205 0.345085 0.726928 0.347708 0.741713
6 0.619163 0.830491 0.621971 0.828127 0.622962 0.818672 0.639148 0.817194 0.640469 0.825172 0.644598 0.828127 0.648892 0.831968 0.657811 0.831377 0.664748 0.828423 0.666729 0.821331 0.665904 0.809807 0.673336 0.806853 0.674492 0.800057 0.674822 0.790306 0.673501 0.774350 0.667720 0.755440 0.663426 0.749826 0.655333 0.745689 0.642451 0.740370 0.638652 0.738893 0.631881 0.727960 0.620980 0.714664 0.615365 0.709345 0.612722 0.708163 0.601326 0.705800 0.596701 0.706095 0.604134 0.709345 0.606446 0.717914 0.607767 0.733870 0.609088 0.754258 0.610740 0.773464 0.613713 0.778487 0.613713 0.784692 0.615199 0.795329 0.616851 0.802716 0.618337 0.813944
11 0.941215 0.759599 0.940507 0.748207 0.940389 0.743354 0.938620 0.738713 0.940507 0.734916 0.941450 0.726477 0.941450 0.725422 0.943573 0.723734 0.956309 0.724156 0.968455 0.723945 0.970460 0.726899 0.971639 0.732806 0.972347 0.735970 0.973998 0.740823 0.974587 0.745464 0.974823 0.748840 0.976895 0.755846 0.977894 0.764786 0.977694 0.772295 0.974247 0.773289 0.972888 0.767209 0.960313 0.767209
7 0.000372 0.669332 0.008796 0.666159 0.011456 0.649504 0.019879 0.647917 0.077068 0.659814 0.057118 0.725643 0.037168 0.773231 0.020765 0.820818 0.000000 0.822808
4 0.388738 0.747996 0.389564 0.767616 0.391097 0.769515 0.391097 0.763608 0.391568 0.769093 0.394752 0.769093 0.393101 0.766561 0.393455 0.746941 0.397347 0.744831 0.395814 0.731962 0.393101 0.725844 0.392983 0.722679 0.392983 0.720570 0.391568 0.719304 0.390035 0.721835 0.389800 0.724789 0.387441 0.727954 0.385908 0.738080 0.385908 0.743565 0.388974 0.744198
6 0.491922 0.765928 0.473998 0.765506 0.473408 0.769515 0.471521 0.770992 0.468809 0.771414 0.467394 0.770781 0.467748 0.765084 0.467512 0.756646 0.465743 0.750105 0.467630 0.748207 0.468691 0.742089 0.469399 0.736814 0.472465 0.732173 0.472818 0.727321 0.473408 0.722257 0.474705 0.718460 0.477535 0.715295 0.479304 0.712131 0.479894 0.711076 0.482842 0.709388 0.497111 0.709599 0.499705 0.710232 0.498290 0.713608 0.496167 0.741667 0.494634 0.762131
6 0.467158 0.747785 0.464800 0.747996 0.465035 0.752637 0.464328 0.754536 0.461969 0.754536 0.461733 0.752637 0.461380 0.748629 0.461616 0.745253 0.462323 0.741034 0.462441 0.734916 0.461969 0.730696 0.461498 0.728376 0.461733 0.722890 0.462205 0.720992 0.465743 0.721835 0.466333 0.716772 0.468691 0.714030 0.470342 0.711287 0.474823 0.711076 0.479894 0.710654 0.477653 0.715084 0.475059 0.717405 0.473762 0.721414 0.472818 0.726899 0.472229 0.732173 0.469281 0.736603 0.468691 0.742932
9 0.654481 0.495781 0.653302 0.497890 0.650943 0.497890 0.650943 0.518987 0.689858 0.518987 0.689858 0.497890 0.688679 0.495781
