6 0.002295 0.811772 0.008122 0.807887 0.028518 0.805297 0.043816 0.805944 0.057292 0.813714 0.067854 0.831197 0.065304 0.845442 0.062391 0.858392 0.063119 0.871989 0.055835 0.872637 0.048186 0.871989 0.045272 0.864867 0.036167 0.862277 0.017592 0.860334 0.005208 0.863572 0.001202 0.862924 0.000000 0.831728
6 0.246708 0.833683 0.249410 0.827568 0.247445 0.824511 0.243268 0.814465 0.239338 0.812282 0.228037 0.813155 0.225580 0.816649 0.220421 0.817523 0.219192 0.822764 0.216244 0.831936 0.218210 0.838924 0.221649 0.841108 0.226562 0.840234 0.230002 0.839361 0.235407 0.839361 0.234670 0.842418 0.238109 0.841108 0.238846 0.838050 0.243514 0.838924 0.245971 0.843291 0.247445 0.840234
6 0.332196 0.871022 0.331463 0.873305 0.330362 0.877869 0.328712 0.879499 0.324861 0.878195 0.323577 0.875261 0.320092 0.872327 0.314224 0.870370 0.310923 0.870370 0.310189 0.872979 0.309272 0.874283 0.306155 0.871674 0.305054 0.870044 0.302670 0.870044 0.298819 0.869392 0.298452 0.871674 0.297535 0.874283 0.294234 0.876565 0.292217 0.872979 0.291667 0.865806 0.291483 0.859611 0.293867 0.850483 0.294418 0.846244 0.296435 0.842332 0.295518 0.838419 0.294601 0.833855 0.297535 0.833529 0.299553 0.833529 0.302670 0.827986 0.305238 0.826030 0.309456 0.823096 0.317892 0.822444 0.324861 0.822118 0.332013 0.824726 0.335864 0.827008 0.338982 0.831899 0.339715 0.838419 0.341549 0.845266 0.343016 0.853091 0.342833 0.859937 0.342466 0.866132 0.341549 0.872979 0.339715 0.874609 0.337515 0.875261 0.336048 0.872001
6 0.405719 0.861633 0.405606 0.864445 0.404815 0.866655 0.403008 0.866855 0.401652 0.864847 0.401087 0.861432 0.399053 0.860830 0.397697 0.864044 0.397133 0.867056 0.393743 0.865048 0.392839 0.862236 0.392839 0.856009 0.392839 0.849181 0.392726 0.842753 0.394986 0.838335 0.396229 0.835723 0.396003 0.834518 0.395777 0.832309 0.396568 0.830100 0.399166 0.828895 0.400748 0.827087 0.403911 0.820057 0.405493 0.817647 0.406510 0.815237 0.408430 0.813630 0.411820 0.813831 0.416226 0.813831 0.420406 0.814433 0.425716 0.815036 0.426846 0.815638 0.426620 0.819454 0.427524 0.821865 0.428202 0.825480 0.428089 0.829095 0.428880 0.834117 0.429897 0.839740 0.430913 0.845364 0.431252 0.851189 0.430913 0.859223 0.430913 0.864646 0.429445 0.866855 0.427411 0.867860 0.426055 0.865450 0.425603 0.862838 0.425038 0.864847 0.424925 0.867659 0.424135 0.868462 0.422214 0.869868 0.419841 0.870069 0.418825 0.868061 0.417808 0.863843 0.414757 0.861232 0.409673 0.860830
6 0.446308 0.818052 0.444868 0.821515 0.443513 0.825580 0.442243 0.829344 0.441057 0.832505 0.440210 0.837925 0.440464 0.842442 0.442327 0.844550 0.445715 0.845303 0.446816 0.842743 0.448086 0.841238 0.448509 0.841238 0.452575 0.842743 0.454184 0.843496 0.456386 0.844399 0.457232 0.842291 0.457317 0.837775 0.457402 0.830548 0.458164 0.822569 0.457486 0.819407 0.456470 0.818805 0.452490 0.817600 0.448933 0.817751
6 0.471705 0.815225 0.470552 0.818019 0.469924 0.820069 0.469347 0.823701 0.468509 0.826682 0.468457 0.830408 0.469085 0.834134 0.469609 0.836556 0.471967 0.838233 0.473015 0.835997 0.473330 0.834507 0.475897 0.834414 0.478307 0.834134 0.479460 0.835345 0.480875 0.837302 0.483076 0.836743 0.484019 0.835439 0.484123 0.829943 0.484857 0.823608 0.483757 0.819230 0.482499 0.815132 0.480613 0.814666 0.476526 0.814386 0.472858 0.814759
6 0.890059 0.998188 0.900249 0.965982 0.901381 0.946860 0.901947 0.898551 0.901947 0.869364 0.893456 0.836151 0.889493 0.815016 0.881567 0.778784 0.862885 0.765700 0.870245 0.749597 0.865149 0.746578 0.844203 0.740539 0.827785 0.734501 0.823822 0.728462 0.803442 0.725443 0.781929 0.721417 0.779099 0.737520 0.775136 0.743559 0.766644 0.750604 0.766078 0.763688 0.761549 0.772746 0.753057 0.786836 0.750226 0.807971 0.743999 0.829106 0.737206 0.818035 0.727015 0.829106 0.728148 0.846216 0.738338 0.847222 0.738338 0.856280 0.732111 0.883454 0.730978 0.902576 0.730978 0.934783 0.733809 0.956924 0.742867 0.965982 0.751359 0.953905 0.757586 0.939815 0.758718 0.953905 0.757586 0.976047 0.765512 0.989130 0.778533 0.985105 0.781929 0.970008 0.801744 0.966989 0.816463 0.967995 0.817595 0.983092 0.836277 0.990137 0.844769 0.979066 0.853827 0.976047 0.869112 0.985105 0.871377 0.996176 0.883424 1.000000 0.891191 1.000000
6 0.996296 0.852881 0.990278 0.850412 0.981944 0.850823 0.974537 0.853292 0.971991 0.861523 0.968056 0.867695 0.965046 0.874280 0.961806 0.878395 0.959722 0.886626 0.959954 0.893621 0.968981 0.898560 0.981481 0.900617 0.990741 0.900617 0.994907 0.903498 0.996296 0.908025 0.998148 0.909671 1.000000 0.904184 0.999074 0.855350
11 0.899592 0.839676 0.909322 0.840015 0.914282 0.843407 0.917716 0.857312 0.920387 0.870201 0.920578 0.883089 0.913710 0.886820 0.903407 0.885124 0.901881 0.880715 0.900736 0.868844 0.900355 0.856973
6 0.592202 0.857441 0.592436 0.861612 0.590911 0.864323 0.588917 0.863906 0.587275 0.857858 0.587040 0.848265 0.587040 0.838046 0.588331 0.829288 0.589621 0.824074 0.591146 0.820112 0.592553 0.812396 0.595721 0.806974 0.600648 0.806557 0.610149 0.806974 0.614959 0.808433 0.617305 0.811353 0.617774 0.816984 0.619651 0.825951 0.621645 0.831790 0.622349 0.839506 0.622584 0.848056 0.622701 0.858483 0.622466 0.864323 0.620589 0.867868 0.617422 0.866617 0.616601 0.862237 0.615897 0.859109 0.610853 0.858692 0.603111 0.858483 0.596542 0.858483
8 0.657302 0.850962 0.657229 0.854702 0.656141 0.858313 0.654328 0.860118 0.651209 0.858442 0.650338 0.854573 0.648089 0.852767 0.644390 0.852123 0.638296 0.852896 0.635975 0.853154 0.635540 0.856378 0.634379 0.857152 0.631188 0.857281 0.629809 0.854831 0.628649 0.848641 0.628576 0.838711 0.628649 0.831231 0.628939 0.821559 0.630245 0.802087 0.632783 0.797315 0.635032 0.795123 0.639022 0.794994 0.645913 0.795381 0.650991 0.795639 0.655851 0.798089 0.657810 0.800926 0.658462 0.806342 0.659333 0.813435 0.659551 0.822333 0.658535 0.833682 0.659696 0.822075 0.659623 0.830200 0.658825 0.838324 0.658680 0.848125
