6 0.000326 0.748360 0.016602 0.705922 0.024740 0.698206 0.074653 0.696277 0.161458 0.694348 0.191298 0.703993 0.252101 0.726713 0.260819 0.739429 0.275572 0.774400 0.284067 0.800230 0.286302 0.794667 0.293902 0.793077 0.299490 0.796257 0.302396 0.808178 0.300608 0.814537 0.294796 0.818908 0.291667 0.819305 0.300832 0.834406 0.307985 0.853084 0.311785 0.886465 0.311785 0.921038 0.308879 0.934549 0.306867 0.970712 0.301726 0.988197 0.293678 0.992171 0.284737 0.990184 0.279149 0.981442 0.278478 0.968725 0.277584 0.963162 0.248748 0.975481 0.229971 0.983826 0.228183 0.994158 0.222771 1.000000 0.194206 0.999324 0.167606 0.999722 0.162911 0.994556 0.156205 0.993761 0.149499 0.979455 0.119099 0.980250 0.086910 0.983429 0.000000 0.979872
6 0.396537 0.878973 0.395305 0.893049 0.390027 0.901182 0.381933 0.898680 0.376478 0.892424 0.372959 0.885229 0.365569 0.883665 0.344982 0.883978 0.342342 0.885542 0.340407 0.888983 0.334952 0.888983 0.332137 0.885229 0.323867 0.885229 0.315245 0.885855 0.314013 0.896803 0.311902 0.899931 0.311902 0.881475 0.308559 0.858953 0.303632 0.839558 0.298705 0.830174 0.294130 0.825482 0.301344 0.803272 0.305039 0.796703 0.308735 0.794826 0.319116 0.770427 0.327034 0.759791 0.335304 0.756037 0.350964 0.754160 0.370847 0.755412 0.383868 0.756663 0.390379 0.757601 0.394250 0.761668 0.394954 0.765422 0.393898 0.774180 0.396009 0.784503 0.401640 0.788570 0.407271 0.791698 0.402872 0.799831 0.398825 0.813908 0.397417 0.825482 0.400760 0.837369 0.408150 0.840184 0.413605 0.841122 0.413781 0.850820 0.410614 0.855512 0.410262 0.862394 0.410262 0.869901 0.405335 0.877721 0.404103 0.883039 0.403399 0.876783 0.402872 0.872716
6 0.257020 0.731213 0.270607 0.730945 0.274683 0.727187 0.281175 0.726919 0.285854 0.732287 0.289025 0.741143 0.292648 0.742217 0.292346 0.746511 0.289629 0.747585 0.289478 0.751610 0.296422 0.758588 0.303216 0.777375 0.308197 0.792673 0.303065 0.798041 0.301253 0.800993 0.299441 0.793747 0.293856 0.792673 0.287515 0.791331 0.283741 0.798309 0.275438 0.771471 0.264417 0.746243
4 0.438384 0.930721 0.430478 0.925761 0.424433 0.940642 0.428153 0.989418 0.428550 1.000000 0.399321 1.000000 0.398391 0.964616 0.398391 0.916667 0.400251 0.887731 0.410482 0.867063 0.418387 0.857970 0.416992 0.842262 0.420247 0.828208 0.429548 0.830688 0.427688 0.810020 0.429083 0.797619 0.419317 0.816634 0.417457 0.834821 0.409087 0.840608 0.401646 0.832341 0.397926 0.818287 0.401646 0.804233 0.410947 0.789352 0.418387 0.765377 0.427688 0.739749 0.441174 0.737269 0.445359 0.729828 0.438384 0.721561 0.437919 0.704200 0.437919 0.685185 0.446289 0.667824 0.463960 0.663690 0.474191 0.673611 0.476516 0.701720 0.474656 0.722388 0.496047 0.748016 0.506278 0.776951 0.512788 0.838128 0.504418 0.853009 0.494187 0.848049 0.498837 0.877811 0.501163 0.901786 0.487212 0.896825 0.473261 0.892692 0.453730 0.902612 0.443034 0.924934
5 0.496512 0.996858 0.501628 0.993552 0.504883 0.979497 0.504883 0.971230 0.513253 0.962136 0.511393 0.949735 0.503023 0.946429 0.503023 0.926587 0.511393 0.917493 0.513253 0.906746 0.504883 0.901786 0.496047 0.901786 0.485817 0.901786 0.478841 0.901786 0.473726 0.896825 0.458845 0.903439 0.448614 0.915840 0.445359 0.926587 0.436058 0.929894 0.427223 0.937335 0.425363 0.965443 0.425363 0.978671 0.428473 1.000000 0.495117 1.000000
8 0.480884 0.727541 0.495290 0.633964 0.516345 0.572892 0.527427 0.561072 0.578402 0.556147 0.632148 0.566982 0.650432 0.603428 0.671487 0.689125 0.686447 0.792553 0.689218 0.813239 0.689772 0.920607 0.683123 0.960993 0.662622 0.966903 0.661514 0.995469 0.646858 1.000000 0.631594 0.993499 0.625499 0.971828 0.578956 0.973798 0.521332 0.966903 0.515237 0.955083 0.509696 0.945232 0.505264 0.939322 0.506926 0.926517 0.519116 0.913712 0.516899 0.902876 0.504710 0.896966 0.503602 0.873325 0.497507 0.852640 0.515237 0.848700 0.516899 0.823089 0.513021 0.796493 0.507480 0.757092 0.495844 0.733452
4 0.702492 0.812938 0.702351 0.821697 0.704040 0.829705 0.702914 0.835210 0.699958 0.835961 0.699113 0.831206 0.698550 0.823699 0.698128 0.814189 0.698128 0.804930 0.696579 0.799424 0.695735 0.804179 0.694609 0.805931 0.693764 0.801677 0.694609 0.796171 0.694890 0.787663 0.695876 0.781156 0.696157 0.775651 0.697002 0.772397 0.698269 0.767643 0.700802 0.764640 0.703618 0.767643 0.703899 0.771897 0.705025 0.775901 0.707841 0.783909 0.710234 0.792167 0.711219 0.798674 0.711219 0.801426 0.710234 0.799174 0.708122 0.794920 0.707137 0.793669 0.707278 0.800676 0.707418 0.804680 0.707841 0.811937 0.706996 0.820195 0.706433 0.829955 0.705588 0.830205 0.704322 0.827703 0.703618 0.819945
4 0.722198 0.803456 0.721460 0.811329 0.721038 0.820888 0.722198 0.825011 0.722830 0.827448 0.720405 0.829135 0.717980 0.828010 0.718718 0.819576 0.718508 0.806643 0.718508 0.799708 0.717769 0.795959 0.717242 0.789399 0.717348 0.785088 0.716821 0.780214 0.716715 0.774591 0.717980 0.770655 0.719878 0.768968 0.721565 0.765782 0.725044 0.762033 0.726731 0.763908 0.727364 0.767844 0.725993 0.771592 0.725993 0.774217 0.727680 0.777028 0.727575 0.783588 0.727469 0.789961 0.727996 0.795771 0.727258 0.800082 0.727364 0.810204 0.727364 0.815827 0.727786 0.821637 0.730421 0.823324 0.730210 0.826511 0.728313 0.826698 0.725993 0.825574 0.724833 0.822012 0.724517 0.813578 0.723252 0.807767
4 0.737104 0.767565 0.737487 0.765693 0.737391 0.762970 0.736338 0.760417 0.734231 0.759566 0.732700 0.763140 0.732987 0.766714 0.731838 0.768927 0.731838 0.775735 0.730497 0.786118 0.732029 0.795479 0.732795 0.802628 0.732508 0.810458 0.734902 0.813011 0.737487 0.813011 0.738348 0.812500 0.736816 0.809266 0.736625 0.804330 0.736721 0.797181 0.737582 0.793607 0.736912 0.789182 0.736721 0.782544 0.737678 0.775054 0.738253 0.768927
4 0.744859 0.806713 0.744763 0.814542 0.745433 0.821351 0.745146 0.829691 0.745720 0.833095 0.742465 0.832925 0.741986 0.827819 0.741029 0.822883 0.739976 0.821691 0.739976 0.816925 0.741316 0.812330 0.740455 0.807904 0.739880 0.802798 0.739784 0.797692 0.738444 0.793096 0.737008 0.788841 0.736912 0.782884 0.737199 0.776586 0.737870 0.770629 0.740072 0.767055 0.741508 0.765693 0.741412 0.761778 0.742082 0.756842 0.744954 0.755991 0.746199 0.757183 0.745816 0.763821 0.745529 0.768076 0.745912 0.772672 0.746391 0.778969 0.746582 0.787820 0.747444 0.814883 0.747635 0.825946 0.746965 0.820500 0.746295 0.813351
4 0.785932 0.770969 0.783347 0.775054 0.781336 0.778799 0.778560 0.781522 0.778751 0.787309 0.779613 0.794288 0.780379 0.798713 0.779900 0.804500 0.779230 0.810287 0.781719 0.814542 0.786219 0.811649 0.786698 0.818287 0.787464 0.824414 0.787368 0.830202 0.792059 0.831393 0.794548 0.829861 0.794931 0.821521 0.794740 0.816755 0.795410 0.808245 0.795506 0.799224 0.795219 0.795139 0.796942 0.793607 0.797038 0.787139 0.796463 0.778288 0.795027 0.771821 0.792059 0.768416 0.792059 0.763651 0.791102 0.758204 0.788708 0.757693 0.786602 0.759566 0.785070 0.766714
4 0.812644 0.754800 0.810729 0.756161 0.810537 0.763140 0.809197 0.765523 0.807282 0.770289 0.806708 0.776076 0.805846 0.783565 0.805463 0.791565 0.803548 0.797181 0.802208 0.802628 0.802112 0.811138 0.803644 0.817436 0.805750 0.824244 0.809388 0.827138 0.812261 0.824925 0.813697 0.824755 0.815516 0.829350 0.819058 0.830202 0.818484 0.826287 0.818484 0.820330 0.819537 0.813351 0.819058 0.807734 0.819633 0.801607 0.820111 0.796330 0.821069 0.791054 0.822505 0.782544 0.822313 0.776757 0.821452 0.772161 0.819633 0.766885 0.816952 0.763821 0.814750 0.762119 0.814080 0.761097 0.813888 0.760076 0.814463 0.758034 0.815516 0.755651 0.813601 0.753098
4 0.822984 0.787990 0.822696 0.799905 0.822409 0.817947 0.824133 0.830882 0.826622 0.834627 0.827292 0.831393 0.827005 0.821351 0.827771 0.813181 0.829015 0.808245 0.830739 0.813691 0.831026 0.825095 0.831122 0.833606 0.834664 0.834967 0.836196 0.832925 0.834568 0.830031 0.834951 0.822883 0.835526 0.802968 0.836100 0.788501 0.834760 0.776246 0.834568 0.764161 0.842132 0.760587 0.841940 0.756842 0.838973 0.754289 0.835239 0.750545 0.831122 0.748843 0.831696 0.746630 0.829973 0.742545 0.828632 0.742545 0.825760 0.742885 0.824803 0.748162 0.820399 0.752417 0.814271 0.758204 0.813888 0.760246 0.815995 0.762800 0.819824 0.764502 0.821260 0.767736 0.822409 0.778118
7 0.781053 0.717360 0.755503 0.715613 0.728479 0.717651 0.702110 0.720271 0.702928 0.733665 0.699980 0.740653 0.697687 0.747059 0.696377 0.754338 0.694903 0.757541 0.694739 0.768024 0.695231 0.777632 0.699161 0.768606 0.701291 0.764238 0.703747 0.769188 0.704730 0.773847 0.706532 0.782000 0.708006 0.786950 0.709971 0.793938 0.714066 0.798014 0.716359 0.795394 0.715540 0.786950 0.716523 0.773556 0.716686 0.769771 0.723401 0.763074 0.726841 0.761035 0.728315 0.768315 0.726350 0.775303 0.726841 0.783164 0.727496 0.797432 0.730444 0.799761 0.730936 0.794229 0.730444 0.787532 0.729953 0.779670 0.730772 0.772682 0.731591 0.765403 0.732901 0.758997 0.736013 0.755794 0.738470 0.761327 0.739452 0.764821 0.740763 0.762200 0.740271 0.756377 0.744693 0.754921 0.755339 0.756668 0.756650 0.776759 0.756977 0.788697 0.758615 0.795685 0.765658 0.795102 0.776468 0.796850 0.780071 0.797723 0.778597 0.792773 0.778105 0.784329 0.777778 0.779088 0.782200 0.775594 0.784657 0.770353 0.784984 0.765694 0.784493 0.740945 0.784002 0.720271
7 0.786131 0.723474 0.838542 0.716777 0.884729 0.713574 0.887841 0.761909 0.860816 0.763365 0.847877 0.772973 0.844438 0.766568 0.841981 0.768897 0.841162 0.775885 0.835266 0.772391 0.834447 0.767150 0.835921 0.763947 0.843128 0.759288 0.840343 0.756085 0.835757 0.753756 0.833301 0.749389 0.831335 0.743856 0.825767 0.740362 0.822982 0.744439 0.821508 0.750262 0.815612 0.752591 0.810698 0.753174 0.807423 0.758415 0.804475 0.772391 0.803001 0.782873 0.802673 0.793355 0.797596 0.798014 0.797759 0.794811 0.798087 0.785203 0.796941 0.774720 0.795466 0.766568 0.793665 0.760162 0.789406 0.754047 0.788424 0.753174
6 0.940579 0.818105 0.950079 0.817232 0.953027 0.809661 0.953191 0.800344 0.952535 0.791026 0.950406 0.785203 0.937959 0.782582 0.928950 0.777341 0.916994 0.771809 0.909460 0.769188 0.897831 0.768897 0.888660 0.770935 0.881453 0.775303 0.872445 0.782873 0.864911 0.791026 0.857868 0.791317 0.851972 0.795102 0.848532 0.805585 0.847550 0.817814 0.851317 0.822473 0.858851 0.822764 0.862945 0.826258 0.869333 0.823637 0.872281 0.817523 0.879651 0.818979 0.898650 0.821017 0.914046 0.823637 0.919123 0.822473 0.928132 0.827714 0.935829 0.825676 0.938941 0.819561
6 0.999705 0.759580 0.978905 0.777923 0.961871 0.783164 0.953682 0.786076 0.951061 0.794811 0.951880 0.802964 0.953518 0.815776 0.960397 0.816067 0.963345 0.818979 0.970388 0.825093 0.976775 0.825093 0.980379 0.821308 0.981689 0.816940 0.990206 0.818396 0.988568 0.811408 0.989551 0.802673 0.992499 0.796267 0.997085 0.793064 1.000000 0.792028
