6 0.008379 0.832394 0.012455 0.827295 0.019097 0.824074 0.025891 0.823806 0.036005 0.824611 0.046422 0.825148 0.049441 0.827563 0.052461 0.831857 0.053518 0.836688 0.058197 0.840714 0.065293 0.842593 0.067859 0.843666 0.069067 0.853596 0.068765 0.861648 0.064085 0.865405 0.061368 0.865942 0.060613 0.870505 0.058348 0.875067 0.053668 0.875067 0.048687 0.873725 0.047932 0.868089 0.044912 0.865674 0.036005 0.863527 0.029061 0.866747 0.021211 0.867552 0.015776 0.869163 0.012002 0.870505 0.009284 0.872920 0.005661 0.867016 0.006567 0.854402 0.007020 0.847960
6 0.200861 0.884729 0.200710 0.888218 0.198143 0.890902 0.195426 0.890097 0.194520 0.889291 0.193614 0.886876 0.193463 0.885534 0.192859 0.883387 0.192859 0.880435 0.192557 0.878019 0.192406 0.870773 0.192708 0.867284 0.194067 0.863795 0.196633 0.857354 0.199955 0.852523 0.202672 0.851181 0.202823 0.849302 0.200559 0.849302 0.201011 0.849034 0.200559 0.846887 0.200559 0.845008 0.204031 0.843935 0.204937 0.844471 0.207805 0.841251 0.209768 0.837493 0.213240 0.835346 0.217165 0.833199 0.220788 0.831589 0.226525 0.830784 0.231507 0.830784 0.237545 0.830784 0.240565 0.831052 0.246301 0.834004 0.249925 0.836151 0.251283 0.839909 0.252340 0.847692 0.254001 0.854938 0.255510 0.863795 0.256416 0.867552 0.256265 0.871578 0.254303 0.876141 0.252793 0.879630 0.252642 0.883119 0.252642 0.886876 0.250377 0.890633 0.248868 0.889291 0.247207 0.887144 0.244641 0.882313 0.242980 0.882313 0.241621 0.882582 0.239810 0.883387 0.238602 0.883387 0.235432 0.882582 0.233620 0.882313 0.232111 0.882313 0.232261 0.888218 0.231809 0.890633 0.231054 0.893317 0.226978 0.894391 0.224562 0.891170 0.223053 0.884192 0.220033 0.884192 0.217769 0.883924 0.214749 0.883119 0.210069 0.882582 0.205691 0.883119
4 0.275315 0.849334 0.275315 0.854138 0.274570 0.857782 0.274476 0.863248 0.273079 0.874843 0.273638 0.877493 0.274104 0.879315 0.271868 0.879977 0.270004 0.879977 0.270749 0.876168 0.270749 0.873518 0.270749 0.870867 0.270377 0.868217 0.270190 0.865401 0.270190 0.860929 0.270749 0.855132 0.270749 0.849168 0.270190 0.845193 0.269538 0.847181 0.268886 0.850494 0.267954 0.853641 0.267302 0.856457 0.266650 0.856788 0.266370 0.855628 0.266650 0.853144 0.267675 0.849665 0.268607 0.846684 0.269166 0.843040 0.270097 0.838899 0.271029 0.835089 0.271774 0.831776 0.273079 0.829457 0.274849 0.830948 0.274849 0.832605 0.274570 0.835752 0.275035 0.837905 0.276153 0.838899 0.276713 0.841549 0.277737 0.845524 0.277737 0.849168 0.277924 0.853641 0.277924 0.856788 0.276899 0.857782 0.276247 0.854966 0.276433 0.850991 0.276060 0.847512 0.275501 0.847015
4 0.297854 0.849428 0.297714 0.852660 0.297434 0.856140 0.297714 0.859993 0.297784 0.862851 0.296945 0.863224 0.296665 0.864467 0.296945 0.866580 0.296036 0.866953 0.294708 0.866455 0.294778 0.864094 0.294009 0.862851 0.292890 0.861857 0.292960 0.859371 0.293589 0.855891 0.293729 0.852908 0.293799 0.851044 0.293589 0.848558 0.294638 0.844954 0.295057 0.843960 0.295127 0.842965 0.295477 0.841474 0.296456 0.840977 0.297015 0.841723 0.297434 0.842965 0.297644 0.844705 0.298273 0.847191
7 0.394361 0.829636 0.389944 0.830291 0.388656 0.833890 0.387367 0.838143 0.384055 0.844032 0.381294 0.848286 0.379638 0.855484 0.382030 0.861700 0.385527 0.860718 0.385711 0.863663 0.388472 0.863990 0.390128 0.861700 0.390496 0.858101 0.393993 0.857447 0.394913 0.855811 0.401355 0.856465 0.403195 0.858101 0.406140 0.862354 0.409820 0.860064 0.408716 0.855811 0.408348 0.850576 0.409452 0.844359 0.411477 0.839452 0.412213 0.834217 0.410557 0.830618 0.406324 0.828982 0.399330 0.829636 0.391968 0.829963 0.396385 0.829309
6 0.460997 0.851402 0.460048 0.853650 0.459416 0.857303 0.458152 0.859692 0.457045 0.863626 0.456492 0.866717 0.456334 0.869246 0.456492 0.872197 0.457282 0.873602 0.458626 0.873883 0.459416 0.871916 0.459416 0.870511 0.459890 0.871073 0.459890 0.872056 0.461234 0.873602 0.462103 0.871635 0.462340 0.870511 0.465423 0.871073 0.467240 0.870370 0.470007 0.870511 0.470718 0.870511 0.471350 0.873602 0.472773 0.875288 0.473879 0.873602 0.474195 0.871916 0.475460 0.870792 0.475934 0.868403 0.475697 0.865453 0.475776 0.860395 0.475776 0.855196 0.475460 0.851543 0.474749 0.850138 0.472062 0.849014 0.468426 0.849716 0.464395 0.849857 0.461787 0.849857
4 0.556123 0.919650 0.556123 0.918324 0.556993 0.915893 0.557491 0.912799 0.556869 0.909927 0.556869 0.905949 0.556869 0.901087 0.556869 0.897993 0.555875 0.893132 0.556620 0.885176 0.557366 0.880757 0.557988 0.875674 0.558609 0.874790 0.558982 0.870591 0.559977 0.863078 0.560474 0.858879 0.559107 0.857553 0.557988 0.857553 0.557242 0.858658 0.555129 0.857995 0.553886 0.854901 0.554507 0.850924 0.556496 0.849156 0.558485 0.846725 0.559852 0.843631 0.560350 0.841863 0.561220 0.839874 0.561220 0.833687 0.561220 0.829046 0.562463 0.824627 0.564949 0.823080 0.568056 0.822859 0.572656 0.825069 0.574147 0.830372 0.574023 0.836339 0.573774 0.840758 0.576260 0.846725 0.577876 0.852029 0.579865 0.854901 0.581730 0.856669 0.582476 0.859984 0.582351 0.864404 0.580487 0.865509 0.577255 0.863741 0.575639 0.862194 0.575888 0.869486 0.575390 0.881862 0.577006 0.886281 0.578001 0.894237 0.578622 0.899982 0.578249 0.906391 0.577876 0.913020 0.578622 0.917440 0.578995 0.918766 0.575763 0.916335 0.574147 0.914567 0.573650 0.910369 0.573526 0.904844 0.574023 0.898877 0.572904 0.890480 0.571288 0.884734 0.570915 0.881420 0.570045 0.879210 0.567808 0.877000 0.563830 0.878105 0.562214 0.880757 0.561344 0.885176 0.560598 0.891143 0.560101 0.896005 0.560474 0.906391 0.560971 0.912578 0.560474 0.918766 0.558236 0.921418
5 0.575350 0.926305 0.574325 0.927368 0.573045 0.930404 0.571081 0.932529 0.570739 0.935565 0.570312 0.938145 0.568946 0.941636 0.566556 0.941636 0.564080 0.939359 0.562713 0.933591 0.562799 0.927975 0.560920 0.926305 0.558871 0.925698 0.557078 0.920689 0.559127 0.919627 0.560920 0.920386 0.561774 0.916439 0.561689 0.910216 0.560664 0.904447 0.559981 0.900197 0.559981 0.896858 0.562116 0.895036 0.562030 0.890331 0.561945 0.886233 0.561945 0.883197 0.563226 0.879402 0.566214 0.878188 0.570056 0.881527 0.570910 0.885170 0.570312 0.889724 0.571935 0.892911 0.573301 0.895644 0.573472 0.898224 0.572618 0.900804 0.572618 0.903537 0.572789 0.909153 0.573472 0.914314 0.573472 0.916743 0.574923 0.918109 0.577485 0.920234 0.577997 0.922207 0.577058 0.924332
6 0.560043 0.841246 0.556488 0.841521 0.551697 0.842071 0.549070 0.842071 0.546442 0.844269 0.545515 0.846192 0.544124 0.848939 0.542424 0.853885 0.541806 0.857182 0.541033 0.864326 0.541033 0.870096 0.541033 0.875591 0.541033 0.888229 0.540415 0.897846 0.540569 0.904990 0.542733 0.907737 0.545979 0.908287 0.546751 0.906638 0.549070 0.907462 0.550306 0.901967 0.555097 0.898670 0.560043 0.898670 0.569934 0.898945 0.573025 0.901143 0.574107 0.907188 0.576889 0.910210 0.581216 0.907462 0.580598 0.902242 0.581680 0.907737 0.585080 0.900868 0.585389 0.892351 0.585389 0.887680 0.585234 0.878888 0.584616 0.872294 0.581371 0.868722 0.583534 0.859380 0.579516 0.849764 0.575807 0.842620 0.573334 0.842071 0.568079 0.841246 0.561743 0.840422 0.557415 0.840697
6 0.498084 0.853168 0.494642 0.855939 0.493149 0.858710 0.491785 0.863212 0.491525 0.865521 0.491590 0.866330 0.491915 0.868177 0.493343 0.870717 0.495876 0.870717 0.496266 0.869216 0.500682 0.868754 0.503734 0.868523 0.507306 0.868523 0.507436 0.870486 0.509644 0.869216 0.510293 0.866099 0.510748 0.863097 0.509839 0.858479 0.507761 0.855939 0.506721 0.852013 0.503994 0.850628 0.501201 0.850859
6 0.525035 0.867138 0.525035 0.869331 0.526594 0.870024 0.527308 0.868869 0.528217 0.865060 0.527893 0.862751 0.525555 0.856516 0.525620 0.855015 0.525360 0.853514 0.524386 0.852822 0.523152 0.852591 0.521528 0.853283 0.519450 0.856285 0.518995 0.859864 0.518931 0.862173 0.518801 0.865868 0.520424 0.868869 0.520944 0.868177 0.522243 0.867253
6 0.535815 0.866907 0.535750 0.868177 0.535426 0.869562 0.533932 0.868869 0.533218 0.866214 0.534062 0.861481 0.534841 0.856401 0.536790 0.853861 0.540037 0.853745 0.542180 0.854207 0.541790 0.856862 0.541335 0.859287 0.541335 0.861596 0.541400 0.863905 0.541465 0.865406 0.541335 0.866445 0.540556 0.867138 0.539842 0.867022 0.537829 0.866445
6 0.582546 0.867513 0.582760 0.864941 0.582921 0.862940 0.583135 0.861321 0.583564 0.859797 0.584100 0.856558 0.585118 0.854271 0.586725 0.853509 0.590530 0.853319 0.594013 0.853700 0.597228 0.854367 0.598085 0.854367 0.599049 0.854938 0.600764 0.858939 0.602050 0.863226 0.602854 0.865322 0.603175 0.867036 0.603765 0.872085 0.604033 0.876848 0.602854 0.881516 0.602854 0.884755 0.602586 0.886279 0.601568 0.887041 0.599960 0.886279 0.599639 0.882468 0.594334 0.882373 0.590744 0.882373 0.586993 0.881421 0.585225 0.881325 0.584528 0.880087 0.584260 0.875991 0.583778 0.874562 0.583242 0.873133 0.582546 0.869799
6 0.604783 0.877896 0.608159 0.878563 0.610195 0.878467 0.612820 0.878658 0.614267 0.879134 0.614696 0.880563 0.615875 0.881992 0.617000 0.881706 0.617804 0.880277 0.617911 0.879134 0.618286 0.877420 0.620376 0.878086 0.621287 0.878753 0.621769 0.876848 0.621501 0.872942 0.621179 0.869037 0.621287 0.865417 0.621608 0.863035 0.621662 0.862178 0.621072 0.859701 0.620001 0.859320 0.618875 0.858272 0.617536 0.854176 0.616732 0.851985 0.614374 0.851699 0.613678 0.851414 0.610463 0.851604 0.609766 0.851604 0.607408 0.851414 0.605212 0.851223 0.603818 0.852747 0.603390 0.853890 0.602907 0.854652 0.602318 0.857987 0.602104 0.861321 0.602425 0.863321 0.602747 0.864464 0.603283 0.866369 0.603765 0.870180 0.603926 0.871990 0.604301 0.874371
6 0.626328 0.876157 0.624349 0.875694 0.623307 0.874861 0.623255 0.873843 0.622943 0.871250 0.622943 0.869676 0.622839 0.867731 0.623307 0.864213 0.624036 0.860139 0.625130 0.857454 0.627109 0.856528 0.629609 0.856898 0.632318 0.857361 0.632682 0.858380 0.632005 0.858657 0.630026 0.858935 0.629297 0.859583 0.628984 0.861713 0.627318 0.866991 0.627266 0.869954 0.627578 0.872731 0.627682 0.874491 0.627474 0.876528
6 0.627318 0.877269 0.628828 0.878287 0.629766 0.877917 0.629818 0.877083 0.630547 0.876157 0.631589 0.876065 0.633099 0.875972 0.633568 0.874861 0.633307 0.870787 0.633359 0.869028 0.633359 0.867083 0.633464 0.865139 0.634245 0.863287 0.636328 0.862269 0.636641 0.860972 0.635286 0.858935 0.632266 0.858102 0.629609 0.859583 0.628724 0.860694 0.627786 0.864306 0.627422 0.867639 0.627109 0.871528 0.627318 0.875972
6 0.646849 0.891435 0.646589 0.893565 0.646536 0.894120 0.645755 0.895509 0.645078 0.895139 0.644089 0.894028 0.643568 0.891343 0.643307 0.887546 0.643828 0.883287 0.644089 0.878750 0.644818 0.873472 0.645391 0.871435 0.645859 0.869769 0.647630 0.864120 0.648203 0.861620 0.649557 0.859120 0.651901 0.859120 0.652943 0.858750 0.654505 0.857639 0.656224 0.857083 0.657266 0.857361 0.658099 0.859306 0.659349 0.860694 0.660703 0.861157 0.661276 0.861343 0.662005 0.861898 0.663672 0.863287 0.664661 0.865139 0.665182 0.866157 0.666120 0.868843 0.666953 0.871898 0.667578 0.874769 0.668203 0.877454 0.668672 0.880046 0.668516 0.882731 0.668203 0.885972 0.668255 0.889120 0.668411 0.892731 0.668203 0.895231 0.668099 0.896065 0.667370 0.897361 0.665964 0.897083 0.664557 0.894861 0.664245 0.893380 0.664141 0.892454 0.663828 0.891343 0.662891 0.891250 0.653359 0.890602
8 0.669300 0.879372 0.670457 0.877109 0.670747 0.875051 0.670747 0.873405 0.670747 0.871245 0.670747 0.869187 0.670631 0.867747 0.670515 0.866512 0.670052 0.862603 0.669821 0.860751 0.669416 0.858693 0.668953 0.855093 0.669010 0.853344 0.668953 0.852109 0.668953 0.848714 0.668953 0.847171 0.669010 0.845113 0.669416 0.844805 0.670631 0.844187 0.670804 0.840278 0.670920 0.839146 0.670399 0.836986 0.669878 0.836163 0.668895 0.835854 0.667506 0.833591 0.665422 0.832459 0.663339 0.831944 0.662760 0.831636 0.661082 0.831533 0.658362 0.831430 0.655816 0.831327 0.652691 0.830195 0.649450 0.830093 0.646730 0.829887 0.644126 0.830504 0.642969 0.831224 0.642274 0.832870 0.641985 0.836677 0.642159 0.843981 0.641811 0.851800 0.641638 0.864660 0.641927 0.874331 0.641985 0.877521 0.643200 0.876183 0.644010 0.872788 0.644994 0.869599 0.645457 0.867233 0.646094 0.864352 0.647425 0.861265 0.648582 0.858179 0.651128 0.857870 0.652344 0.857562 0.655411 0.855916 0.656800 0.855916 0.658189 0.856636 0.659057 0.858899 0.660677 0.860031 0.661950 0.860648 0.662992 0.861163 0.664149 0.862500 0.665017 0.863940 0.665654 0.865484 0.666638 0.869496 0.667969 0.872891 0.668663 0.876080
6 0.641692 0.879293 0.640746 0.878920 0.639905 0.878920 0.639537 0.879480 0.639590 0.881349 0.638854 0.881816 0.638013 0.881723 0.637119 0.880321 0.636804 0.878920 0.636752 0.878079 0.636909 0.875649 0.636909 0.874622 0.636962 0.872566 0.637435 0.870230 0.638118 0.867614 0.638381 0.865559 0.638906 0.863410 0.639590 0.861074 0.641114 0.859766 0.641692 0.860420 0.641639 0.862382 0.641429 0.864624 0.641482 0.869950 0.641534 0.873407
6 0.999894 0.884165 0.997768 0.884165 0.994792 0.885676 0.992666 0.886810 0.991603 0.888700 0.989264 0.893235 0.986076 0.897770 0.984588 0.899282 0.982887 0.901172 0.980548 0.903439 0.980548 0.905329 0.980123 0.908730 0.979911 0.918934 0.979698 0.922714 0.979698 0.928382 0.982037 0.936697 0.986076 0.936697 0.987989 0.935563 0.988839 0.931406 0.993729 0.931406 1.000000 0.932103 1.000000 0.883409
4 0.844401 0.885159 0.843822 0.890561 0.843967 0.896991 0.844112 0.901620 0.843822 0.905736 0.842954 0.913966 0.842954 0.914738 0.844401 0.916795 0.843099 0.918338 0.841508 0.918338 0.839916 0.917052 0.840205 0.911137 0.840205 0.905221 0.839916 0.899820 0.839627 0.895962 0.838035 0.891075 0.837457 0.885159 0.837601 0.877186 0.837746 0.874100 0.837891 0.868699 0.837457 0.865355 0.837891 0.862269 0.840350 0.858410 0.842231 0.859697 0.843678 0.865098 0.844112 0.867155 0.845124 0.870756 0.845269 0.873071 0.845124 0.877186 0.844690 0.880787
4 0.696688 0.867488 0.696393 0.864168 0.698359 0.862247 0.699735 0.865741 0.699243 0.869410 0.698850 0.872904 0.698654 0.878319 0.698850 0.882687 0.698654 0.887229 0.698359 0.891422 0.699145 0.895266 0.699538 0.900856 0.699145 0.902603 0.696492 0.901031 0.695411 0.897711 0.695804 0.893519 0.695018 0.891073 0.695116 0.887579 0.695116 0.884434 0.694330 0.883036 0.693740 0.881115 0.693740 0.877621 0.693838 0.874825 0.694035 0.870982 0.695312 0.868536
4 0.694526 0.892994 0.694428 0.896488 0.694232 0.899109 0.692463 0.899808 0.691676 0.897537 0.691676 0.893693 0.691185 0.889326 0.691185 0.885133 0.690596 0.881813 0.690301 0.880765 0.689711 0.878319 0.689318 0.874301 0.689318 0.872729 0.689318 0.869060 0.690202 0.864867 0.690890 0.864343 0.690989 0.862771 0.690202 0.860500 0.690989 0.858229 0.692561 0.857704 0.694821 0.861373 0.695312 0.862945 0.695312 0.865217 0.695411 0.866614 0.694919 0.868536 0.693740 0.870108 0.693052 0.872379 0.693052 0.873952 0.693052 0.876223 0.693052 0.877970 0.693052 0.880590 0.693740 0.883910 0.694232 0.887404 0.694625 0.890898
4 0.721944 0.898410 0.721944 0.896663 0.721846 0.892994 0.721846 0.890723 0.721944 0.888277 0.722239 0.883560 0.722828 0.882512 0.723713 0.886356 0.725285 0.883560 0.724892 0.877621 0.723320 0.872205 0.722632 0.870108 0.721944 0.868711 0.721158 0.863295 0.721158 0.861198 0.720568 0.859626 0.717915 0.858927 0.715949 0.862945 0.715556 0.867837 0.714574 0.869060 0.714082 0.872379 0.713198 0.880940 0.713689 0.888452 0.714868 0.895091 0.715556 0.900681 0.716048 0.902254 0.716735 0.904525 0.719192 0.905398 0.720666 0.903127
