6 0.229433 0.822299 0.233759 0.825849 0.235091 0.819637 0.235423 0.811945 0.235257 0.803366 0.234591 0.792717 0.231596 0.787984 0.226937 0.783251 0.221612 0.777926 0.209631 0.777038 0.202642 0.777630 0.196985 0.779109 0.187500 0.786209 0.183839 0.795083 0.181177 0.795379 0.183673 0.798929 0.184671 0.806916 0.183673 0.822595 0.184838 0.828216 0.206470 0.826441 0.208966 0.830878 0.212127 0.827328 0.219282 0.825849
6 0.222774 0.778462 0.227159 0.771076 0.234852 0.769708 0.240468 0.768888 0.241007 0.768341 0.243391 0.767794 0.252393 0.767383 0.253085 0.769161 0.254470 0.770392 0.255624 0.778598 0.256162 0.785027 0.256239 0.789677 0.258163 0.792412 0.258624 0.795831 0.256316 0.797336 0.254701 0.798430 0.254316 0.801302 0.253316 0.803901 0.251162 0.805679 0.247931 0.804995 0.246930 0.802533 0.245623 0.800755 0.242930 0.800618 0.242314 0.801712 0.241930 0.804037 0.239776 0.804448 0.237775 0.803901 0.236237 0.802259 0.235929 0.800208 0.235006 0.798293 0.234237 0.792275 0.232390 0.789677 0.229313 0.785984 0.225928 0.782428
6 0.282743 0.809307 0.283641 0.813697 0.285998 0.815094 0.289029 0.811901 0.288917 0.808509 0.293856 0.808509 0.293856 0.811502 0.296213 0.811502 0.297335 0.807112 0.297672 0.799529 0.298345 0.791946 0.297784 0.784163 0.295202 0.778376 0.290937 0.774984 0.287570 0.774385 0.279375 0.772989 0.273763 0.774784 0.270732 0.776381 0.269049 0.781170 0.266018 0.786558 0.264446 0.788953 0.261640 0.793143 0.261303 0.798132 0.261191 0.802921 0.260742 0.808708 0.260854 0.812500 0.262201 0.815094 0.264895 0.816092 0.267477 0.812899 0.268375 0.811303 0.272977 0.811702 0.273314 0.814695 0.276345 0.816491 0.277355 0.812300 0.278028 0.810704
6 0.364348 0.795717 0.364486 0.798429 0.365457 0.800525 0.366497 0.800155 0.366706 0.797813 0.372115 0.798306 0.377802 0.797196 0.378565 0.799416 0.380507 0.798922 0.380784 0.796950 0.381963 0.796703 0.382379 0.799292 0.383211 0.798059 0.383766 0.794361 0.384321 0.787949 0.384043 0.782401 0.383489 0.776976 0.381616 0.775004 0.379328 0.774264 0.375375 0.774264 0.372462 0.773894 0.370104 0.774387 0.368301 0.775004 0.367330 0.775990 0.366220 0.779196 0.366151 0.781045 0.364694 0.780798 0.364001 0.783264 0.364278 0.785484 0.365249 0.785114 0.364694 0.788812 0.364486 0.792758
6 0.424546 0.774972 0.421632 0.777562 0.418718 0.781231 0.415319 0.782958 0.411555 0.785116 0.408035 0.789217 0.408763 0.794397 0.419083 0.795476 0.424303 0.795260 0.428188 0.793965 0.426124 0.789217 0.425639 0.780152 0.426003 0.774972
6 0.445913 0.772598 0.452591 0.772814 0.456840 0.773893 0.458540 0.777130 0.460725 0.780799 0.461089 0.785116 0.460361 0.788354 0.457933 0.789217 0.457811 0.791375 0.454412 0.793534 0.450163 0.793749 0.446278 0.790296 0.446278 0.783605 0.444092 0.775404
6 0.513670 0.756706 0.505537 0.753322 0.503807 0.749938 0.498443 0.749016 0.493252 0.749323 0.485119 0.749631 0.481658 0.753630 0.481139 0.756706 0.478717 0.761628 0.475602 0.769318 0.472488 0.778854 0.470411 0.785622 0.468162 0.798850 0.467297 0.812077 0.466777 0.825305 0.469719 0.837917 0.474391 0.840070 0.477333 0.837302 0.477506 0.832072 0.478025 0.834533 0.479928 0.837917 0.483562 0.837917 0.485984 0.833610 0.485984 0.828996 0.498962 0.827458 0.501730 0.831149 0.503634 0.829919 0.504845 0.828381 0.515746 0.828381 0.519726 0.805925 0.519899 0.794850 0.519553 0.789313 0.514535 0.788083 0.511074 0.789621 0.510209 0.785007 0.511247 0.780393 0.513497 0.775471 0.516092 0.774855 0.519553 0.775778 0.520418 0.776394 0.521975 0.774855 0.520418 0.767780 0.518169 0.762243
6 0.595756 0.849834 0.596770 0.865687 0.591703 0.873253 0.581570 0.869650 0.579544 0.859922 0.575288 0.853437 0.555427 0.852717 0.540025 0.852356 0.529487 0.851636 0.529690 0.861724 0.527663 0.870731 0.521583 0.870731 0.518543 0.864246 0.515909 0.843709 0.517733 0.830019 0.520570 0.808042 0.520367 0.792189 0.519962 0.787866 0.512464 0.787866 0.510842 0.783542 0.512058 0.776697 0.518543 0.777057 0.521381 0.775616 0.526244 0.758323 0.529487 0.747154 0.537999 0.744272 0.556846 0.743551 0.574680 0.743191 0.584002 0.749315 0.590690 0.777057 0.594743 0.790027 0.594743 0.800476 0.596770 0.811644 0.598391 0.821012 0.598391 0.834342 0.598594 0.846592
4 0.596999 0.771635 0.595864 0.775119 0.593595 0.772369 0.594524 0.768702 0.596896 0.765035 0.599268 0.760634 0.599474 0.756601 0.600299 0.754034 0.602671 0.754217 0.603496 0.756784 0.603496 0.760634 0.606487 0.765035 0.609066 0.769619 0.609375 0.774569 0.608962 0.778236 0.607828 0.775486 0.606487 0.774936 0.606178 0.782087 0.606900 0.785754 0.609066 0.788687 0.610097 0.796755 0.608756 0.797305 0.606797 0.792354 0.604528 0.789054 0.602259 0.786487 0.600299 0.789054 0.597824 0.793821 0.596380 0.798588 0.594627 0.792538 0.595967 0.784103 0.596896 0.780986 0.597308 0.774202
5 0.596380 0.798588 0.596999 0.802622 0.596689 0.808122 0.597721 0.812156 0.600196 0.812890 0.601640 0.817657 0.603290 0.819674 0.605043 0.816373 0.606384 0.814173 0.606900 0.811790 0.607622 0.808122 0.609375 0.804822 0.608859 0.799505 0.608137 0.794188 0.606281 0.791621 0.602671 0.787587 0.601227 0.787404 0.599577 0.792721
6 0.603979 0.759209 0.607914 0.758044 0.614565 0.758044 0.620279 0.758377 0.621497 0.763206 0.622621 0.768202 0.623276 0.773032 0.624494 0.780193 0.624963 0.789851 0.625337 0.797345 0.624494 0.800177 0.621216 0.800510 0.619904 0.796846 0.619998 0.794681 0.617750 0.794514 0.612223 0.793682 0.609506 0.794015 0.609600 0.790018 0.607445 0.786521 0.606509 0.780692 0.606790 0.776362 0.609412 0.779360 0.611005 0.775863 0.610162 0.769368 0.608663 0.765038 0.605384 0.760708
8 0.671479 0.648661 0.641021 0.673331 0.631290 0.687748 0.630569 0.706972 0.628046 0.705370 0.623180 0.705690 0.624802 0.712098 0.630028 0.713059 0.627145 0.747341 0.628406 0.788030 0.631830 0.823593 0.633452 0.823914 0.636876 0.828720 0.637057 0.838011 0.638498 0.846021 0.640661 0.849865 0.644265 0.850506 0.646248 0.846982 0.646428 0.843778 0.656701 0.845700 0.655619 0.855312 0.660665 0.862681 0.669496 0.864603 0.676525 0.862681 0.678687 0.854671 0.680670 0.842176 0.690942 0.840895 0.696889 0.846021 0.703197 0.853710 0.710406 0.854671 0.712749 0.843458 0.721579 0.842496 0.722481 0.851147 0.725364 0.862040 0.732753 0.866526 0.739962 0.866205 0.747351 0.867166 0.749874 0.855953 0.751316 0.837370 0.762309 0.831924 0.770599 0.821671 0.771140 0.803409 0.766454 0.752787 0.762129 0.701525 0.754920 0.658272 0.748973 0.642253 0.726085 0.640010 0.693826 0.642894 0.673641 0.647059
6 0.772471 0.821095 0.773889 0.827741 0.774662 0.832554 0.780206 0.835075 0.783558 0.830950 0.784331 0.825908 0.787167 0.826137 0.787941 0.830721 0.789359 0.831179 0.793613 0.831408 0.795289 0.826595 0.806634 0.823616 0.816432 0.824532 0.817721 0.831637 0.819913 0.835075 0.824167 0.837825 0.825972 0.835075 0.827777 0.829804 0.828422 0.819032 0.831387 0.815136 0.833449 0.811927 0.833836 0.804135 0.833063 0.795425 0.830871 0.777090 0.827390 0.767693 0.822362 0.755317 0.818237 0.750504 0.819655 0.746150 0.815530 0.744087 0.811533 0.744087 0.808310 0.745462 0.797223 0.745233 0.779174 0.745920 0.771310 0.748671 0.769248 0.752796 0.771181 0.753713 0.772728 0.753713 0.770795 0.756005 0.768603 0.758984 0.766154 0.758526 0.766669 0.792675 0.768087 0.802301 0.768087 0.814448 0.768474 0.819032 0.771439 0.819490
7 0.958688 0.634943 0.864583 0.648096 0.855705 0.650200 0.853042 0.654409 0.854226 0.712805 0.855705 0.766993 0.867247 0.772254 0.866359 0.777515 0.872869 0.786458 0.877900 0.788563 0.882043 0.795928 0.882339 0.807502 0.884115 0.818024 0.892105 0.821181 0.899503 0.824337 0.910156 0.835385 0.926136 0.838016 0.933830 0.834859 0.935014 0.824337 0.937678 0.818024 0.949219 0.820654 0.954250 0.832755 0.967862 0.835911 0.977924 0.829072 0.980587 0.816972 0.981179 0.813815 0.992720 0.813289 1.000000 0.811995 0.999527 0.631261
