6 0.570657 0.795820 0.572381 0.798883 0.575253 0.798883 0.577359 0.797181 0.578316 0.789692 0.583678 0.785607 0.585976 0.783565 0.589805 0.781182 0.590954 0.784586 0.596316 0.784586 0.610869 0.785948 0.620634 0.785267 0.623123 0.782203 0.623889 0.784586 0.626187 0.789352 0.631932 0.790033 0.631932 0.796160 0.632123 0.799224 0.637102 0.801266 0.640548 0.798883 0.641889 0.768587 0.642272 0.746119 0.644570 0.745779 0.646293 0.744417 0.646484 0.741013 0.645527 0.738630 0.643421 0.736928 0.641506 0.733184 0.638442 0.707312 0.636336 0.708674 0.631932 0.691993 0.628485 0.680079 0.626953 0.675313 0.624655 0.671569 0.622549 0.667484 0.620634 0.664760 0.586550 0.664760 0.578699 0.669526 0.579274 0.677696 0.580806 0.681781 0.575827 0.687908 0.572381 0.714461 0.567976 0.730801 0.567976 0.750204 0.569125 0.784586 0.570083 0.792416
6 0.460191 0.779048 0.461490 0.784128 0.466555 0.784820 0.471101 0.783435 0.473049 0.779740 0.474218 0.776508 0.488246 0.776508 0.509936 0.775353 0.517210 0.772813 0.517210 0.776046 0.516950 0.779740 0.517469 0.783204 0.519547 0.784359 0.523834 0.784589 0.526172 0.783897 0.526691 0.763346 0.528380 0.763115 0.527341 0.740487 0.526172 0.725709 0.524743 0.714856 0.527600 0.712086 0.528380 0.707006 0.527730 0.704004 0.526301 0.703542 0.522795 0.704235 0.522535 0.708160 0.521626 0.708622 0.520587 0.705851 0.520197 0.702849 0.518249 0.694537 0.515261 0.681606 0.511754 0.678604 0.509417 0.671215 0.479284 0.668214 0.476036 0.682299 0.472140 0.686455 0.469023 0.694075 0.466685 0.700309 0.465906 0.704235 0.465256 0.705851 0.463048 0.705851 0.460970 0.709084 0.462269 0.715318 0.462788 0.719705 0.461749 0.725940 0.461619 0.733329 0.460710 0.752032 0.459931 0.766117 0.459801 0.775584
4 0.943259 0.765715 0.944726 0.786907 0.941791 0.802230 0.941425 0.813641 0.941975 0.825378 0.943259 0.831899 0.946376 0.832877 0.949861 0.832551 0.950594 0.822444 0.950961 0.811359 0.956830 0.784950 0.959764 0.756586 0.963248 0.742893 0.966549 0.736372 0.976086 0.734742 0.983788 0.734742 0.987089 0.736046 0.987089 0.746479 0.988373 0.758542 0.989290 0.764085 0.990757 0.776474 0.992774 0.784624 0.992958 0.791471 0.994241 0.798644 0.994975 0.803534 0.997543 0.804838 0.998826 0.803534 0.998276 0.724961 0.994608 0.719418 0.987823 0.715180 0.979020 0.706703 0.976086 0.701161 0.975169 0.693662 0.977553 0.691380 0.979387 0.695944 0.982504 0.701161 0.990940 0.711268 0.993141 0.714528 0.998826 0.715506 0.999010 0.708985 0.978470 0.673122 0.980304 0.660407 0.988556 0.658777 0.986356 0.653886 0.982871 0.649648 0.983421 0.642149 0.983421 0.637911 0.981221 0.634324 0.975902 0.629434 0.971684 0.629108 0.969117 0.630738 0.968200 0.637911 0.964532 0.648670 0.962515 0.653234 0.953895 0.665297 0.947293 0.677360 0.941425 0.702139 0.940508 0.718440 0.939774 0.731155 0.940874 0.743871 0.941608 0.750391 0.942158 0.758542
6 0.576268 0.684622 0.569022 0.685266 0.562862 0.686071 0.560236 0.687198 0.558696 0.688486 0.555072 0.691546 0.553623 0.695089 0.553170 0.699436 0.552446 0.703140 0.551902 0.707649 0.551178 0.711192 0.550362 0.714090 0.549728 0.716345 0.549275 0.719887 0.548822 0.729710 0.548551 0.733092 0.548370 0.739050 0.549275 0.740821 0.550000 0.743076 0.550000 0.746457 0.550000 0.752254 0.550181 0.754187 0.552355 0.752738 0.552355 0.751449 0.552264 0.756441 0.552717 0.759179 0.554438 0.759179 0.556793 0.757729 0.558152 0.752738 0.559330 0.749678 0.562319 0.749678 0.567935 0.748551 0.569112 0.747262 0.568388 0.736312 0.568297 0.731159 0.569384 0.724074 0.571830 0.717955 0.573551 0.708615 0.574457 0.702496 0.575453 0.694928 0.576268 0.689452
4 0.441885 0.735623 0.442715 0.738460 0.442715 0.739935 0.442906 0.741297 0.443162 0.743680 0.443736 0.746970 0.443736 0.748105 0.443864 0.749353 0.444630 0.750148 0.445778 0.749240 0.446098 0.746970 0.446672 0.742545 0.447438 0.735964 0.447629 0.733127 0.447757 0.730404 0.447885 0.728928 0.450055 0.726205 0.450119 0.721893 0.450629 0.720078 0.450885 0.716787 0.450885 0.714404 0.451076 0.710659 0.451140 0.708957 0.451204 0.706575 0.451076 0.703624 0.450821 0.700787 0.450310 0.696589 0.449927 0.695795 0.448842 0.693185 0.447629 0.691937 0.446864 0.691142 0.446672 0.688986 0.447119 0.684334 0.446864 0.682519 0.444949 0.681611 0.443544 0.682405 0.443353 0.684448 0.443353 0.686263 0.443353 0.689554 0.443162 0.691029 0.442715 0.692164 0.441630 0.694093 0.440991 0.695568 0.440545 0.698745 0.440545 0.702717 0.440417 0.712702 0.440417 0.717127 0.440417 0.721666 0.440736 0.726999 0.440864 0.730744 0.441311 0.733467 0.442013 0.737098
4 0.163057 0.776219 0.161304 0.774752 0.160891 0.771452 0.160788 0.769252 0.160685 0.766318 0.160582 0.762285 0.160479 0.757334 0.160375 0.751834 0.161097 0.746516 0.163263 0.741382 0.166976 0.736615 0.178115 0.721030 0.182962 0.720114 0.191625 0.718830 0.197195 0.719747 0.201011 0.719564 0.204311 0.719930 0.206580 0.721947 0.208952 0.725431 0.209365 0.729465 0.210087 0.731848 0.210705 0.733865 0.212871 0.736799 0.213903 0.738999 0.214006 0.742116 0.214006 0.745050 0.214212 0.749450 0.214785 0.753978 0.214339 0.758285 0.213956 0.762138 0.213574 0.765085 0.213255 0.766785 0.213191 0.770185 0.212681 0.771431 0.210641 0.772564 0.208537 0.772678 0.207071 0.771771 0.206880 0.770185 0.206689 0.767351 0.206051 0.767011 0.201142 0.767351 0.197955 0.768145 0.197636 0.769618 0.197764 0.770978 0.197190 0.772564 0.196297 0.773584 0.194831 0.774038 0.194194 0.774378 0.191134 0.775398 0.189986 0.773131 0.189604 0.773018 0.185078 0.771998 0.183420 0.770638 0.183038 0.771431 0.182528 0.774038 0.182400 0.775058 0.179978 0.776871 0.177364 0.776531 0.176663 0.776531 0.176089 0.773811
6 0.254063 0.747454 0.249062 0.747917 0.246458 0.747917 0.244896 0.748565 0.244271 0.750509 0.242396 0.750694 0.240781 0.750972 0.238490 0.751435 0.236667 0.751157 0.235833 0.749954 0.234687 0.750602 0.232969 0.749954 0.233021 0.746713 0.232813 0.744491 0.233437 0.741991 0.234844 0.741620 0.235417 0.739861 0.236719 0.738194 0.238177 0.736898 0.240573 0.735694 0.244167 0.731065 0.246458 0.728194 0.250000 0.726065 0.252917 0.724861 0.256302 0.723935 0.259115 0.723380 0.260729 0.723380 0.262031 0.723843 0.264167 0.725602 0.266406 0.727269 0.269167 0.728009 0.270885 0.727546 0.271563 0.728102 0.272500 0.729769 0.271563 0.731435 0.270781 0.732546 0.269531 0.731806 0.268229 0.732269 0.267969 0.733935 0.268542 0.736065 0.268542 0.737454 0.267656 0.739583 0.266875 0.742917 0.266146 0.745880 0.264219 0.746065 0.261667 0.745972 0.258281 0.746343 0.255781 0.746528
6 0.268750 0.763009 0.265313 0.762454 0.264583 0.759028 0.264531 0.756065 0.265313 0.754213 0.265208 0.751528 0.265417 0.748194 0.266198 0.746250 0.266771 0.744028 0.267031 0.742454 0.267656 0.740509 0.268281 0.738565 0.269063 0.736343 0.268594 0.735694 0.268333 0.733750 0.268333 0.732176 0.270000 0.731713 0.271615 0.730694 0.273281 0.729306 0.274010 0.728565 0.274688 0.727083 0.275885 0.724861 0.277135 0.723380 0.279063 0.722176 0.282500 0.721435 0.290677 0.720880 0.296146 0.720602 0.299896 0.721250 0.301875 0.722454 0.304219 0.723287 0.306146 0.726528 0.307708 0.729306 0.308906 0.733194 0.309740 0.736898 0.310260 0.739028 0.310208 0.742639 0.310260 0.746528 0.309635 0.748472 0.304375 0.750417 0.300104 0.752454 0.299323 0.752917 0.295938 0.753657 0.291667 0.753750 0.291042 0.753657 0.290417 0.726065 0.286927 0.725694 0.281042 0.725602 0.275469 0.726250 0.275104 0.734954 0.275104 0.741250 0.275208 0.752176 0.275156 0.757546 0.274844 0.760787 0.274010 0.761898 0.270260 0.761898
6 0.323473 0.732872 0.324400 0.725868 0.326601 0.723190 0.328166 0.721851 0.328571 0.719689 0.329498 0.716805 0.330367 0.713612 0.331120 0.711449 0.333843 0.710007 0.336856 0.708977 0.338883 0.708462 0.343692 0.708462 0.349022 0.708050 0.351629 0.708256 0.353831 0.709595 0.355453 0.713509 0.356206 0.717835 0.356669 0.722469 0.357133 0.727104 0.357423 0.730297 0.357596 0.736271 0.357712 0.738022 0.357596 0.739876 0.355800 0.741524 0.354931 0.740082 0.354236 0.738022 0.353599 0.737507 0.350934 0.738022 0.349717 0.738743 0.349659 0.740803 0.348964 0.741112 0.346821 0.741421 0.345372 0.741009 0.344677 0.739876 0.338478 0.740803 0.335987 0.740803 0.333901 0.740700 0.330367 0.740082 0.329498 0.739876 0.328339 0.740391 0.327702 0.741729 0.326891 0.743068 0.325443 0.742965 0.324632 0.741421 0.323820 0.738434 0.323763 0.736065
6 0.380417 0.706343 0.381667 0.704028 0.384427 0.703750 0.385677 0.703750 0.387292 0.703750 0.388958 0.703843 0.390208 0.703843 0.391146 0.704491 0.391771 0.706898 0.392188 0.709861 0.392344 0.713102 0.392500 0.715417 0.392500 0.716898 0.391771 0.718287 0.390937 0.720046 0.390521 0.720509 0.389323 0.721806 0.387500 0.722454 0.385781 0.722454 0.382240 0.721435 0.380156 0.721343 0.379583 0.718750 0.380000 0.714398 0.380208 0.711343 0.380208 0.707546
6 0.641979 0.687454 0.642656 0.683102 0.643594 0.679120 0.646927 0.678194 0.650937 0.678287 0.652656 0.678102 0.655469 0.678750 0.657083 0.682639 0.657760 0.687269 0.658229 0.690972 0.658750 0.695972 0.659167 0.700139 0.658906 0.703565 0.657292 0.704676 0.653854 0.705509 0.651458 0.705417 0.647969 0.705417 0.645417 0.705602 0.643490 0.705602 0.642396 0.703935 0.641927 0.700602 0.641615 0.696991 0.641302 0.691620
6 0.698906 0.708657 0.697396 0.707269 0.696771 0.705509 0.695417 0.703750 0.693854 0.703102 0.691771 0.703009 0.690521 0.702639 0.689792 0.702083 0.689583 0.698009 0.689479 0.694120 0.689844 0.689120 0.692187 0.688565 0.694896 0.688287 0.695990 0.687824 0.697031 0.687361 0.698542 0.685972 0.699531 0.684769 0.700521 0.683194 0.701927 0.681528 0.707396 0.680139 0.710781 0.680509 0.714375 0.680509 0.716823 0.680417 0.718229 0.680417 0.720156 0.682546 0.722188 0.684398 0.723594 0.685694 0.725052 0.687176 0.728073 0.688472 0.729792 0.688472 0.732708 0.688935 0.734427 0.689491 0.737135 0.690231 0.738021 0.690880 0.739167 0.692917 0.740104 0.695694 0.740208 0.697176 0.739375 0.698380 0.738490 0.699306 0.737656 0.700231 0.736667 0.699769 0.734323 0.699120 0.732083 0.699583 0.730781 0.700602 0.729740 0.701343 0.727656 0.701250 0.722448 0.701157 0.719844 0.701528 0.717135 0.701157 0.715156 0.700972 0.713333 0.700880 0.712292 0.700972 0.712188 0.691620 0.707917 0.691528 0.705208 0.691528 0.700885 0.691528 0.700417 0.691991 0.700208 0.696157 0.699948 0.700972 0.700000 0.702546 0.699948 0.703380 0.699896 0.704120 0.699635 0.706806 0.699479 0.708843
