6 0.630160 0.885140 0.630160 0.891186 0.630646 0.897751 0.630743 0.901551 0.630743 0.903279 0.632297 0.903797 0.633464 0.903279 0.633561 0.899997 0.634338 0.899651 0.651343 0.900342 0.654258 0.900688 0.654841 0.903624 0.654841 0.904661 0.656979 0.905524 0.657465 0.903106 0.657465 0.897405 0.657465 0.893432 0.657659 0.887731 0.657756 0.883931 0.657756 0.881167 0.655813 0.877367 0.654355 0.874948 0.654258 0.872184 0.653286 0.868211 0.651149 0.865274 0.646776 0.864411 0.640751 0.864411 0.636670 0.864411 0.633949 0.865102 0.633464 0.869766 0.633172 0.874084 0.632200 0.877539 0.631034 0.879440
6 0.602272 0.882376 0.602563 0.886522 0.602661 0.888941 0.602661 0.891014 0.602758 0.892568 0.604895 0.892223 0.605187 0.891359 0.605964 0.889459 0.606547 0.889113 0.611600 0.889286 0.616945 0.888941 0.619374 0.889632 0.620346 0.890668 0.620929 0.892741 0.623455 0.894296 0.623747 0.892396 0.623844 0.888250 0.624621 0.881858 0.625010 0.876157 0.624232 0.872357 0.621609 0.866829 0.620151 0.863029 0.618402 0.861992 0.615681 0.861301 0.610240 0.860437 0.605576 0.861128 0.604215 0.864756 0.603632 0.867347 0.602369 0.872530 0.601980 0.874948 0.601689 0.878576
6 0.372791 0.900590 0.388008 0.900900 0.396616 0.900127 0.400355 0.900281 0.403398 0.899199 0.405659 0.898426 0.406180 0.898426 0.409572 0.897653 0.410702 0.894717 0.411832 0.887760 0.411919 0.886215 0.411484 0.880495 0.411137 0.877558 0.410702 0.876012 0.409919 0.873230 0.408528 0.869056 0.407659 0.863492 0.407224 0.861018 0.406528 0.858854 0.404876 0.855917 0.400007 0.855763 0.396790 0.856072 0.392181 0.856381 0.389312 0.856536 0.385399 0.856226 0.382878 0.856690 0.380008 0.859163 0.377574 0.864419 0.376617 0.868129 0.375748 0.871221 0.374704 0.870448 0.374096 0.869056 0.371313 0.869211 0.371835 0.870911 0.372009 0.872612 0.372096 0.874776 0.371052 0.877249 0.370618 0.880341 0.369661 0.884978 0.369487 0.893480 0.370270 0.898426
6 0.345433 0.894083 0.339209 0.893857 0.339399 0.896341 0.337430 0.897696 0.334508 0.895890 0.333683 0.893406 0.333238 0.889566 0.333365 0.886856 0.334000 0.883243 0.335842 0.878613 0.337049 0.875452 0.338573 0.871612 0.340415 0.869128 0.341432 0.867547 0.343147 0.865063 0.344607 0.862240 0.345751 0.858627 0.346767 0.855578 0.348990 0.852191 0.353182 0.851513 0.357565 0.850723 0.360868 0.850045 0.363091 0.850158 0.365504 0.853771 0.366902 0.857385 0.367600 0.859982 0.368299 0.863934 0.369061 0.868790 0.369379 0.876355 0.369188 0.882114 0.368617 0.888776 0.367283 0.894648 0.366902 0.895212 0.365377 0.892841 0.363789 0.892502 0.361185 0.892728 0.358772 0.892841 0.358518 0.893857 0.357565 0.896680 0.355659 0.896906 0.354961 0.893180 0.354516 0.891938 0.351975 0.891599 0.349117 0.893067 0.349244 0.895890 0.346322 0.897245
6 0.139365 0.900431 0.138727 0.900573 0.138168 0.902700 0.137929 0.905394 0.136095 0.906954 0.133702 0.907804 0.132027 0.907663 0.130830 0.904543 0.130751 0.901140 0.130751 0.894192 0.131309 0.890080 0.132027 0.886960 0.132346 0.884692 0.132346 0.882990 0.133303 0.877744 0.134021 0.873632 0.134818 0.870796 0.136414 0.866967 0.138168 0.863422 0.139126 0.860870 0.141359 0.856191 0.142794 0.853638 0.144549 0.850803 0.145825 0.848108 0.151807 0.843571 0.157949 0.842862 0.165367 0.843996 0.172385 0.844138 0.181478 0.845131 0.183951 0.845273 0.186104 0.847825 0.187540 0.848534 0.187939 0.852646 0.188976 0.858318 0.189773 0.864557 0.189614 0.871221 0.188816 0.878878 0.188497 0.883841 0.187380 0.891498 0.186583 0.897312 0.186343 0.900998 0.184748 0.903976 0.184110 0.905252 0.180521 0.905961 0.179644 0.905536 0.178607 0.902558 0.178128 0.899580 0.176932 0.899580 0.170790 0.899155 0.167121 0.899297 0.164330 0.899013 0.163452 0.901991 0.162734 0.904401 0.161060 0.905536 0.158667 0.906103 0.155955 0.906386 0.154599 0.903692 0.154280 0.899438 0.146942 0.900289 0.145506 0.900147 0.142635 0.900147
6 0.012168 0.900204 0.014525 0.899804 0.014974 0.902199 0.015423 0.904993 0.018454 0.907188 0.021148 0.906589 0.023168 0.903795 0.025189 0.901201 0.032260 0.901002 0.033383 0.902997 0.036862 0.903197 0.038097 0.902798 0.037087 0.904993 0.037199 0.906190 0.037760 0.906988 0.038995 0.908784 0.040567 0.910979 0.042812 0.911778 0.045730 0.910381 0.047302 0.907986 0.048087 0.903795 0.048873 0.902199 0.050108 0.902798 0.050220 0.905791 0.051791 0.908585 0.052689 0.910181 0.054036 0.910181 0.055047 0.910181 0.057067 0.909982 0.058190 0.909383 0.060547 0.907188 0.061333 0.903995 0.061894 0.902798 0.063353 0.900403 0.064700 0.897809 0.070761 0.895015 0.071210 0.881845 0.070761 0.870869 0.069078 0.858497 0.066608 0.847322 0.061220 0.840138 0.035515 0.838741 0.018341 0.840537 0.005657 0.849318 0.000831 0.864683 0.000000 0.871246 0.000000 0.903396
6 0.224674 0.893543 0.221542 0.900008 0.219584 0.905478 0.220199 0.910849 0.222045 0.912241 0.222605 0.911147 0.222269 0.907169 0.222605 0.904881 0.224227 0.902196 0.226185 0.899312 0.225290 0.905180 0.224730 0.908661 0.224786 0.911445 0.225066 0.913136 0.227807 0.913037 0.228702 0.908561 0.229038 0.904384 0.229877 0.898516 0.229821 0.895731 0.230548 0.892350 0.231444 0.887178 0.233569 0.888869 0.234017 0.884394 0.233961 0.881808 0.233849 0.878128 0.233849 0.875144 0.233681 0.870669 0.233458 0.868182 0.232954 0.865099 0.232562 0.863409 0.232003 0.861221 0.233178 0.860027 0.234353 0.857839 0.234465 0.856447 0.233625 0.854656 0.231779 0.853364 0.230437 0.852966 0.228814 0.853861 0.227919 0.855452 0.227751 0.857938 0.226521 0.859828 0.225010 0.861519 0.223835 0.862812 0.222940 0.864701 0.221430 0.869376 0.220591 0.874746 0.220479 0.879122 0.221821 0.884095 0.222772 0.885686 0.224339 0.886482 0.224898 0.887676
4 0.529104 0.894893 0.527467 0.887779 0.527103 0.882497 0.526860 0.875706 0.527224 0.868700 0.527406 0.862124 0.524799 0.860723 0.524677 0.858459 0.526193 0.858028 0.528073 0.857382 0.528861 0.853824 0.529286 0.851130 0.530134 0.849189 0.531408 0.848650 0.532681 0.848650 0.533954 0.850914 0.534075 0.853070 0.534136 0.855226 0.533772 0.857705 0.534500 0.860076 0.534864 0.861046 0.535349 0.862879 0.535409 0.866975 0.533166 0.867406 0.533166 0.869993 0.533651 0.873335 0.533833 0.876029 0.533894 0.878401 0.533772 0.881635 0.533287 0.885407 0.532742 0.888964 0.531893 0.892414 0.531590 0.895647 0.531468 0.897588 0.530680 0.900606 0.529528 0.900714 0.528800 0.898234
4 0.545899 0.872903 0.545111 0.876784 0.544989 0.878832 0.545778 0.882712 0.546141 0.885838 0.546323 0.890150 0.545778 0.895755 0.545656 0.899636 0.546202 0.903085 0.548385 0.904055 0.549476 0.903516 0.550143 0.900821 0.550628 0.898234 0.550810 0.893384 0.551113 0.889072 0.551356 0.884329 0.551416 0.881742 0.551477 0.879048 0.551538 0.876245 0.551416 0.872580 0.551356 0.869239 0.552447 0.870532 0.553539 0.869670 0.553599 0.867945 0.553478 0.864927 0.551901 0.862879 0.551113 0.861046 0.550689 0.860400 0.550204 0.856843 0.549597 0.853717 0.547536 0.853070 0.546626 0.853609 0.546445 0.857058 0.546566 0.860507 0.545899 0.862556 0.544626 0.865574 0.544140 0.869239 0.543959 0.873011
4 0.563594 0.875741 0.563594 0.888148 0.564844 0.888796 0.565365 0.883889 0.565260 0.880000 0.565573 0.878333 0.565938 0.879259 0.565885 0.882500 0.565938 0.885463 0.566510 0.889444 0.567552 0.887500 0.567760 0.883611 0.567813 0.878241 0.567917 0.875463 0.567969 0.871944 0.567969 0.868056 0.568906 0.868796 0.569115 0.867315 0.569115 0.865556 0.568906 0.864074 0.566562 0.861574 0.566250 0.861389 0.565990 0.860370 0.565417 0.858333 0.563646 0.858796 0.563646 0.861852 0.563542 0.863796 0.562813 0.865463 0.562604 0.867037 0.562448 0.869444 0.562604 0.871852
4 0.488539 0.880258 0.488464 0.876249 0.487937 0.874111 0.487712 0.872375 0.487486 0.869301 0.486735 0.867965 0.486284 0.867698 0.485382 0.867431 0.483052 0.867431 0.482226 0.871573 0.481699 0.873043 0.480497 0.874913 0.479896 0.878387 0.479219 0.882262 0.478843 0.888675 0.479971 0.892283 0.479896 0.895623 0.479294 0.899898 0.478768 0.904441 0.478919 0.910454 0.478768 0.917669 0.481173 0.919272 0.481699 0.917936 0.481925 0.912191 0.482226 0.908583 0.483954 0.900567 0.483578 0.901368 0.482752 0.909118 0.482902 0.911923 0.483052 0.915798 0.482902 0.919673 0.483653 0.921543 0.486209 0.921143 0.487411 0.910988 0.488614 0.904708 0.489290 0.898696 0.489140 0.894821 0.489140 0.892015 0.490418 0.889343 0.490493 0.887072 0.490117 0.884400
4 0.489215 0.902036 0.488990 0.907514 0.488990 0.913928 0.489516 0.920875 0.491545 0.919673 0.492221 0.911389 0.493274 0.905777 0.493274 0.900834 0.493274 0.894420 0.493499 0.890145 0.493499 0.885068 0.495002 0.882395 0.495453 0.879857 0.495228 0.874646 0.494777 0.870905 0.494025 0.865828 0.492973 0.861285 0.491545 0.860082 0.491094 0.859147 0.491094 0.857677 0.491094 0.856074 0.490568 0.854070 0.488839 0.848592 0.486660 0.848057 0.484931 0.849794 0.484405 0.854871 0.484180 0.858479 0.484029 0.861819 0.483804 0.866763 0.483653 0.867832 0.486434 0.868099 0.486885 0.869702 0.487862 0.873577 0.488388 0.877452 0.488689 0.880658 0.489741 0.883464 0.490793 0.889878 0.489441 0.894020 0.489065 0.896558
4 0.699385 0.882802 0.699867 0.895662 0.700457 0.900044 0.701957 0.899949 0.702118 0.895948 0.701903 0.889470 0.702010 0.887660 0.702278 0.890613 0.703029 0.895757 0.703672 0.899663 0.704582 0.897567 0.704582 0.891566 0.704958 0.887374 0.704529 0.882802 0.704368 0.880325 0.704690 0.877086 0.704154 0.874133 0.703564 0.872133 0.702493 0.871752 0.701582 0.869180 0.701635 0.868418 0.698635 0.868608 0.698420 0.871847 0.698635 0.874609 0.697563 0.878896 0.698260 0.881944
6 0.717031 0.887685 0.715156 0.885741 0.713802 0.884352 0.713646 0.882130 0.713750 0.879815 0.714010 0.877593 0.715104 0.876389 0.717187 0.876574 0.718958 0.876574 0.720104 0.875556 0.722448 0.872963 0.725208 0.871389 0.728594 0.871204 0.729323 0.872778 0.729531 0.875370 0.734427 0.875833 0.736146 0.875648 0.736563 0.879074 0.736563 0.882130 0.736615 0.884352 0.735573 0.885185 0.734323 0.885185 0.725677 0.886019 0.722240 0.885741 0.720990 0.885741 0.720677 0.887130 0.719271 0.888426 0.717865 0.888611
6 0.810701 0.897620 0.810545 0.883161 0.814142 0.875653 0.816176 0.873707 0.814768 0.869258 0.818834 0.868146 0.823057 0.867868 0.831816 0.868980 0.836821 0.869258 0.843547 0.869536 0.851523 0.870370 0.854652 0.872039 0.862785 0.877878 0.868415 0.882049 0.875766 0.887610 0.881710 0.889278 0.884682 0.892059 0.886089 0.896508 0.886402 0.903459 0.885933 0.909020 0.884994 0.914581 0.882179 0.921255 0.874515 0.924591 0.872325 0.923201 0.870761 0.914025 0.864818 0.910967 0.858718 0.911801 0.851836 0.912079 0.844172 0.911245 0.840106 0.910688 0.839167 0.914303 0.834475 0.919864 0.826811 0.922923 0.825560 0.922923 0.823839 0.917918 0.819147 0.909298 0.816645 0.904015
6 0.748319 0.895591 0.748027 0.888854 0.748999 0.884536 0.749485 0.878489 0.750457 0.874862 0.752497 0.872098 0.756093 0.871925 0.761243 0.871752 0.765615 0.871925 0.769988 0.872443 0.774458 0.873653 0.777276 0.875035 0.779997 0.878489 0.782329 0.880390 0.786215 0.883499 0.788547 0.885399 0.791074 0.887127 0.793017 0.890582 0.791657 0.895419 0.789616 0.900256 0.785341 0.903192 0.783106 0.903192 0.780968 0.902674 0.777859 0.900601 0.774069 0.899219 0.771543 0.899046 0.766976 0.899565 0.762214 0.900256 0.757064 0.899565 0.753275 0.898355 0.750165 0.898355
