6 0.125323 0.836097 0.122699 0.842916 0.116844 0.841839 0.115633 0.836456 0.106751 0.837173 0.099685 0.837173 0.086765 0.835379 0.083333 0.832867 0.083939 0.820306 0.084746 0.810975 0.088986 0.806309 0.093831 0.805233 0.100493 0.795543 0.109375 0.784058 0.123910 0.781905 0.137839 0.782623 0.144905 0.788724 0.151163 0.798773 0.152172 0.805233 0.150961 0.827842 0.150557 0.837532 0.145107 0.839686 0.142886 0.833226 0.137234 0.834302
7 0.169158 0.765030 0.171875 0.767713 0.174441 0.770934 0.175649 0.764493 0.176253 0.758320 0.179574 0.750537 0.189840 0.741412 0.195275 0.739801 0.203125 0.740607 0.211126 0.738459 0.211277 0.758052 0.212183 0.779522 0.231054 0.778180 0.261549 0.777912 0.275589 0.777912 0.273928 0.784890 0.272720 0.790258 0.261851 0.791600 0.253699 0.791600 0.242074 0.794820 0.237394 0.792941 0.237092 0.798846 0.234828 0.801261 0.230450 0.800725 0.227883 0.800456 0.226676 0.795357 0.224260 0.789989 0.217618 0.789184 0.209315 0.787842 0.195879 0.788916 0.186972 0.789452 0.186368 0.797772 0.183650 0.802603 0.179121 0.801798 0.176555 0.796967 0.175649 0.791600 0.173687 0.788916 0.172026 0.783816 0.170818 0.776570 0.170365 0.770934
6 0.296725 0.944311 0.294102 0.959632 0.285484 0.968292 0.273494 0.967626 0.268623 0.955635 0.264501 0.918998 0.263002 0.879696 0.265625 0.871703 0.268248 0.838396 0.271995 0.815747 0.277241 0.808420 0.278740 0.797762 0.281362 0.782441 0.286234 0.769784 0.294102 0.766454 0.302720 0.757794 0.312088 0.741807 0.323329 0.736477 0.347310 0.735145 0.382157 0.735811 0.409135 0.737810 0.418128 0.752465 0.428245 0.783107 0.432367 0.803757 0.431992 0.783107 0.437612 0.783107 0.445856 0.789768 0.446231 0.800426 0.440610 0.807754 0.436863 0.811084 0.443982 0.843059 0.442858 0.881695 0.440985 0.920997 0.438737 0.927658 0.433491 0.931655 0.429744 0.926992 0.429369 0.958300 0.422624 0.972289 0.409135 0.965627 0.404639 0.950973 0.400517 0.933653
6 0.505261 0.814909 0.505155 0.821145 0.502604 0.822846 0.497927 0.822846 0.494739 0.821334 0.493888 0.812642 0.493994 0.799036 0.494101 0.788454 0.494739 0.779573 0.496864 0.769747 0.498778 0.763700 0.500372 0.757842 0.501222 0.754063 0.500053 0.752551 0.501754 0.750661 0.503348 0.749906 0.504305 0.744615 0.506962 0.746504 0.523012 0.746504 0.524182 0.743103 0.526626 0.747071 0.528858 0.749528 0.529709 0.750850 0.529921 0.754819 0.529709 0.757842 0.531303 0.764267 0.531728 0.770314 0.529496 0.779951 0.528114 0.788643 0.528858 0.798469 0.528858 0.809807 0.528540 0.813776
6 0.555626 0.748278 0.536612 0.750588 0.534132 0.754367 0.532596 0.764445 0.531533 0.769484 0.529762 0.777883 0.527990 0.795729 0.528699 0.812106 0.529289 0.820925 0.529998 0.829743 0.530707 0.839401 0.533423 0.841081 0.536376 0.840871 0.537320 0.837302 0.537320 0.831003 0.537793 0.827014 0.538383 0.832472 0.539328 0.835832 0.541926 0.836252 0.542989 0.835202 0.544170 0.829113 0.544525 0.822394 0.544407 0.813156 0.544761 0.800139 0.544879 0.792370 0.542989 0.790480 0.538738 0.789851 0.536848 0.786071 0.537202 0.782082 0.539683 0.778723 0.545115 0.777043 0.548540 0.780402
6 0.560469 0.742189 0.556926 0.744709 0.555626 0.749958 0.551375 0.769904 0.548540 0.781452 0.546296 0.778093 0.542281 0.779143 0.538856 0.781242 0.537911 0.786071 0.539683 0.789011 0.544170 0.789221 0.545706 0.792370 0.544289 0.826174 0.543226 0.843600 0.543698 0.859347 0.545351 0.863547 0.545470 0.880763 0.545942 0.887902 0.547241 0.889792 0.550312 0.890422 0.554445 0.891051 0.556571 0.887272 0.558343 0.877404 0.558697 0.867956 0.559288 0.867956 0.561413 0.867956 0.563421 0.869426 0.566964 0.871315 0.570507 0.868586 0.571688 0.869216 0.576176 0.871105 0.581255 0.868586 0.597553 0.869426 0.616567 0.867956 0.617867 0.873625 0.620819 0.874675 0.622709 0.881603 0.624717 0.887482 0.629323 0.889372 0.634519 0.886642 0.636645 0.880343 0.637590 0.868796 0.638889 0.855988 0.639007 0.844860 0.637944 0.831213 0.636409 0.817145 0.631803 0.790900 0.627787 0.771794 0.619638 0.746809 0.615977 0.740720 0.601923 0.736730 0.583853 0.737570
6 0.635031 0.799997 0.651910 0.800569 0.651749 0.793138 0.650784 0.784565 0.651910 0.778992 0.652070 0.774849 0.651829 0.771419 0.651186 0.764275 0.650624 0.760560 0.647328 0.759702 0.640255 0.760417 0.635593 0.760702 0.631816 0.761846 0.630369 0.764132 0.629806 0.767990 0.628842 0.770133 0.627636 0.771562 0.628199 0.775277 0.630048 0.782279 0.631092 0.790424 0.633021 0.797282 0.634066 0.801283
8 0.653151 0.693507 0.652228 0.707337 0.651042 0.727731 0.650646 0.760549 0.652228 0.785162 0.651833 0.794773 0.653020 0.808368 0.654997 0.818214 0.656843 0.819386 0.657371 0.824777 0.657371 0.832982 0.658162 0.838608 0.661063 0.839545 0.664491 0.842593 0.665414 0.838842 0.665150 0.845874 0.667787 0.848687 0.677017 0.850328 0.683874 0.851266 0.684797 0.841889 0.684797 0.831106 0.693499 0.829231 0.696796 0.831341 0.701147 0.836029 0.705762 0.837436 0.708927 0.832747 0.714201 0.834154 0.714992 0.840483 0.718948 0.841655 0.721980 0.836732 0.722112 0.831106 0.723958 0.830872 0.724881 0.846109 0.727255 0.849859 0.732265 0.850094 0.737935 0.849625 0.740968 0.846109 0.743209 0.841186 0.743605 0.827121 0.745319 0.822902 0.752176 0.819386 0.753626 0.813760 0.754153 0.797820 0.753758 0.766174 0.750461 0.739451 0.747033 0.710150 0.740440 0.671472 0.737803 0.663502 0.731870 0.659283 0.714728 0.658111 0.685984 0.660689 0.670293 0.668894 0.658294 0.681552 0.653547 0.691163
7 0.748102 0.710564 0.776497 0.711401 0.780889 0.709449 0.791400 0.710286 0.806774 0.710007 0.811323 0.709170 0.811951 0.717258 0.813049 0.730087 0.813206 0.739848 0.814461 0.758813 0.815559 0.769969 0.822462 0.772479 0.824187 0.777220 0.826070 0.784192 0.824658 0.792838 0.824344 0.798137 0.821207 0.802878 0.816030 0.802041 0.813363 0.795627 0.812735 0.792559 0.800028 0.794232 0.797675 0.796464 0.795793 0.802320 0.791714 0.803436 0.786380 0.801205 0.784654 0.793396 0.776183 0.793117 0.769437 0.790886 0.769280 0.783913 0.769908 0.764391 0.768025 0.757140 0.765045 0.754630 0.761750 0.758255 0.761436 0.760765 0.757828 0.756861 0.755789 0.759650 0.753279 0.763275 0.749671 0.734270
7 0.834228 0.776383 0.821677 0.773594 0.813677 0.769690 0.811010 0.696341 0.810068 0.679607 0.852896 0.674029 0.894468 0.667057 0.918785 0.666220 0.953298 0.667894 0.959137 0.667941 0.957564 0.676641 0.953020 0.692176 0.954943 0.704605 0.952845 0.709265 0.944980 0.710819 0.938339 0.712373 0.927153 0.713305 0.918240 0.716101 0.910375 0.725423 0.909326 0.736919 0.905306 0.753076 0.903034 0.767990 0.899364 0.772340 0.894645 0.773272 0.896742 0.789119 0.878041 0.792226 0.865108 0.790051 0.858291 0.790983 0.859690 0.800615 0.856893 0.803101 0.855320 0.804965 0.851126 0.804344 0.844659 0.803722 0.843086 0.795022 0.841688 0.787876 0.840464 0.783526 0.835920 0.777622
8 0.998982 0.478714 0.983417 0.498936 0.957076 0.548957 0.939715 0.603235 0.929538 0.634100 0.921755 0.628778 0.903795 0.629842 0.900802 0.652192 0.910979 0.659642 0.922354 0.652192 0.910381 0.713921 0.902000 0.744785 0.897210 0.821413 0.899605 0.922520 0.908768 1.000000 1.000000 1.000000
