8 0.442020 0.693920 0.443986 0.639762 0.444969 0.589099 0.449882 0.536688 0.455778 0.526205 0.490173 0.515723 0.535377 0.510482 0.558962 0.513976 0.591392 0.519217 0.615959 0.529700 0.620873 0.540182 0.623821 0.578616 0.625786 0.634521 0.626769 0.662474 0.616942 0.678197 0.617925 0.704403 0.622838 0.723620 0.607115 0.744584 0.597288 0.777778 0.588443 0.770790 0.579599 0.744584 0.573703 0.751572 0.586478 0.784766 0.586478 0.800489 0.574686 0.812718 0.589426 0.823201 0.600236 0.817959 0.607115 0.791754 0.613994 0.781272 0.613994 0.812718 0.611046 0.837177 0.604167 0.845912 0.561910 0.845912 0.539308 0.845912 0.506879 0.845912 0.491156 0.845912 0.485259 0.838924 0.478381 0.819706 0.469536 0.802236 0.469536 0.786513 0.471502 0.772537 0.482311 0.800489 0.497052 0.798742 0.494104 0.777778 0.470519 0.748078 0.462657 0.734102 0.450865 0.730608 0.456761 0.706150
6 0.122642 0.790007 0.127555 0.776031 0.145244 0.772537 0.166863 0.744584 0.181604 0.725367 0.200275 0.721873 0.238601 0.721873 0.280857 0.721873 0.309355 0.725367 0.329009 0.742837 0.346698 0.767296 0.351612 0.791754 0.359473 0.812718 0.370283 0.819706 0.371266 0.856394 0.372248 0.889588 0.367335 0.915793 0.360456 0.928022 0.346698 0.912299 0.316234 0.929769 0.310338 0.968204 0.300511 0.976939 0.280857 0.957722 0.262186 0.962963 0.256289 0.941999 0.172759 0.938505 0.166863 0.915793 0.159002 0.875611 0.153105 0.854647 0.142296 0.842418 0.132469 0.819706 0.135417 0.803983
6 0.999214 0.739343 0.983491 0.718379 0.964819 0.669462 0.954009 0.653739 0.919615 0.653739 0.862618 0.650245 0.820362 0.655486 0.789898 0.658980 0.752555 0.681691 0.740763 0.692173 0.725039 0.735849 0.720126 0.767296 0.715212 0.781272 0.711281 0.755066 0.701454 0.755066 0.701454 0.774284 0.710299 0.784766 0.703420 0.809224 0.701454 0.830189 0.690645 0.851153 0.692610 0.879106 0.696541 0.889588 0.698506 0.941999 0.704403 0.964710 0.723074 0.969951 0.724057 0.940252 0.757469 0.955975 0.758451 0.992662 0.799725 0.980433 0.840998 0.969951 0.915684 0.969951 0.969733 0.969951 0.999214 0.969951 0.999214 0.912299 0.997248 0.830189 0.997248 0.790007 0.993318 0.762055
7 0.291667 0.561146 0.283805 0.720126 0.305425 0.721873 0.328027 0.737596 0.342767 0.772537 0.355542 0.791754 0.371266 0.816212 0.369300 0.847659 0.372248 0.886094 0.391903 0.891335 0.407626 0.889588 0.414505 0.872117 0.412539 0.847659 0.422366 0.835430 0.422366 0.823201 0.428263 0.809224 0.426297 0.803983 0.417453 0.803983 0.415487 0.781272 0.420401 0.758560 0.429245 0.737596 0.436124 0.734102 0.437107 0.721873 0.435142 0.699161 0.441038 0.686932 0.443003 0.641509 0.443003 0.606569 0.418436 0.569881 0.379127 0.564640 0.345715 0.571628
4 0.611583 0.980439 0.599855 0.979213 0.597441 0.975533 0.600545 0.965109 0.602959 0.948553 0.601925 0.927091 0.601235 0.910535 0.598820 0.892139 0.598475 0.874969 0.600890 0.858413 0.604684 0.849828 0.609168 0.842470 0.611583 0.830819 0.612617 0.822848 0.613997 0.807518 0.614687 0.787282 0.613997 0.776858 0.608133 0.789735 0.604684 0.805065 0.600200 0.813650 0.591232 0.816103 0.581229 0.816716 0.577780 0.810584 0.577435 0.806905 0.581229 0.801999 0.584679 0.798933 0.587783 0.793414 0.590542 0.787896 0.594336 0.779311 0.596406 0.772566 0.599165 0.765207 0.601580 0.759688 0.605029 0.752330 0.609513 0.743132 0.614342 0.736387 0.620550 0.727189 0.622965 0.716765 0.617446 0.710633 0.616756 0.691624 0.617791 0.676907 0.621930 0.666483 0.632278 0.659124 0.643660 0.661577 0.651594 0.678747 0.651594 0.686105 0.650559 0.709406 0.648834 0.716765 0.646420 0.727189 0.657112 0.727802 0.661251 0.733934 0.665390 0.750491 0.668495 0.756623 0.672979 0.771339 0.674703 0.778084 0.678153 0.792801 0.678498 0.804452 0.674703 0.808744 0.661251 0.803225 0.666425 0.795254 0.663666 0.777471 0.661941 0.767047 0.660906 0.775632 0.660217 0.786056 0.661596 0.800159 0.662631 0.809357 0.664011 0.830206 0.664011 0.839404 0.664011 0.846149 0.661941 0.848602 0.646765 0.849215 0.637107 0.849828 0.629174 0.859639 0.623655 0.865771 0.618481 0.874356 0.617446 0.879875 0.615722 0.892752 0.619171 0.915440 0.618481 0.922185 0.615377 0.936289 0.613652 0.943034
11 0.616490 0.998512 0.619280 0.991071 0.615792 0.987351 0.606492 0.988591 0.604632 0.984458 0.611607 0.979084 0.611607 0.964203 0.613700 0.948495 0.615792 0.937748 0.617420 0.921627 0.618583 0.912946 0.617653 0.901786 0.617420 0.890625 0.619513 0.876984 0.623698 0.869957 0.632999 0.860450 0.642299 0.854663 0.657180 0.853009 0.666016 0.851769 0.676711 0.857556 0.676246 0.868717 0.672061 0.883185 0.671828 0.894759 0.671131 0.901372 0.677641 0.903439 0.672759 0.908813 0.668806 0.908813 0.670898 0.941882 0.673224 0.948082 0.675781 0.958829 0.677641 0.962550 0.677409 0.967510 0.674619 0.967510 0.674386 0.973710 0.676246 0.975777 0.684617 0.974537 0.689500 0.977844 0.692755 0.987351 0.692987 0.994792 0.691360 0.998512
8 0.691862 0.884603 0.686341 0.886239 0.675482 0.883294 0.676034 0.875442 0.676218 0.868571 0.675482 0.857119 0.666832 0.851230 0.664624 0.844032 0.661863 0.804770 0.669041 0.805425 0.676955 0.806733 0.677691 0.792665 0.675114 0.778596 0.673458 0.766490 0.672722 0.758310 0.671065 0.749804 0.666280 0.737698 0.659471 0.730500 0.656158 0.727228 0.650269 0.726247 0.646772 0.725919 0.649717 0.712505 0.650821 0.702035 0.652109 0.687639 0.659103 0.661792 0.685972 0.632345 0.698855 0.621875 0.732167 0.621221 0.761245 0.620894 0.774128 0.624493 0.777256 0.626456 0.769527 0.632672 0.767502 0.638562 0.768422 0.652303 0.768422 0.665718 0.762533 0.673570 0.743393 0.689602 0.739528 0.693856 0.725541 0.734753 0.715419 0.778269 0.711370 0.759946 0.701248 0.758638 0.698855 0.766163 0.697199 0.772706 0.698855 0.777614 0.703272 0.782522 0.705481 0.786448 0.706953 0.786775 0.701248 0.816222 0.696463 0.851885 0.693886 0.870534
6 0.000473 0.665344 0.035308 0.681578 0.062703 0.705026 0.085363 0.737494 0.109375 0.786797 0.113095 0.791005 0.128991 0.797018 0.135078 0.809043 0.135755 0.821669 0.131020 0.826479 0.144548 0.832492 0.153003 0.840308 0.158076 0.856542 0.160782 0.870972 0.163149 0.892617 0.164502 0.910654 0.164502 0.917869 0.165855 0.935907 0.167208 0.950938 0.167884 0.974387 0.168222 0.995430 0.168222 0.999038 0.000000 0.999038
5 0.428554 0.913865 0.431556 0.920803 0.433057 0.935479 0.434258 0.947220 0.435309 0.957093 0.436810 0.964564 0.442963 0.970168 0.451219 0.968833 0.451969 0.965631 0.452720 0.959761 0.453170 0.953890 0.453320 0.946953 0.453770 0.937613 0.454221 0.930942 0.454971 0.934945 0.456472 0.941349 0.457223 0.944551 0.460525 0.947220 0.462326 0.947486 0.464127 0.945352 0.464277 0.942683 0.464577 0.932543 0.466829 0.924005 0.467729 0.916000 0.468930 0.913865 0.469530 0.913064 0.469981 0.897855 0.469380 0.887181 0.469981 0.880243 0.471182 0.870104 0.472532 0.861298 0.472983 0.851158 0.469831 0.847689 0.464577 0.850358 0.462926 0.850091 0.459924 0.847156 0.458423 0.844487 0.453170 0.838350 0.454671 0.829811 0.451519 0.825008 0.447466 0.824207 0.440712 0.822873 0.433507 0.822073 0.429755 0.824741 0.427203 0.828210 0.425402 0.829811 0.427654 0.838884 0.429605 0.843153 0.430506 0.846889 0.430656 0.856228 0.430806 0.862632 0.432607 0.877308 0.433357 0.882111 0.432157 0.893852 0.431256 0.902925 0.429605 0.909062
4 0.429605 0.918935 0.422851 0.919735 0.422550 0.914132 0.424051 0.907728 0.424802 0.896520 0.425102 0.886114 0.424952 0.877575 0.424652 0.867168 0.424352 0.860497 0.424201 0.849557 0.425853 0.837549 0.425853 0.832213 0.426453 0.823140 0.427504 0.814335 0.427504 0.801793 0.428254 0.791653 0.424652 0.797791 0.422400 0.799392 0.419699 0.795389 0.418498 0.780179 0.420749 0.766037 0.422250 0.755097 0.426153 0.745224 0.432907 0.740154 0.435609 0.736151 0.435459 0.730814 0.434408 0.718540 0.434408 0.714804 0.434858 0.703063 0.436059 0.694791 0.442813 0.691856 0.447616 0.691856 0.452720 0.699061 0.455271 0.704664 0.455572 0.712136 0.455722 0.716939 0.455722 0.721208 0.454821 0.723610 0.453470 0.730014 0.463076 0.739086 0.470131 0.746558 0.474033 0.755097 0.478536 0.765503 0.483339 0.771374 0.486641 0.777244 0.488142 0.784982 0.487692 0.791120 0.483339 0.793521 0.479737 0.789519 0.477486 0.782314 0.474784 0.778311 0.470731 0.771907 0.467729 0.768172 0.468930 0.777511 0.468780 0.788985 0.468630 0.798324 0.469230 0.802060 0.471182 0.810866 0.474033 0.820739 0.479587 0.826075 0.480938 0.833013 0.483189 0.838083 0.483039 0.849023 0.482139 0.856762 0.481238 0.861832 0.479587 0.869303 0.478086 0.875707 0.476885 0.881844 0.475234 0.889850 0.475384 0.901057 0.476435 0.907994 0.476735 0.913865 0.469530 0.915466 0.467279 0.907461 0.466979 0.897588 0.467129 0.890116 0.470431 0.874640 0.471932 0.862632 0.472683 0.853293 0.470131 0.847422 0.463677 0.850624 0.462176 0.850624 0.453770 0.837549 0.454821 0.830612 0.452420 0.825542 0.444314 0.823674 0.434408 0.821806 0.426003 0.827943 0.428554 0.830612 0.429155 0.841552 0.431106 0.852759 0.431706 0.860231 0.432307 0.870104 0.432607 0.879176 0.431256 0.895720 0.431106 0.901324 0.429605 0.913331
