4 0.561553 0.655724 0.567641 0.659331 0.569670 0.673160 0.568655 0.686388 0.569332 0.709836 0.567641 0.723064 0.557495 0.723665 0.553774 0.722463 0.558509 0.717051 0.553774 0.715849 0.550392 0.720058 0.550054 0.715248 0.551069 0.707431 0.550054 0.700818 0.546334 0.685786 0.544305 0.683381 0.544305 0.680375 0.546334 0.674964 0.546672 0.665945 0.546334 0.656926 0.550054 0.651515 0.554789 0.652116 0.558171 0.648509 0.561215 0.646705
6 0.498463 0.666818 0.502732 0.667729 0.505977 0.667729 0.509051 0.671979 0.509904 0.676533 0.511612 0.683212 0.513661 0.681694 0.515027 0.685033 0.513661 0.688676 0.514515 0.695355 0.514857 0.703248 0.514173 0.710534 0.513832 0.716606 0.513832 0.724499 0.512637 0.726624 0.509904 0.727231 0.508538 0.723892 0.507684 0.719338 0.504952 0.719338 0.499829 0.718124 0.494706 0.717820 0.488559 0.717213 0.481387 0.718427 0.478996 0.720856 0.478484 0.726928 0.474385 0.727231 0.474556 0.724803 0.473190 0.717517 0.474044 0.705070 0.473019 0.696873 0.474214 0.690801 0.477288 0.681998 0.479508 0.673497 0.481387 0.669247 0.484802 0.668033 0.490437 0.667729 0.491974 0.664390 0.493511 0.663479 0.496072 0.663783
2 0.503245 0.754250 0.497951 0.754554 0.506318 0.748179 0.519126 0.754554 0.511783 0.754250 0.517930 0.762750 0.500000 0.762750
1 0.533923 0.728030 0.539405 0.727623 0.546030 0.728436 0.550142 0.736152 0.547400 0.736558 0.542146 0.737776 0.535293 0.736964
1 0.522501 0.735340 0.520445 0.728842 0.508338 0.730060 0.508338 0.737776
1 0.482296 0.730060 0.481611 0.736152 0.494860 0.737370 0.494860 0.730466
1 0.456483 0.726811 0.453513 0.733309 0.466763 0.737370 0.468362 0.728030
1 0.428385 0.729248 0.424502 0.734933 0.437751 0.736964 0.446432 0.727217 0.441406 0.727217 0.439807 0.730060 0.437066 0.734121 0.433639 0.732091
2 0.385211 0.758082 0.387267 0.754427 0.394577 0.755239 0.392064 0.749553 0.384983 0.751178 0.365109 0.761737 0.370134 0.762549
6 0.404171 0.724781 0.403486 0.728436 0.401658 0.730060 0.398917 0.731278 0.392978 0.732091 0.390694 0.731685 0.389551 0.723156 0.388409 0.714222 0.388638 0.705288 0.389323 0.694323 0.392293 0.684576 0.393663 0.674017 0.396633 0.665083 0.400059 0.658585 0.403029 0.655742 0.408055 0.655336 0.417421 0.654524 0.423588 0.654930 0.430213 0.654118 0.435238 0.663865 0.439350 0.671581 0.442320 0.674017 0.444376 0.678891 0.443234 0.682952 0.444376 0.691480 0.444376 0.703663 0.442320 0.714222 0.443234 0.723156 0.440721 0.727623 0.436838 0.730872 0.432954 0.729654 0.430670 0.725187 0.430441 0.723156 0.423131 0.723562 0.411024 0.724781
6 0.445061 0.704069 0.451001 0.702039 0.456940 0.704069 0.458539 0.704475 0.462422 0.708942 0.464478 0.707724 0.465849 0.703663 0.465849 0.693917 0.465620 0.682952 0.465620 0.676454 0.461737 0.669550 0.457854 0.664677 0.452143 0.663052 0.445747 0.663458 0.441635 0.665083 0.438665 0.671581 0.441635 0.679703 0.443691 0.687419 0.443691 0.696353
6 0.467905 0.693104 0.471331 0.690262 0.475443 0.689449 0.477042 0.682952 0.478641 0.676454 0.477499 0.671987 0.473159 0.671174 0.468819 0.671581 0.467219 0.675642 0.467219 0.682952
8 0.482753 0.668738 0.482296 0.661428 0.484124 0.654118 0.484581 0.645996 0.485951 0.641122 0.492119 0.641122 0.499200 0.640716 0.506967 0.642747 0.511993 0.645996 0.514963 0.661022 0.515876 0.671581 0.514049 0.679297 0.512221 0.678891 0.508338 0.668332 0.502399 0.666301 0.496916 0.663865 0.492804 0.662240 0.487322 0.665895
6 0.284452 0.773711 0.282693 0.788101 0.274951 0.793731 0.268616 0.791229 0.269320 0.773086 0.268968 0.758696 0.266857 0.743056 0.270376 0.722410 0.274599 0.699887 0.275303 0.686749 0.282693 0.664227 0.286916 0.647960 0.296769 0.638576 0.307327 0.638576 0.323163 0.638576 0.339703 0.639827 0.349557 0.641079 0.358354 0.649212 0.364337 0.660473 0.370671 0.671734 0.371727 0.677990 0.376302 0.674237 0.382637 0.674862 0.388619 0.685498 0.382637 0.693006 0.376302 0.697385 0.384044 0.704267 0.387211 0.723036 0.384396 0.736799 0.384396 0.763076 0.381933 0.773711 0.369264 0.769332 0.367152 0.759322 0.366800 0.774337 0.365745 0.784347 0.355539 0.787475 0.349557 0.771209 0.344278 0.768706 0.334072 0.764952 0.314013 0.766204 0.310494 0.771834 0.310494 0.777465 0.298881 0.776839 0.297121 0.769332
1 0.321052 0.630443 0.321755 0.622310 0.318588 0.620433 0.318940 0.612300 0.318588 0.601664 0.320700 0.599162 0.318588 0.592905 0.314717 0.584772 0.312606 0.579767 0.310846 0.572885 0.318940 0.564127 0.322107 0.556619 0.323867 0.555368 0.331609 0.567880 0.334776 0.576639 0.331961 0.584147 0.326682 0.592280 0.323515 0.600413 0.326682 0.598536 0.328442 0.599162 0.330905 0.612300 0.329146 0.621059 0.326330 0.621684 0.324923 0.632320
8 0.284804 0.654842 0.277414 0.654217 0.271432 0.655468 0.268264 0.657970 0.267561 0.666729 0.266857 0.674862 0.266857 0.682995 0.270728 0.688626 0.270728 0.694257 0.273191 0.696759 0.275655 0.684872 0.277766 0.677990 0.281989 0.666104
6 0.002566 0.670424 0.017663 0.670424 0.036534 0.667740 0.050876 0.671766 0.059934 0.685185 0.067482 0.705314 0.072011 0.733494 0.067482 0.744230 0.062198 0.757649 0.050121 0.764359 0.052385 0.752281 0.044082 0.756307 0.033514 0.758991 0.025966 0.764359 0.013889 0.768384 0.004076 0.767042 0.000000 0.744268
4 0.138357 0.676971 0.140317 0.680456 0.141717 0.686928 0.139477 0.690412 0.138917 0.695390 0.138637 0.700866 0.138077 0.707338 0.134997 0.712814 0.133037 0.709827 0.133597 0.703355 0.133597 0.698377 0.132196 0.689914 0.132196 0.681949 0.134437 0.673984 0.137237 0.671495
8 0.996745 0.467593 0.988932 0.423611 0.986328 0.393519 0.981120 0.314815 0.969401 0.289352 0.949870 0.275463 0.935547 0.275463 0.889974 0.275463 0.854818 0.275463 0.819661 0.273148 0.783203 0.282407 0.748047 0.298611 0.732422 0.312500 0.710286 0.342593 0.693359 0.365741 0.669922 0.393519 0.651693 0.418981 0.630859 0.446759 0.608724 0.486111 0.603516 0.509259 0.600911 0.567130 0.608724 0.618056 0.603516 0.701389 0.600911 0.752315 0.616536 0.754630 0.626953 0.780093 0.638672 0.768519 0.652995 0.775463 0.660807 0.773148 0.660807 0.817130 0.671224 0.844907 0.685547 0.847222 0.686849 0.821759 0.688151 0.803241 0.705078 0.805556 0.740234 0.812500 0.757161 0.817130 0.787109 0.821759 0.805339 0.821759 0.814453 0.826389 0.840495 0.858796 0.863932 0.858796 0.882161 0.831019 0.914714 0.821759 0.939453 0.821759 0.994141 0.835648 1.000000 0.802315
