7 0.998725 0.676505 0.942573 0.678434 0.938504 0.677469 0.917616 0.681327 0.921956 0.783083 0.927110 0.784047 0.926025 0.793210 0.939046 0.793210 0.939046 0.795139 0.932265 0.796103 0.932807 0.801890 0.955322 0.801890 0.960205 0.801408 0.961019 0.797068 0.967258 0.798032 0.972412 0.795621 0.970242 0.785976 0.998996 0.784047
6 0.827813 0.809077 0.832765 0.808099 0.834415 0.813967 0.837166 0.815597 0.840284 0.816249 0.844319 0.811359 0.858073 0.811033 0.860824 0.817553 0.865409 0.819184 0.870727 0.816575 0.873111 0.811685 0.875128 0.807447 0.875128 0.798970 0.873845 0.785929 0.870360 0.779408 0.861924 0.774517 0.857156 0.767997 0.848353 0.760498 0.839734 0.755934 0.830381 0.752021 0.825429 0.750391
8 0.693470 0.589972 0.658093 0.613120 0.635982 0.627970 0.619276 0.641073 0.611905 0.655922 0.606992 0.672519 0.606992 0.676450 0.604290 0.701782 0.602570 0.730608 0.600604 0.727987 0.597411 0.729298 0.596674 0.741527 0.597902 0.749389 0.601587 0.752446 0.603552 0.799179 0.603552 0.824074 0.608220 0.840671 0.611168 0.843728 0.612397 0.840234 0.613625 0.853774 0.615099 0.871681 0.618293 0.879542 0.623207 0.879979 0.627874 0.879979 0.629348 0.872554 0.644089 0.872117 0.646791 0.872117 0.645072 0.876048 0.646546 0.881289 0.650231 0.881726 0.652442 0.899633 0.661778 0.908805 0.673324 0.908805 0.682906 0.906184 0.687819 0.891335 0.689539 0.879106 0.689539 0.871681 0.701332 0.870807 0.705508 0.881726 0.717792 0.884347 0.721968 0.883036 0.731795 0.873864 0.745799 0.869934 0.750958 0.890898 0.757591 0.906621 0.771841 0.911862 0.783879 0.905748 0.790758 0.889588 0.790758 0.868187 0.825398 0.862945 0.827609 0.852027 0.829820 0.834119 0.830557 0.810971 0.825644 0.770790 0.823187 0.709644 0.818273 0.655922 0.813606 0.621419 0.805744 0.591282 0.801076 0.582110 0.786581 0.577743 0.746290 0.575122 0.708702 0.580363
6 0.592903 0.854571 0.592696 0.837302 0.595176 0.828851 0.593523 0.811949 0.593109 0.800558 0.591042 0.780717 0.584842 0.761243 0.578022 0.747648 0.571615 0.749853 0.561281 0.747648 0.556320 0.745076 0.554047 0.748016 0.543093 0.749486 0.535859 0.752425 0.532965 0.761611 0.530485 0.770797 0.528625 0.775206 0.523458 0.778513 0.519945 0.780717 0.523665 0.788066 0.527178 0.791005 0.525938 0.805335 0.525112 0.823339 0.525112 0.835832 0.525938 0.855673 0.530072 0.859715 0.535652 0.856041 0.534206 0.841343 0.557354 0.841343 0.575335 0.841343 0.581535 0.840976 0.580708 0.850162 0.582362 0.857878 0.589802 0.860082
6 0.495590 0.804940 0.495800 0.811287 0.493805 0.812407 0.490024 0.812220 0.487819 0.808300 0.486874 0.800459 0.488134 0.784032 0.490759 0.767604 0.492440 0.758457 0.491389 0.756590 0.492965 0.755283 0.495380 0.753790 0.495800 0.750989 0.497270 0.752296 0.510921 0.751923 0.511971 0.750429 0.513231 0.751549 0.513966 0.754163 0.515331 0.754910 0.515331 0.758270 0.516276 0.762563 0.518271 0.770964 0.521631 0.772084 0.522786 0.775631 0.521001 0.777684 0.519426 0.777684 0.520581 0.795419 0.521316 0.804193 0.520896 0.808673 0.518691 0.811100 0.516066 0.810540 0.515436 0.805686 0.514386 0.803259
6 0.441826 0.798406 0.441301 0.802139 0.438991 0.805126 0.435316 0.802513 0.432166 0.797472 0.429225 0.796726 0.428700 0.792992 0.429225 0.787392 0.430801 0.781978 0.437206 0.778431 0.446972 0.772644 0.455687 0.770777 0.461463 0.773017 0.467028 0.778058 0.472908 0.783845 0.479944 0.785525 0.481519 0.791499 0.481729 0.796539 0.480154 0.799899 0.476899 0.800273 0.475743 0.803633 0.473748 0.804193 0.471018 0.802699 0.468183 0.801953 0.464088 0.800273 0.463458 0.797846 0.453797 0.798592 0.448127 0.799713 0.445186 0.800273 0.443191 0.801019
6 0.376827 0.808113 0.384493 0.805313 0.384703 0.796539 0.383653 0.793925 0.383338 0.789819 0.382602 0.785338 0.377457 0.779365 0.371997 0.774698 0.366116 0.773951 0.362231 0.771337 0.358766 0.772831 0.355406 0.774324 0.350785 0.776564 0.345115 0.780298 0.340915 0.785525 0.338185 0.787018 0.333144 0.790192 0.326004 0.793739 0.322959 0.796726 0.320544 0.804566 0.321804 0.811100 0.324954 0.813713 0.329574 0.812967 0.333039 0.815954 0.336610 0.818380 0.342700 0.815954 0.343750 0.810167 0.354146 0.810167 0.365801 0.809420 0.366956 0.813713 0.369897 0.815020 0.374517 0.816514 0.376932 0.811847
6 0.240063 0.811282 0.239652 0.815424 0.237322 0.816886 0.234718 0.816642 0.233895 0.807870 0.233895 0.797149 0.235266 0.791788 0.237596 0.790570 0.236499 0.788621 0.237870 0.786915 0.240885 0.786428 0.243078 0.779849 0.247876 0.777656 0.255688 0.778387 0.260896 0.779362 0.260622 0.784235 0.259526 0.787890 0.258018 0.795200 0.256922 0.800560 0.259937 0.805677 0.261445 0.812256 0.259115 0.815911 0.256236 0.815911 0.255140 0.813718 0.255140 0.810551 0.253769 0.809576 0.250343 0.810307 0.250069 0.814449 0.247601 0.815424 0.245408 0.813231 0.244997 0.809332
6 0.194628 0.799311 0.199752 0.799477 0.200591 0.802292 0.203106 0.802955 0.205249 0.798814 0.210281 0.797158 0.210653 0.800967 0.214008 0.801630 0.214846 0.798151 0.215405 0.794010 0.215964 0.788213 0.215498 0.784238 0.213728 0.780262 0.212144 0.776784 0.208697 0.774299 0.205808 0.774299 0.202361 0.774134 0.197889 0.773968 0.194628 0.773802 0.193789 0.777281 0.193882 0.783078 0.193789 0.788379 0.193323 0.791857 0.193416 0.797158
6 0.242999 0.781434 0.241530 0.778039 0.239547 0.775296 0.236829 0.773990 0.234184 0.773599 0.230731 0.772946 0.228381 0.773599 0.226765 0.775166 0.224781 0.779214 0.223679 0.782479 0.223459 0.786920 0.224708 0.787964 0.226618 0.785222 0.228087 0.785483 0.229115 0.788095 0.229483 0.792143 0.229703 0.796584 0.232715 0.797498 0.234845 0.797106 0.234625 0.793188 0.235800 0.791360 0.236535 0.790054 0.235800 0.788356 0.237563 0.786658 0.238885 0.785614 0.241897 0.783263
6 0.096354 0.816409 0.095319 0.824687 0.087731 0.824381 0.083247 0.820088 0.080488 0.815489 0.076694 0.814263 0.075486 0.805065 0.079280 0.798626 0.090663 0.793414 0.096872 0.785749 0.101700 0.782990 0.104977 0.783603 0.115842 0.779617 0.124638 0.778698 0.136365 0.780537 0.143781 0.786976 0.148782 0.807211 0.148265 0.817329 0.140849 0.819169 0.139297 0.822234 0.135848 0.827447 0.128949 0.826833 0.125500 0.818555 0.112048 0.817329 0.105840 0.817329
6 0.000293 0.782251 0.008251 0.780587 0.015742 0.781211 0.023350 0.784956 0.028968 0.791823 0.033181 0.798481 0.033766 0.806388 0.031660 0.809925 0.030255 0.813462 0.029787 0.818456 0.027680 0.821161 0.023350 0.821369 0.021594 0.818040 0.019604 0.816375 0.015157 0.816375 0.010709 0.815959 0.007900 0.818248 0.006262 0.821369 0.003102 0.821161 0.000000 0.820140
