4 0.235166 0.869957 0.234933 0.879051 0.233770 0.883185 0.232840 0.892692 0.234003 0.900959 0.235863 0.905093 0.237026 0.907573 0.239118 0.903439 0.241443 0.900546 0.242141 0.895999 0.242374 0.891865 0.242606 0.886905 0.242606 0.881944 0.243556 0.879237 0.244527 0.879394 0.244968 0.883945 0.245056 0.889909 0.245056 0.894931 0.244615 0.898540 0.244527 0.902307 0.244615 0.909055 0.244703 0.912351 0.244439 0.915647 0.244615 0.938089 0.246204 0.947191 0.246204 0.952684 0.246910 0.960217 0.248676 0.973242 0.254237 0.971830 0.258298 0.972772 0.259004 0.973556 0.260328 0.977323 0.262447 0.985797 0.262535 0.987680 0.262535 0.991133 0.262447 0.995056 0.261917 0.999294 0.270127 0.999451 0.270392 0.994429 0.271010 0.990976 0.271893 0.984542 0.272687 0.979206 0.273129 0.975126 0.274188 0.966494 0.278072 0.935891 0.284869 0.891321 0.285134 0.881277 0.286282 0.877825 0.285664 0.870449 0.285222 0.861660 0.285222 0.856795 0.285399 0.846438 0.285576 0.840945 0.286105 0.833255 0.286458 0.822897 0.286635 0.818189 0.288489 0.800769 0.287959 0.795747 0.286811 0.792451 0.285487 0.790254 0.283280 0.788214 0.280720 0.786959 0.277542 0.785075 0.274894 0.786331 0.274806 0.783977 0.276306 0.781780 0.277366 0.778484 0.277895 0.770480 0.277895 0.765458 0.275865 0.759965 0.274276 0.754630 0.273129 0.753688 0.264831 0.751805 0.261035 0.754159 0.256709 0.760279 0.256709 0.763104 0.257150 0.768126 0.257415 0.773619 0.257239 0.775816 0.258121 0.783349 0.258210 0.785703 0.256091 0.786959 0.254061 0.788685 0.250794 0.791510 0.247528 0.793393 0.238965 0.817718 0.235699 0.830587 0.234375 0.834196 0.233581 0.836551 0.233051 0.838905 0.233051 0.841416 0.234110 0.842043 0.234728 0.843770 0.235699 0.846438 0.235699 0.848635 0.235081 0.854127 0.234993 0.860876
4 0.311573 0.991322 0.328616 0.986475 0.329025 0.978233 0.327252 0.959812 0.324662 0.942602 0.323844 0.924181 0.323844 0.910607 0.323844 0.896306 0.323844 0.889519 0.328070 0.924666 0.329434 0.935331 0.330797 0.942360 0.332024 0.946965 0.333661 0.953752 0.334479 0.958115 0.335024 0.963205 0.335569 0.966841 0.335978 0.969507 0.336933 0.972901 0.341432 0.976779 0.344159 0.973386 0.345250 0.971204 0.345932 0.963690 0.345932 0.956418 0.345659 0.952783 0.342523 0.941875 0.341568 0.935088 0.341023 0.929513 0.340750 0.920545 0.340750 0.908183 0.341296 0.901396 0.341159 0.892428 0.340750 0.875218 0.340341 0.859948 0.340341 0.836678 0.339523 0.825771 0.338842 0.821165 0.338433 0.815833 0.338433 0.810743 0.338024 0.806864 0.337887 0.802259 0.337887 0.798381 0.337887 0.794745 0.339523 0.794503 0.341705 0.802017 0.343614 0.807349 0.344568 0.811712 0.345386 0.819469 0.346341 0.827952 0.346886 0.833042 0.347159 0.841526 0.347159 0.844677 0.346886 0.850979 0.345932 0.856069 0.345250 0.862129 0.345250 0.865280 0.345250 0.869643 0.346477 0.869886 0.346750 0.866977 0.347159 0.864553 0.347977 0.864068 0.348249 0.868674 0.348386 0.872067 0.348386 0.873521 0.349613 0.871582 0.351249 0.870370 0.353703 0.868674 0.354521 0.866250 0.354658 0.861402 0.354658 0.856797 0.353839 0.850252 0.353158 0.845647 0.353158 0.842738 0.353158 0.834497 0.353158 0.829891 0.353158 0.822135 0.350704 0.794260 0.349204 0.788443 0.348522 0.783595 0.347295 0.777535 0.346341 0.772203 0.345659 0.768809 0.345250 0.765901 0.344159 0.762022 0.342523 0.754508 0.341023 0.751115 0.337751 0.746752 0.335433 0.744570 0.332161 0.742874 0.329843 0.740692 0.328752 0.739238 0.326843 0.737056 0.326162 0.735360 0.324662 0.733905 0.324662 0.731239 0.326162 0.725422 0.326434 0.723725 0.327116 0.719604 0.327116 0.717181 0.325753 0.716696 0.325344 0.714999 0.325344 0.711606 0.325344 0.707485 0.324935 0.702395 0.323707 0.699729 0.322071 0.697305 0.314436 0.696093 0.311846 0.698032 0.309528 0.700698 0.306937 0.707000 0.306528 0.714514 0.306528 0.720574 0.307755 0.728815 0.308437 0.736087 0.308710 0.742147 0.307210 0.743843 0.303120 0.748449 0.296848 0.755478 0.296030 0.758629 0.293439 0.769294 0.291803 0.777535 0.290849 0.783353 0.289349 0.792079 0.288531 0.797169 0.286758 0.818742 0.286213 0.824559 0.285804 0.829164 0.285531 0.838133 0.285395 0.850252 0.285395 0.859463 0.285395 0.864553 0.285668 0.871098 0.287031 0.878369 0.287304 0.881520 0.287849 0.884187 0.289212 0.884671 0.292485 0.883702 0.293985 0.882732 0.294803 0.881520 0.295757 0.878612 0.295757 0.875461 0.294939 0.871825 0.294394 0.868916 0.292757 0.859705 0.291939 0.855342 0.291803 0.851949 0.291667 0.847101 0.293439 0.836194 0.295484 0.829891 0.296575 0.817045 0.297120 0.811712 0.297666 0.806622 0.299302 0.802017 0.300529 0.806380 0.300393 0.820196 0.300393 0.832073 0.300665 0.837648 0.300802 0.851949 0.299575 0.866735 0.299575 0.873521 0.299575 0.881278 0.299575 0.889034 0.300120 0.894367 0.305846 0.935815 0.306392 0.949632 0.307619 0.958358 0.308573 0.971204 0.309528 0.979445 0.309664 0.982112
6 0.562750 0.821149 0.564565 0.821754 0.567402 0.823166 0.568310 0.824377 0.569785 0.827604 0.570806 0.829823 0.571941 0.831639 0.574097 0.833253 0.576253 0.834261 0.578409 0.834463 0.580565 0.833454 0.581926 0.832244 0.583969 0.827806 0.584763 0.825789 0.587032 0.824175 0.591685 0.824578 0.592139 0.826192 0.593273 0.828613 0.594295 0.831034 0.597699 0.832244 0.600876 0.832042 0.604280 0.831437 0.606096 0.830630 0.607003 0.827806 0.608706 0.823166 0.611883 0.821754 0.617102 0.820947 0.627428 0.820140 0.629130 0.819333 0.630379 0.821552 0.632308 0.822561 0.634350 0.822763 0.636166 0.823166 0.638548 0.821754 0.640024 0.819333 0.641726 0.817921 0.645016 0.817921 0.650236 0.816106 0.652392 0.815904 0.653867 0.819737 0.654548 0.820140 0.657044 0.820746 0.659200 0.820947 0.660789 0.820947 0.664874 0.820544 0.666009 0.817720 0.669413 0.813483 0.670774 0.812475 0.672023 0.810256 0.672476 0.806625 0.672476 0.802792 0.672590 0.798757 0.671228 0.790890 0.666689 0.780804 0.663285 0.776971 0.658406 0.775357 0.651030 0.772331 0.647172 0.770516 0.643768 0.767490 0.640024 0.764262 0.635825 0.760026 0.632761 0.756596 0.626294 0.753772 0.616649 0.751755 0.605869 0.753167 0.598266 0.754377 0.591912 0.755184 0.588394 0.756193 0.580905 0.759219 0.576480 0.760833 0.573983 0.762043 0.571147 0.764262 0.570125 0.767893 0.568764 0.772936 0.567288 0.776769 0.565813 0.780198 0.564792 0.782417 0.562636 0.788873 0.562523 0.792706 0.561728 0.797749 0.561048 0.802994 0.560707 0.807432 0.560934 0.815299 0.561501 0.819132
4 0.865800 0.794652 0.865151 0.796239 0.866206 0.799556 0.866206 0.801719 0.865557 0.804027 0.864340 0.807632 0.863691 0.808498 0.862068 0.809075 0.861095 0.808498 0.860689 0.809507 0.861257 0.810950 0.863934 0.812392 0.867261 0.812680 0.868315 0.812248 0.870019 0.807055 0.870506 0.804604 0.871073 0.801719 0.871317 0.800998 0.872858 0.804748 0.873832 0.807200 0.874156 0.808498 0.875049 0.809363 0.877320 0.809363 0.878213 0.808642 0.878537 0.806046 0.878537 0.803306 0.878213 0.799700 0.877645 0.797104 0.875698 0.790181 0.873426 0.780951 0.873426 0.777057 0.873426 0.774605 0.875617 0.764942 0.875860 0.762346 0.875860 0.758740 0.875535 0.756577 0.874968 0.754125 0.875860 0.751961 0.876996 0.753115 0.878050 0.756721 0.878537 0.758884 0.878862 0.761336 0.879430 0.764798 0.880160 0.765519 0.881052 0.766528 0.881701 0.768115 0.882512 0.765807 0.882675 0.764365 0.882675 0.762201 0.881701 0.759605 0.879592 0.752250 0.878131 0.746337 0.875779 0.740712 0.873994 0.724703 0.872615 0.720953 0.871479 0.718645 0.870343 0.717347 0.870262 0.715617 0.870262 0.712444 0.870343 0.707973 0.869532 0.705809 0.868234 0.704944 0.866125 0.702204 0.864583 0.701194 0.860527 0.702925 0.859635 0.708838 0.859716 0.709992 0.860527 0.711723 0.861095 0.713742 0.861582 0.717780 0.862068 0.720665 0.861987 0.722251 0.860689 0.723838 0.860040 0.725857 0.859391 0.731193 0.859067 0.744750 0.858499 0.750087 0.858580 0.754990 0.858661 0.759894 0.858742 0.766528 0.859067 0.768836 0.861744 0.770422 0.862717 0.768980 0.862799 0.764798 0.862231 0.760759 0.862880 0.765086 0.863204 0.769413 0.864259 0.773307 0.864583 0.775470 0.865476 0.779220 0.866206 0.782826
4 0.845752 0.794814 0.845326 0.796870 0.845448 0.799466 0.847030 0.803035 0.847395 0.804658 0.847881 0.809201 0.848003 0.811364 0.847577 0.812554 0.847455 0.813636 0.851106 0.814501 0.855122 0.813744 0.854027 0.808660 0.853418 0.805307 0.853236 0.801196 0.853236 0.794165 0.853479 0.793084 0.856035 0.794382 0.857982 0.798384 0.860598 0.802386 0.861450 0.803901 0.861815 0.807254 0.862788 0.808335 0.863701 0.807686 0.864918 0.804658 0.865161 0.802927 0.865405 0.800223 0.865344 0.798276 0.862971 0.793516 0.859199 0.784647 0.857373 0.776750 0.856339 0.772099 0.857373 0.766690 0.857921 0.763986 0.858529 0.760308 0.858773 0.756631 0.858773 0.752520 0.858408 0.746030 0.858164 0.742136 0.857799 0.738891 0.857252 0.733483 0.856765 0.729805 0.856095 0.716176 0.855426 0.713363 0.853844 0.709902 0.852688 0.708171 0.851167 0.706765 0.848490 0.704926 0.848003 0.704061 0.847577 0.701897 0.847516 0.700058 0.847212 0.697246 0.846969 0.693460 0.846482 0.690864 0.845691 0.689891 0.843805 0.688809 0.840763 0.690431 0.838450 0.695407 0.838755 0.698111 0.840154 0.701789 0.841006 0.707414 0.841006 0.709794 0.839850 0.712714 0.839059 0.715851 0.838024 0.722125 0.835043 0.747653 0.834070 0.751979 0.833522 0.754467 0.834252 0.758578 0.835043 0.757388 0.835773 0.755657 0.836808 0.752845 0.838207 0.745273 0.838937 0.742569 0.839789 0.740622 0.841249 0.738242 0.842101 0.737593 0.843196 0.738026 0.843196 0.742136 0.841797 0.751655 0.841553 0.756306 0.841919 0.760958 0.843196 0.779779 0.843075 0.782267 0.843075 0.784647 0.843805 0.786810
5 0.826939 0.838742 0.827248 0.835259 0.827970 0.831958 0.828073 0.828475 0.827867 0.826091 0.827248 0.821874 0.826733 0.818207 0.826320 0.814173 0.825289 0.808122 0.824773 0.805556 0.823535 0.802622 0.822917 0.801155 0.821885 0.798772 0.820648 0.796571 0.812603 0.795655 0.811572 0.796205 0.810334 0.794554 0.811366 0.789237 0.812294 0.785204 0.812191 0.779886 0.811572 0.771819 0.810953 0.768335 0.810334 0.764851 0.809200 0.760634 0.808065 0.758618 0.807034 0.757701 0.806106 0.756051 0.805693 0.754767 0.805796 0.753850 0.809303 0.753117 0.810128 0.751283 0.808375 0.746700 0.805384 0.745050 0.804352 0.747800 0.804352 0.750550 0.802393 0.751100 0.801568 0.749817 0.802186 0.746516 0.803837 0.743766 0.806312 0.737715 0.806415 0.735332 0.806415 0.732215 0.804662 0.731848 0.803424 0.734232 0.801361 0.743216 0.798474 0.746333 0.794039 0.749083 0.791254 0.749633 0.785685 0.753484 0.783828 0.753667 0.782281 0.756967 0.786304 0.763018 0.791357 0.761001 0.791667 0.767235 0.789810 0.769619 0.783828 0.774386 0.768255 0.779153 0.762067 0.779520 0.747009 0.778970 0.745668 0.779153 0.745050 0.781720 0.746287 0.791988 0.747731 0.798221 0.742265 0.805739 0.741233 0.817107 0.741440 0.822057 0.744534 0.821507 0.746287 0.818940 0.746390 0.830308 0.746390 0.835992 0.746803 0.841126 0.748762 0.851210 0.751031 0.855427 0.756601 0.862211 0.764851 0.860194 0.769699 0.857811 0.772277 0.851760 0.773102 0.847360 0.775165 0.842593 0.783416 0.842959 0.791873 0.844426 0.799711 0.838559 0.804249 0.836725 0.807343 0.842043 0.809509 0.845526 0.811159 0.848460 0.814150 0.850843 0.819823 0.851760 0.823226 0.849927 0.825083 0.846993
4 0.758945 0.774901 0.757474 0.769931 0.757327 0.765223 0.757033 0.759992 0.757033 0.752406 0.757033 0.747175 0.756738 0.740113 0.758210 0.727820 0.759681 0.718665 0.760564 0.714480 0.761005 0.703756 0.766008 0.692770 0.768803 0.691201 0.776012 0.694078 0.779838 0.700356 0.781456 0.705064 0.780720 0.706633 0.778955 0.710818 0.778661 0.717880 0.778661 0.719711 0.782780 0.731481 0.785870 0.736974 0.796904 0.746129 0.800730 0.751622 0.802642 0.754499 0.800288 0.757114 0.796022 0.757899 0.787341 0.751622 0.780279 0.747175 0.779102 0.750575 0.779985 0.759992 0.781309 0.765484 0.782044 0.772023 0.792491 0.778301 0.799553 0.785101 0.793962 0.818058 0.793962 0.821720 0.794992 0.823551 0.797640 0.824597 0.801171 0.828782 0.801613 0.830090 0.800288 0.832706 0.795727 0.833229 0.792049 0.834798 0.789548 0.834798 0.786311 0.835321 0.786458 0.827213 0.786605 0.820412 0.787047 0.813089 0.788665 0.801057 0.789548 0.794256 0.784546 0.790856 0.781162 0.790071 0.768803 0.784840 0.763212 0.780132
10 0.058854 0.116667 0.058333 0.237963 0.059375 0.266667 0.058333 0.300926 0.059375 0.341667 0.060417 0.360185 0.064062 0.369444 0.071354 0.369444 0.077083 0.369444 0.084375 0.371296 0.087500 0.375000 0.093229 0.376852 0.099479 0.375000 0.104688 0.375000 0.108333 0.376852 0.111979 0.373148 0.115104 0.364815 0.118229 0.357407 0.119271 0.351852 0.120313 0.323148 0.120313 0.211111 0.119271 0.136111 0.118229 0.125926 0.117188 0.122222 0.114583 0.117593
10 0.142708 0.160185 0.140104 0.187963 0.137500 0.252778 0.137500 0.285185 0.164583 0.344444 0.175000 0.332407 0.182292 0.325926 0.190104 0.317593 0.197396 0.309259 0.205208 0.292593 0.197917 0.272222 0.184896 0.267593 0.172917 0.262963 0.172917 0.250926 0.178646 0.245370 0.184375 0.239815 0.190625 0.234259 0.195833 0.229630 0.203125 0.217593 0.205729 0.197222 0.198958 0.191667 0.189062 0.187037 0.179167 0.182407 0.169792 0.177778 0.166146 0.162963
8 0.351968 0.798868 0.367593 0.796605 0.379630 0.795988 0.392708 0.793519 0.399306 0.792078 0.409144 0.791049 0.421065 0.790432 0.430671 0.787551 0.441458 0.785324 0.443125 0.779769 0.442448 0.771065 0.441250 0.759954 0.440625 0.747269 0.439479 0.738287 0.438802 0.732824 0.436615 0.730231 0.433646 0.730139 0.432969 0.727454 0.428021 0.725046 0.423449 0.724768 0.421246 0.727705 0.415896 0.728125 0.413929 0.730782 0.408815 0.732600 0.398508 0.733020 0.378761 0.735817 0.376715 0.735817 0.374670 0.733160 0.369634 0.732600 0.363891 0.733859 0.346661 0.736237 0.334309 0.737636 0.328330 0.738475 0.329982 0.740853 0.332421 0.743790 0.336040 0.745608 0.338557 0.748126 0.341311 0.751762 0.342413 0.753301 0.344065 0.761973 0.345953 0.770365 0.347762 0.778197 0.349021 0.785610 0.350831 0.794282
6 0.456146 0.784583 0.455573 0.780231 0.456094 0.776435 0.457865 0.774769 0.462604 0.772917 0.465625 0.771435 0.468385 0.768102 0.470260 0.765046 0.472135 0.763194 0.473802 0.761620 0.475469 0.760509 0.480260 0.758935 0.485104 0.757917 0.488385 0.758009 0.491042 0.757731 0.493333 0.757546 0.494167 0.761806 0.493698 0.767269 0.493958 0.772731 0.493750 0.777176 0.493438 0.780417 0.488698 0.781157 0.482448 0.781806 0.477813 0.782639 0.471302 0.783194 0.467187 0.783843 0.465885 0.785231 0.462500 0.785231 0.458490 0.786343 0.456615 0.786435
8 0.535807 0.776317 0.533921 0.778697 0.530818 0.779887 0.527958 0.779563 0.526072 0.776858 0.524186 0.776317 0.520657 0.776209 0.516033 0.776967 0.512686 0.777075 0.510739 0.774695 0.509826 0.769178 0.510678 0.765176 0.511408 0.761715 0.512139 0.757172 0.512017 0.753927 0.512625 0.745165 0.514633 0.741054 0.516094 0.738783 0.519197 0.736944 0.527106 0.735430 0.535138 0.733266 0.567386 0.727750 0.574626 0.727966 0.577425 0.728507 0.579859 0.730238 0.582293 0.739540 0.583145 0.747220 0.582719 0.750790 0.583206 0.754792 0.583449 0.757496 0.580528 0.759227 0.576330 0.760741 0.573653 0.762039 0.571219 0.764094 0.569941 0.768097 0.569150 0.771666 0.568785 0.772964 0.567447 0.775344 0.565317 0.774479 0.564344 0.773181 0.563979 0.769178 0.549741 0.768638 0.543474 0.768529 0.539641 0.769070 0.536842 0.769178 0.536051 0.769611 0.536416 0.770585 0.536720 0.774370
6 0.806823 0.742824 0.813802 0.740880 0.814583 0.742454 0.816354 0.743009 0.817865 0.742454 0.818802 0.740509 0.817969 0.734398 0.817969 0.732639 0.818281 0.729398 0.817708 0.726991 0.816406 0.725231 0.815312 0.721991 0.813854 0.721157 0.804271 0.722083 0.800885 0.723287 0.798125 0.723287 0.795417 0.725231 0.795573 0.732083 0.796563 0.738009 0.797031 0.741620 0.797656 0.744120 0.799740 0.744491 0.801406 0.743194 0.803646 0.733843 0.804531 0.731713 0.806198 0.731713 0.806563 0.737083 0.806198 0.740417
8 0.756667 0.749954 0.750521 0.750694 0.746250 0.750787 0.742396 0.751157 0.739948 0.750602 0.739427 0.749213 0.738854 0.744306 0.739219 0.739769 0.740417 0.736991 0.741042 0.734491 0.741510 0.731713 0.741563 0.728009 0.741719 0.724583 0.741979 0.721065 0.742083 0.718565 0.741667 0.715694 0.742812 0.713657 0.745365 0.713102 0.746823 0.712546 0.749635 0.711898 0.751615 0.711528 0.753802 0.711157 0.756719 0.711065 0.759479 0.710787 0.760625 0.710417 0.792448 0.707083 0.793490 0.710417 0.794323 0.713843 0.794792 0.720602 0.795469 0.725694 0.795625 0.732454 0.796719 0.738102 0.797188 0.742176 0.797604 0.744028 0.797083 0.746528
6 0.884427 0.733380 0.889167 0.732546 0.892135 0.731806 0.895417 0.731435 0.899479 0.731250 0.902865 0.729398 0.902448 0.726620 0.901979 0.722917 0.901354 0.720602 0.900313 0.717731 0.899219 0.715787 0.897656 0.713843 0.895833 0.712454 0.893437 0.711898 0.891875 0.711620 0.885833 0.711898 0.883229 0.712546 0.880990 0.713009 0.879062 0.714120 0.876406 0.716620 0.873906 0.719120 0.872656 0.721157 0.874010 0.724398 0.874479 0.728287 0.875000 0.732639 0.875104 0.733843 0.878125 0.734120 0.881302 0.733750
6 0.237969 0.817917 0.222083 0.823843 0.220260 0.824954 0.216771 0.823843 0.212552 0.823565 0.209115 0.822083 0.208125 0.817824 0.207708 0.813472 0.209792 0.809583 0.215052 0.805880 0.217656 0.805046 0.219896 0.803750 0.221979 0.801713 0.224375 0.799306 0.226302 0.797176 0.229375 0.794306 0.230885 0.792361 0.234375 0.791065 0.238073 0.790046 0.243177 0.788565 0.246354 0.788287 0.248750 0.788750 0.250625 0.789398 0.251094 0.791065 0.249583 0.791991 0.247448 0.793102 0.239323 0.816343
4 0.049115 0.845602 0.046927 0.845324 0.047500 0.842639 0.047760 0.840417 0.048385 0.837269 0.048802 0.833935 0.049583 0.830231 0.050000 0.826898 0.049740 0.824583 0.049896 0.821528 0.050313 0.819306 0.050625 0.816528 0.050990 0.814491 0.051406 0.812546 0.052083 0.811343 0.052292 0.810787 0.052292 0.808750 0.052500 0.806713 0.054167 0.805694 0.055208 0.805509 0.056146 0.806713 0.057344 0.809491 0.056927 0.810602 0.055521 0.811157 0.055260 0.813102 0.056302 0.816898 0.056458 0.819028 0.056510 0.821528 0.056198 0.824306 0.056302 0.830046 0.056302 0.831991 0.056198 0.836898 0.056458 0.839491 0.056458 0.840787 0.056719 0.843287 0.057292 0.843657 0.057083 0.845972 0.054896 0.846157 0.054271 0.844398 0.053073 0.842361 0.053281 0.839120 0.053333 0.836435 0.052812 0.833565 0.052031 0.837454 0.051719 0.839861 0.050781 0.843287 0.051198 0.844213 0.050990 0.845231
5 0.424271 0.793935 0.423490 0.794306 0.421979 0.796157 0.421719 0.797639 0.421771 0.799398 0.422448 0.801806 0.423802 0.802546 0.423021 0.804861 0.422187 0.806991 0.419635 0.807454 0.417396 0.810787 0.417344 0.813102 0.419323 0.811713 0.419948 0.810324 0.421042 0.809954 0.422240 0.810787 0.422813 0.811157 0.423594 0.811250 0.424635 0.811250 0.424635 0.809398 0.425052 0.805324 0.426354 0.806898 0.426719 0.808935 0.427083 0.810324 0.429531 0.810602 0.430990 0.810139 0.434531 0.808472 0.437917 0.808472 0.439583 0.806250 0.440052 0.807361 0.441563 0.808843 0.444323 0.809306 0.444792 0.806435 0.443906 0.802546 0.444688 0.799769 0.445469 0.796065 0.443906 0.792639 0.442448 0.794954 0.441354 0.796991 0.439375 0.798009 0.436719 0.798287 0.434583 0.799398 0.432552 0.799676 0.429583 0.798287 0.426927 0.799213 0.426510 0.797083 0.426250 0.795324 0.425365 0.793843
4 0.431771 0.796250 0.429948 0.800787 0.430729 0.805694 0.431615 0.809213 0.434427 0.810880 0.434115 0.807083 0.433333 0.804306 0.436198 0.801528 0.436354 0.800324 0.437135 0.798565 0.437865 0.794861 0.437448 0.790787 0.435156 0.786991 0.435208 0.784213 0.435625 0.782546 0.435677 0.781157 0.436250 0.777546 0.435573 0.774120 0.433698 0.774491 0.432240 0.775880 0.431510 0.777269 0.431094 0.780046 0.431406 0.782731 0.431563 0.785324 0.431406 0.787269 0.430833 0.790231 0.431042 0.793102 0.430208 0.794213 0.429427 0.794954 0.430365 0.795787
4 0.436563 0.776528 0.438802 0.776806 0.439479 0.778935 0.439271 0.783009 0.438906 0.784306 0.440469 0.785787 0.441667 0.788843 0.442188 0.793657 0.442500 0.795880 0.441563 0.798009 0.439531 0.799861 0.438958 0.802269 0.438854 0.806250 0.438281 0.808009 0.436615 0.808935 0.436563 0.807454 0.436667 0.805602 0.437031 0.802731 0.436823 0.800046 0.436927 0.798657 0.437812 0.794676 0.437552 0.790694 0.435156 0.786991 0.435052 0.784120 0.435521 0.782824 0.435625 0.781250 0.436250 0.777824
1 0.979688 0.901852 0.976562 0.903704 0.973437 0.905556 0.970833 0.907407 0.964583 0.909259 0.959375 0.911111 0.950521 0.912963 0.937500 0.914815 0.925000 0.916667 0.918750 0.918519 0.913021 0.920370 0.904687 0.922222 0.898438 0.924074 0.893750 0.925926 0.888542 0.927778 0.883333 0.929630 0.880729 0.931481 0.878125 0.933333 0.875521 0.935185 0.872396 0.937037 0.868750 0.938889 0.866146 0.940741 0.862500 0.942593 0.850521 0.944444 0.840625 0.942593 0.825521 0.940741 0.817187 0.942593 0.812500 0.944444 0.809896 0.946296 0.806771 0.948148 0.798958 0.950000 0.792188 0.951852 0.788021 0.953704 0.780729 0.955556 0.773958 0.957407 0.770833 0.959259 0.768229 0.962037 0.765104 0.965741 0.758854 0.976852 0.756771 0.978704 0.754167 0.981481 0.998958 0.901852
