11 0.958113 0.859285 0.958113 0.864502 0.957563 0.866132 0.955362 0.867110 0.950594 0.862546 0.946560 0.861568 0.939957 0.861568 0.938857 0.865806 0.934639 0.866132 0.932255 0.862872 0.929137 0.861568 0.926753 0.856025 0.924553 0.846570 0.923819 0.838419 0.923819 0.827986 0.927487 0.816249 0.930054 0.813641 0.935739 0.811685 0.941608 0.810381 0.947843 0.810055 0.957746 0.811685 0.960681 0.813967 0.961598 0.820814 0.959397 0.831247 0.959397 0.841354 0.959214 0.849504
6 0.668354 0.853417 0.668354 0.844940 0.668354 0.838745 0.668721 0.835485 0.671105 0.835811 0.672939 0.839397 0.674039 0.839724 0.674956 0.833529 0.675139 0.826682 0.674956 0.822118 0.672022 0.813641 0.668170 0.815597 0.667804 0.819184 0.668721 0.832877 0.668904 0.836137 0.667804 0.814945 0.664503 0.803208 0.664319 0.799296 0.662119 0.796688 0.657901 0.796035 0.652766 0.794405 0.649098 0.795057 0.646897 0.798644 0.645613 0.802556 0.643779 0.813641 0.642312 0.819836 0.641212 0.832551 0.641212 0.838745 0.641212 0.846244 0.642312 0.849830 0.643963 0.850156 0.646163 0.845266 0.650015 0.844940 0.659001 0.847548 0.662485 0.847874 0.664503 0.851135
10 0.607812 0.760185 0.607812 0.769444 0.608333 0.769444 0.608854 0.770370 0.612500 0.770370 0.613542 0.768519 0.613542 0.760185
10 0.625521 0.762037 0.625521 0.770370 0.627604 0.770370 0.628125 0.769444 0.629167 0.769444 0.629687 0.768519 0.630208 0.768519 0.630729 0.767593 0.630729 0.762037
10 0.607292 0.757407 0.607292 0.768519 0.607812 0.769444 0.613021 0.769444 0.614062 0.767593 0.614583 0.767593 0.614583 0.757407
6 0.642059 0.808508 0.638738 0.809045 0.636624 0.808508 0.634511 0.809581 0.632850 0.815217 0.631492 0.820853 0.630586 0.829979 0.630586 0.835346 0.631944 0.838298 0.634813 0.838298 0.635568 0.835615 0.638587 0.835346 0.640399 0.835346 0.641455 0.829442 0.641455 0.822732 0.641757 0.817096 0.642814 0.811997
6 0.626963 0.875872 0.627114 0.865137 0.628774 0.854402 0.627868 0.841787 0.625755 0.832126 0.625000 0.825684 0.623188 0.821122 0.621679 0.814681 0.618659 0.806361 0.617301 0.802603 0.612319 0.801530 0.605827 0.799919 0.598430 0.799919 0.588013 0.800188 0.586051 0.801530 0.583484 0.809581 0.582277 0.814144 0.578955 0.816023 0.576691 0.816559 0.574577 0.818438 0.575785 0.823806 0.576389 0.825148 0.576842 0.833199 0.574879 0.841251 0.576540 0.845008 0.576389 0.849839 0.575634 0.861916 0.576993 0.867016 0.576389 0.874262 0.581673 0.878288 0.583635 0.877483 0.584994 0.871846 0.588164 0.869163 0.592995 0.868357 0.598128 0.868357 0.607186 0.868089 0.614583 0.869968 0.617905 0.870505 0.619112 0.875335 0.621830 0.879630 0.624698 0.879630
4 0.375401 0.788105 0.374199 0.797365 0.374199 0.816595 0.374199 0.838675 0.372997 0.857906 0.373798 0.872863 0.373798 0.897792 0.370994 0.919160 0.368990 0.939815 0.369391 0.955484 0.370192 0.965456 0.380208 0.969729 0.401843 0.969729 0.402244 0.964744 0.396635 0.959758 0.392628 0.955484 0.391426 0.941952 0.390224 0.916311 0.395833 0.909188 0.397436 0.886396 0.399840 0.857906 0.401442 0.837963 0.405048 0.813746 0.403045 0.793803 0.394631 0.765313 0.393429 0.754630 0.398237 0.749644 0.401042 0.729701 0.396234 0.718305 0.388622 0.720442 0.383814 0.728989 0.383814 0.740385 0.381410 0.750356 0.377804 0.760328 0.375000 0.777422
4 0.093127 0.806268 0.094907 0.801519 0.097133 0.797167 0.098024 0.792814 0.098469 0.784109 0.103365 0.781339 0.108262 0.784900 0.108262 0.788857 0.109820 0.796771 0.111156 0.804685 0.112269 0.814973 0.110933 0.817743 0.108930 0.828427 0.106481 0.836341 0.105591 0.846233 0.106704 0.850981 0.106704 0.857312 0.102252 0.858104 0.095353 0.856917 0.095130 0.852960 0.096243 0.844255 0.098914 0.833175 0.097356 0.828031 0.094907 0.823283 0.094462 0.814973
6 0.207087 0.867601 0.207309 0.875910 0.205306 0.879471 0.202190 0.882637 0.197516 0.883033 0.195068 0.879471 0.192842 0.874327 0.185497 0.872745 0.173923 0.873140 0.163239 0.872349 0.155894 0.872349 0.156116 0.879076 0.153446 0.881054 0.145433 0.879076 0.143429 0.869579 0.142317 0.854543 0.145210 0.843859 0.146100 0.837923 0.151665 0.830801 0.160123 0.824074 0.171029 0.810620 0.178819 0.798354 0.181713 0.794793 0.185719 0.790836 0.190394 0.790440 0.198406 0.788857 0.202190 0.789649 0.209980 0.788066 0.221777 0.790044 0.227342 0.792418 0.232906 0.800728 0.238916 0.813786 0.240251 0.826448 0.240251 0.839110 0.236912 0.850190 0.237580 0.858104 0.237580 0.868788 0.234687 0.875119 0.228232 0.880263 0.224003 0.876701 0.222890 0.870370 0.221109 0.866413 0.213097 0.866018
6 0.237939 0.850755 0.247122 0.850268 0.247807 0.851730 0.249589 0.853923 0.252741 0.854410 0.254386 0.852217 0.254660 0.854654 0.256990 0.860258 0.261787 0.860502 0.263706 0.857578 0.264666 0.849537 0.269737 0.848562 0.276453 0.847588 0.277686 0.852461 0.280291 0.855141 0.285773 0.856847 0.289062 0.850755 0.289748 0.841740 0.291941 0.830288 0.291941 0.820297 0.292215 0.812256 0.291530 0.804459 0.291393 0.797880 0.290022 0.788134 0.288103 0.782773 0.285225 0.780336 0.278783 0.778874 0.272204 0.778143 0.263843 0.777900 0.259183 0.778874 0.247533 0.778631 0.243695 0.780580 0.237802 0.785210 0.234649 0.789596 0.233416 0.793738 0.232593 0.800317 0.234786 0.803728 0.236431 0.806165 0.238624 0.810307 0.239857 0.816155 0.240132 0.821028 0.239995 0.830775 0.239857 0.836866 0.239446 0.843202
6 0.372396 0.797880 0.368558 0.801535 0.367462 0.803972 0.364720 0.807383 0.362390 0.807383 0.361157 0.810551 0.362664 0.811038 0.361842 0.814449 0.358964 0.820297 0.358141 0.824683 0.357319 0.830531 0.356634 0.839059 0.357730 0.843689 0.360197 0.847344 0.363761 0.846126 0.364583 0.842227 0.367599 0.840521 0.369929 0.840521 0.370477 0.844420 0.373355 0.845395 0.375685 0.839790 0.376645 0.832968 0.376508 0.822490 0.376371 0.815180 0.375274 0.807627 0.376508 0.803241 0.376234 0.798611
6 0.403372 0.829800 0.406250 0.830044 0.408032 0.835161 0.410362 0.836866 0.412281 0.833212 0.414337 0.831262 0.415570 0.833699 0.418723 0.831993 0.418860 0.824683 0.422149 0.817617 0.421053 0.810551 0.418860 0.805190 0.416667 0.796662 0.415296 0.793981 0.408717 0.791788 0.402686 0.792763 0.401179 0.795687 0.401590 0.802022 0.402686 0.813475 0.402549 0.821516
6 0.468196 0.802784 0.466502 0.804190 0.464694 0.809010 0.463677 0.813228 0.462999 0.816241 0.461305 0.824074 0.462434 0.830702 0.464694 0.830501 0.465259 0.827489 0.465372 0.829899 0.467293 0.830702 0.469439 0.827288 0.471247 0.827087 0.475427 0.827489 0.476444 0.831706 0.478365 0.832309 0.479494 0.829296 0.481754 0.828895 0.483110 0.832309 0.484126 0.828694 0.484578 0.822869 0.482997 0.814232 0.481980 0.812224 0.480172 0.804792 0.479042 0.799972 0.474749 0.799369 0.470004 0.801177
4 0.723335 0.817714 0.723874 0.820176 0.723874 0.824006 0.723566 0.827562 0.723181 0.832075 0.723181 0.835631 0.723566 0.840144 0.721950 0.843017 0.719950 0.842470 0.718642 0.839597 0.719027 0.828793 0.719335 0.824553 0.718950 0.820313 0.718719 0.818672 0.719719 0.817304 0.720027 0.816620 0.720104 0.815526 0.719873 0.813338 0.720873 0.812654 0.722412 0.812791 0.722797 0.815526
