6 0.002560 0.954724 0.008298 0.957863 0.016243 0.968848 0.030809 0.974341 0.036988 0.964925 0.044050 0.948446 0.048023 0.941384 0.052878 0.907643 0.052436 0.883318 0.048464 0.863701 0.039195 0.851146 0.033898 0.843299 0.025512 0.833883 0.017567 0.819758 0.013595 0.811127 0.006091 0.802495 0.000000 0.793110
7 0.218550 0.934829 0.226963 0.922009 0.229367 0.911325 0.231771 0.902778 0.236979 0.900641 0.239784 0.887108 0.244992 0.864316 0.243389 0.843661 0.245793 0.823718 0.245793 0.799501 0.255409 0.794516 0.259415 0.782407 0.261418 0.766738 0.258614 0.755342 0.251803 0.761040 0.248998 0.778846 0.244591 0.778846 0.241787 0.763177 0.240585 0.741097 0.235777 0.719729 0.228566 0.710470 0.220954 0.711895 0.223357 0.703348 0.232171 0.701211 0.236979 0.634259 0.232973 0.632123 0.235377 0.619302 0.265825 0.612179 0.268229 0.569444 0.150841 0.537393 0.069111 0.587251 0.067909 0.626425 0.062700 0.628561 0.047075 0.821581 0.042668 0.851496 0.051082 0.857194 0.052684 0.867877 0.058293 0.865028 0.062700 0.856481 0.060296 0.872151 0.059495 0.884259 0.061098 0.897080 0.063902 0.907764 0.068309 0.909900 0.074319 0.914174 0.084335 0.917735 0.088742 0.909900 0.090345 0.895655 0.095553 0.887821 0.104768 0.891382 0.104768 0.904202 0.107572 0.922009 0.108774 0.926994 0.117989 0.939103 0.125601 0.939103 0.136418 0.934829 0.144030 0.923433 0.146034 0.915598 0.151643 0.919872 0.157252 0.920584 0.162861 0.917735 0.166066 0.915598 0.170873 0.912037 0.195713 0.912749 0.196915 0.917735 0.199720 0.930556 0.204127 0.936254 0.212540 0.939103
6 0.000715 0.782994 0.006034 0.783646 0.016120 0.783646 0.025657 0.786255 0.033176 0.787559 0.039594 0.792449 0.040878 0.799948 0.044363 0.808099 0.046196 0.813967 0.046380 0.827660 0.044546 0.838419 0.042529 0.845918 0.039044 0.844940 0.036293 0.839724 0.030792 0.832877 0.027124 0.828638 0.022355 0.822770 0.017954 0.818206 0.015387 0.812337 0.012452 0.807773 0.008968 0.800600 0.002549 0.793101 0.000348 0.788537
6 0.431304 0.982519 0.439386 0.976133 0.442529 0.959371 0.440284 0.939416 0.451509 0.937819 0.453305 0.945003 0.458693 0.955380 0.469019 0.952187 0.474407 0.933030 0.475305 0.909084 0.477550 0.873962 0.473509 0.862787 0.471713 0.843630 0.469468 0.830859 0.466774 0.824473 0.469019 0.813298 0.463631 0.804518 0.457346 0.810904 0.452407 0.798132 0.444325 0.775782 0.433998 0.757423 0.421875 0.751836 0.411997 0.747845 0.399874 0.746248 0.386853 0.747047 0.365751 0.747047 0.348240 0.746248 0.332525 0.745450 0.321300 0.750239 0.310973 0.763809 0.303341 0.782966 0.294361 0.806114 0.287626 0.823675 0.289871 0.861191 0.284932 0.879550 0.281340 0.890725 0.280891 0.912277 0.279095 0.929039 0.283136 0.954582 0.286728 0.968950 0.301545 0.980923 0.314565 0.977730 0.317708 0.961766 0.323096 0.956976 0.343750 0.957775 0.382364 0.956178 0.392241 0.953784 0.401221 0.956178 0.408405 0.968950 0.413344 0.980923 0.423671 0.987308
4 0.531542 0.840837 0.529297 0.842832 0.529521 0.854406 0.530195 0.863586 0.529297 0.875958 0.525256 0.883142 0.523460 0.878352 0.523235 0.871169 0.522113 0.856801 0.522113 0.845227 0.523460 0.834451 0.526603 0.832455 0.528623 0.825271 0.530419 0.821679 0.525929 0.816092 0.527501 0.810105 0.529970 0.802522 0.534460 0.800128 0.536930 0.794540 0.537828 0.789751 0.541644 0.782168 0.546359 0.785760 0.547257 0.792944 0.545685 0.801325 0.548155 0.806913 0.549053 0.812101 0.549502 0.820482 0.548828 0.828464 0.547481 0.833254 0.550175 0.841635 0.550400 0.850016 0.548155 0.860393 0.547930 0.868375 0.545461 0.871169 0.542318 0.869572 0.541869 0.859595 0.542767 0.853608 0.542991 0.847222 0.540522 0.843630 0.537603 0.840038 0.534011 0.839240
5 0.541869 0.889527 0.542093 0.893918 0.540073 0.897110 0.537154 0.893119 0.537154 0.897510 0.535358 0.901501 0.532215 0.899505 0.532440 0.892321 0.531766 0.879949 0.530419 0.870370 0.529970 0.862787 0.530644 0.856003 0.529072 0.845626 0.532664 0.841236 0.539848 0.843630 0.542093 0.855204 0.542318 0.863186 0.542767 0.871568 0.544338 0.876357 0.547706 0.882344 0.548155 0.886734 0.543665 0.887133
4 0.470813 0.838232 0.470733 0.834551 0.471211 0.831295 0.471689 0.825631 0.472166 0.821667 0.472485 0.817137 0.471848 0.814871 0.470096 0.814305 0.468822 0.810907 0.470494 0.809775 0.471848 0.808359 0.472883 0.807509 0.473839 0.805952 0.475432 0.805527 0.476626 0.806660 0.477024 0.810341 0.478378 0.813031 0.479891 0.817703 0.481484 0.822375 0.481803 0.827614 0.481962 0.832710 0.480847 0.835825 0.479175 0.837099 0.478219 0.842904 0.477741 0.845877 0.477024 0.851540 0.476308 0.856071 0.475591 0.858902 0.474396 0.859186 0.473202 0.857770 0.472963 0.856071 0.472644 0.849700 0.471290 0.843895
6 0.527834 0.803262 0.525444 0.803120 0.519949 0.802554 0.513897 0.802129 0.513499 0.800006 0.512702 0.799581 0.512623 0.801705 0.497890 0.802129 0.488174 0.825348 0.486581 0.829171 0.484351 0.833985 0.484112 0.841771 0.483794 0.845736 0.483794 0.853806 0.484112 0.860885 0.484749 0.870654 0.484590 0.879148 0.485307 0.886652 0.487935 0.888351 0.490563 0.887501 0.491837 0.885944 0.491996 0.884387 0.492395 0.881130 0.492713 0.876883 0.494545 0.876741 0.494943 0.880564 0.496854 0.882688 0.498766 0.883537 0.500040 0.882971 0.501234 0.881414 0.501871 0.876883 0.523294 0.877449 0.524568 0.874901 0.524887 0.872211 0.523613 0.871928 0.522179 0.868955 0.522418 0.863716 0.522577 0.858053 0.521701 0.854655 0.521861 0.851682 0.521861 0.846160 0.521701 0.842762 0.522020 0.839506 0.522896 0.834834 0.524887 0.832427 0.526798 0.830304 0.527674 0.827189 0.526878 0.826764 0.525683 0.828463 0.523453 0.829737 0.521861 0.825348 0.521861 0.821384 0.522657 0.819119 0.523453 0.814022 0.525365 0.809491 0.527913 0.805952 0.528869 0.803828
6 0.548699 0.859327 0.561441 0.859894 0.562078 0.862584 0.562158 0.865274 0.562715 0.866831 0.563989 0.867680 0.564865 0.867397 0.565263 0.866972 0.565662 0.865698 0.567015 0.865981 0.567653 0.864990 0.567812 0.859894 0.567414 0.858053 0.568608 0.847435 0.568210 0.843329 0.567892 0.838940 0.567573 0.835400 0.567334 0.832569 0.568529 0.830728 0.569644 0.830304 0.569962 0.828605 0.569006 0.826764 0.567653 0.826056 0.566936 0.827755 0.566458 0.828888 0.565104 0.825915 0.564228 0.820393 0.563113 0.815579 0.562317 0.811332 0.560167 0.810058 0.557698 0.809633 0.551725 0.809633 0.549336 0.809633 0.548539 0.811474 0.548460 0.816570 0.548778 0.824216 0.548699 0.830304 0.547265 0.832427 0.548539 0.838657 0.550371 0.844603 0.550212 0.850691 0.549017 0.855363
6 0.652018 0.925733 0.651150 0.915702 0.651584 0.904514 0.653320 0.890625 0.654188 0.874035 0.652886 0.858989 0.652018 0.844715 0.653103 0.834298 0.655273 0.833526 0.657444 0.830054 0.656793 0.824653 0.652452 0.820795 0.649197 0.814622 0.646159 0.807292 0.644640 0.789931 0.642253 0.781057 0.641819 0.772569 0.640299 0.762924 0.637695 0.762539 0.628798 0.762153 0.621202 0.759452 0.619249 0.755980 0.615777 0.754437 0.607530 0.751736 0.600586 0.752508 0.595812 0.752122 0.592339 0.751350 0.588216 0.755594 0.586480 0.765625 0.586697 0.770255 0.585395 0.778742 0.579753 0.804205 0.576931 0.829668 0.574761 0.846258 0.574978 0.859375 0.573459 0.873650 0.573025 0.897184 0.574761 0.919946 0.579536 0.923032 0.583659 0.920718 0.584744 0.914159 0.586914 0.910301 0.593641 0.906829 0.594076 0.902585 0.599284 0.902585 0.606879 0.905285 0.612739 0.907215 0.618381 0.907600 0.624240 0.906829 0.629666 0.906829 0.632921 0.907215 0.636176 0.911073 0.640951 0.911458 0.642036 0.912230 0.642904 0.920718 0.646159 0.929977
6 0.910991 0.994124 0.874933 0.987595 0.854901 0.983440 0.853900 0.989376 0.833868 0.985221 0.834201 0.994124 0.831864 0.997685 0.827958 1.000000 0.814837 1.000000 0.803152 1.000000 0.799479 0.997685 0.794137 0.985814 0.794137 0.982253 0.793136 0.972756 0.786458 0.961479 0.785791 0.952576 0.787794 0.938331 0.785123 0.919338 0.788462 0.908060 0.791466 0.902125 0.791466 0.883725 0.791466 0.870667 0.792134 0.857016 0.794471 0.849300 0.797142 0.844551 0.815505 0.781636 0.821181 0.775700 0.822516 0.770952 0.824519 0.767391 0.826522 0.759081 0.826522 0.743649 0.830529 0.740088 0.833534 0.738901 0.847556 0.741275 0.860577 0.742462 0.884615 0.742462 0.896635 0.740681 0.903646 0.737120 0.907318 0.735340 0.928018 0.740088 0.947382 0.742462 0.954394 0.748397 0.958400 0.750772 0.956731 0.756707 0.957399 0.762642 0.960069 0.766797 0.962073 0.769765 0.956063 0.770952 0.964076 0.780449 0.971087 0.786978 0.976429 0.796474 0.988448 0.815468 1.000000 0.837114 0.999132 0.984627 0.952724 0.990563 0.955395 0.996498 0.950053 0.997685 0.905649 0.998279
11 0.789714 0.864917 0.784956 0.863137 0.783704 0.864027 0.782452 0.866253 0.779698 0.866030 0.776943 0.862914 0.775691 0.861579 0.774564 0.857572 0.774564 0.852898 0.775441 0.845330 0.775065 0.841101 0.775441 0.835092 0.775816 0.830640 0.781200 0.830640 0.794096 0.830418 0.795222 0.836427 0.795723 0.843772 0.794596 0.846443 0.792468 0.849559 0.791466 0.854679 0.791216 0.861579 0.791216 0.866253
9 0.609375 0.595370 0.609375 0.623148 0.638542 0.623148 0.639062 0.622222 0.639583 0.622222 0.640104 0.621296 0.640625 0.621296 0.641146 0.620370 0.641146 0.616667 0.641667 0.615741 0.641667 0.607407 0.641146 0.606481 0.641146 0.599074 0.640625 0.598148 0.640625 0.596296 0.640104 0.595370
9 0.539583 0.595370 0.539583 0.622222 0.570312 0.622222 0.570833 0.621296 0.571354 0.621296 0.571354 0.620370 0.571875 0.619444 0.572396 0.619444 0.572396 0.597222 0.571354 0.595370
