6 0.435734 0.888849 0.435287 0.904347 0.436852 0.912295 0.438416 0.918256 0.444452 0.921833 0.451605 0.921038 0.455405 0.915474 0.456076 0.909911 0.457640 0.902758 0.460099 0.896400 0.463676 0.892426 0.469488 0.887657 0.478429 0.882491 0.485806 0.879709 0.496982 0.878120 0.513300 0.878517 0.547724 0.879709 0.555101 0.879709 0.557560 0.883286 0.564489 0.884875 0.565831 0.891234 0.569631 0.892426 0.569854 0.897592 0.570078 0.903155 0.570525 0.908321 0.571643 0.913090 0.571866 0.915474 0.572760 0.918654 0.579243 0.921435 0.582149 0.922230 0.587737 0.922628 0.589749 0.920641 0.591984 0.890836 0.592655 0.839175 0.592431 0.772413 0.588184 0.759299 0.585278 0.748569 0.585055 0.741416 0.585278 0.732276 0.582149 0.723136 0.578796 0.713996 0.569407 0.683794 0.563819 0.664322 0.560689 0.652003 0.558231 0.639286 0.554207 0.627364 0.548395 0.626172 0.543477 0.626172 0.474405 0.630941 0.467699 0.632531 0.467699 0.642068 0.469041 0.649221 0.467252 0.650413 0.463005 0.651208 0.460993 0.657566 0.458758 0.666309 0.453840 0.687768 0.449146 0.710420 0.446911 0.720354 0.441546 0.735853 0.435734 0.745390 0.435511 0.754928 0.435734 0.764068 0.435287 0.773208 0.433275 0.816524 0.433946 0.830830 0.434393 0.843944 0.434840 0.852289 0.435063 0.860237 0.435511 0.869377 0.435734 0.876927 0.435734 0.883286
6 0.000443 0.548112 0.108354 0.542665 0.115162 0.537219 0.180862 0.562636 0.186649 0.578976 0.182904 0.586238 0.175756 0.591080 0.174054 0.594711 0.184606 0.598342 0.186309 0.598342 0.185968 0.603788 0.183585 0.610445 0.183926 0.620733 0.191755 0.624365 0.196861 0.637679 0.213542 0.649782 0.236349 0.687908 0.250647 0.722404 0.252689 0.714536 0.262561 0.713931 0.272774 0.718168 0.274135 0.723009 0.275157 0.729061 0.274476 0.732692 0.271072 0.739349 0.269370 0.742375 0.264604 0.745401 0.263900 0.748958 0.272179 0.761221 0.280802 0.771952 0.286148 0.791881 0.287183 0.806291 0.291149 0.859639 0.290977 0.865158 0.289597 0.871597 0.287528 0.878342 0.287528 0.900417 0.285286 0.944260 0.282871 0.961123 0.278042 0.969402 0.272523 0.973694 0.267695 0.976147 0.258899 0.977986 0.253898 0.978599 0.251311 0.975840 0.249069 0.970935 0.247861 0.962963 0.235272 0.970935 0.202416 1.000000 0.077642 0.999448 0.000379 0.999448
6 0.238577 0.689211 0.316828 0.682949 0.339473 0.699052 0.335950 0.702630 0.335447 0.708892 0.344253 0.718733 0.358092 0.755412 0.364885 0.753623 0.369163 0.755412 0.369917 0.760333 0.365388 0.763464 0.363627 0.768384 0.363879 0.775989 0.369666 0.783145 0.370169 0.787619 0.371679 0.790302 0.374950 0.793434 0.375956 0.799249 0.374950 0.805064 0.375201 0.813115 0.378221 0.842190 0.376711 0.854267 0.375956 0.864555 0.372434 0.870370 0.370169 0.872607 0.365137 0.873502 0.363124 0.872160 0.362118 0.869476 0.361111 0.862766 0.360608 0.858740 0.348027 0.860082 0.348279 0.882000 0.345763 0.888710 0.343498 0.896314 0.341486 0.901682 0.329911 0.902576 0.322615 0.902129 0.320602 0.891394 0.317583 0.874843 0.311041 0.872160 0.305505 0.871265 0.303996 0.865897 0.295189 0.865897 0.291667 0.866345 0.287641 0.803722 0.280847 0.771963 0.274054 0.764359 0.265499 0.751834 0.271538 0.738415 0.275060 0.722312 0.269273 0.716944 0.261977 0.713366 0.252919 0.716497 0.251912 0.723206 0.248390 0.720970 0.245874 0.712918 0.238577 0.700841
6 0.337195 0.709436 0.348179 0.709436 0.359162 0.707861 0.369083 0.709751 0.375283 0.709751 0.381661 0.712900 0.385027 0.716364 0.391823 0.732042 0.394437 0.740532 0.396509 0.743736 0.397681 0.741974 0.401015 0.740372 0.403267 0.740372 0.404799 0.740853 0.406241 0.743416 0.406331 0.746139 0.405790 0.748702 0.403628 0.751426 0.401195 0.753028 0.400744 0.754630 0.400474 0.759435 0.404709 0.767285 0.405160 0.772411 0.405520 0.778018 0.405790 0.785547 0.405340 0.795159 0.405520 0.799965 0.405610 0.806693 0.405700 0.812620 0.405430 0.816785 0.404619 0.822552 0.403267 0.826877 0.401105 0.828800 0.398762 0.828640 0.396149 0.828960 0.394256 0.826877 0.393806 0.825115 0.392815 0.820630 0.389841 0.821431 0.390111 0.824955 0.390201 0.829441 0.390201 0.832805 0.389931 0.837290 0.389751 0.840494 0.385155 0.844018 0.380199 0.844499 0.378667 0.843378 0.375424 0.813742 0.375063 0.805411 0.375874 0.800285 0.375424 0.792916 0.372089 0.790994 0.370467 0.788110 0.369747 0.783465 0.365061 0.775775 0.363439 0.769207 0.366773 0.767445 0.368125 0.764882 0.369476 0.762319 0.369386 0.757353 0.368665 0.755591 0.365151 0.753829 0.363259 0.753829 0.360916 0.755431 0.358303 0.755751 0.352446 0.739732 0.344065 0.720348 0.339830 0.714261
6 0.382460 0.713432 0.390189 0.712123 0.395956 0.712341 0.401355 0.712232 0.412826 0.712232 0.418961 0.712668 0.421231 0.713323 0.424482 0.718558 0.425648 0.721939 0.426568 0.724774 0.428224 0.730991 0.428715 0.735898 0.429697 0.739607 0.431476 0.748222 0.433500 0.753457 0.433500 0.758910 0.433439 0.765018 0.433562 0.771452 0.433132 0.779196 0.433009 0.785303 0.433071 0.790974 0.432396 0.797845 0.432335 0.807660 0.432212 0.810387 0.430187 0.812786 0.426691 0.813004 0.424789 0.811368 0.423930 0.807442 0.422458 0.801008 0.421354 0.792283 0.420372 0.787593 0.414421 0.788466 0.409882 0.788575 0.405649 0.789011 0.405771 0.785848 0.405465 0.778541 0.404851 0.772434 0.404974 0.767853 0.401600 0.759456 0.400741 0.754875 0.401109 0.753239 0.403686 0.752148 0.405403 0.748986 0.406385 0.746150 0.406385 0.743424 0.404483 0.740588 0.403072 0.740152 0.400925 0.740152 0.397674 0.741897 0.396569 0.743424 0.394668 0.741351 0.391968 0.732190 0.384914 0.716922
6 0.390313 0.711157 0.392292 0.703102 0.393958 0.697269 0.395573 0.693287 0.395937 0.690417 0.397656 0.689398 0.400885 0.688657 0.412188 0.688009 0.420781 0.687454 0.426198 0.688102 0.431458 0.688657 0.434688 0.690509 0.436302 0.692454 0.436979 0.695972 0.438438 0.700602 0.439740 0.705509 0.440990 0.710694 0.441979 0.715880 0.442760 0.720231 0.443177 0.724120 0.441354 0.724306 0.439635 0.725046 0.436198 0.726713 0.433906 0.727731 0.432292 0.727917 0.432240 0.731620 0.433021 0.736343 0.433802 0.739769 0.434167 0.744213 0.434402 0.748538 0.434529 0.753071 0.434402 0.755225 0.433637 0.753525 0.431788 0.747971 0.430003 0.739925 0.428856 0.735505 0.428091 0.730518 0.426624 0.724285 0.425573 0.721991 0.424688 0.718194 0.421510 0.713194 0.418906 0.712639 0.412760 0.712269 0.401094 0.712083 0.395625 0.712176 0.390104 0.712639
6 0.703906 0.741250 0.699115 0.740509 0.696979 0.740787 0.695781 0.739120 0.694896 0.737176 0.693594 0.735417 0.690052 0.734491 0.686823 0.734028 0.685625 0.732176 0.685729 0.727361 0.685677 0.723565 0.685312 0.721435 0.685000 0.718009 0.685208 0.715509 0.687969 0.715509 0.693438 0.715046 0.696042 0.714583 0.697135 0.713380 0.698542 0.710324 0.701042 0.707361 0.704167 0.704583 0.706615 0.704028 0.710677 0.703009 0.716510 0.703009 0.722240 0.702917 0.724479 0.703194 0.729167 0.707176 0.730885 0.709769 0.733281 0.712454 0.735833 0.714306 0.737760 0.713935 0.741458 0.714306 0.742656 0.714306 0.745573 0.714769 0.748594 0.716250 0.750208 0.717454 0.750885 0.719398 0.751667 0.722083 0.752604 0.724306 0.749844 0.725417 0.748073 0.725324 0.746875 0.725417 0.745417 0.726250 0.745469 0.728472 0.745313 0.731620 0.744271 0.733657 0.742135 0.734491 0.739271 0.734306 0.737813 0.733009 0.736927 0.732269 0.734167 0.732731 0.732812 0.733565 0.730729 0.735046 0.727083 0.735972 0.723750 0.735694 0.723333 0.734861 0.723490 0.717639 0.706563 0.716250 0.705365 0.718472 0.705156 0.732917 0.705000 0.738472
8 0.421906 0.687312 0.422410 0.673877 0.422536 0.666488 0.423607 0.659770 0.428393 0.658538 0.432676 0.657307 0.434565 0.656523 0.435195 0.652940 0.435384 0.649917 0.436392 0.649021 0.439792 0.648126 0.442060 0.648126 0.445649 0.648126 0.450310 0.647678 0.455348 0.647902 0.460512 0.648014 0.463724 0.648014 0.467503 0.647902 0.468889 0.647566 0.468700 0.649693 0.466180 0.650925 0.463724 0.651261 0.461898 0.653612 0.461583 0.656971 0.461583 0.659882 0.461583 0.663465 0.460135 0.665592 0.458182 0.668167 0.457426 0.671302 0.454026 0.687648 0.449239 0.710489 0.446783 0.720341 0.445712 0.725156 0.444327 0.725268 0.443130 0.724036 0.442878 0.720117 0.441808 0.715639 0.440863 0.710377 0.439792 0.705786 0.438722 0.700524 0.437147 0.695710 0.436518 0.692687 0.434628 0.690447 0.431479 0.688432 0.426252 0.687760
5 0.664896 0.753009 0.665000 0.755880 0.665208 0.758380 0.666198 0.758750 0.667135 0.757361 0.667240 0.755139 0.667813 0.753565 0.668958 0.754861 0.668958 0.756806 0.669479 0.758102 0.670781 0.757731 0.671198 0.756343 0.671615 0.754306 0.672292 0.753472 0.674010 0.751250 0.674479 0.749769 0.674896 0.745787 0.675208 0.743194 0.675521 0.740602 0.675937 0.738287 0.676198 0.736343 0.675104 0.733565 0.672760 0.730602 0.670625 0.728843 0.668438 0.732454 0.668229 0.734583 0.667813 0.736898 0.666615 0.738935 0.665521 0.740139 0.665000 0.743935 0.664844 0.747917
4 0.664635 0.751157 0.663229 0.752361 0.663125 0.747917 0.663021 0.746713 0.662135 0.742176 0.662552 0.739491 0.662031 0.735787 0.662500 0.733657 0.663177 0.731343 0.663854 0.728843 0.664427 0.725787 0.664167 0.722176 0.662969 0.721898 0.662292 0.725139 0.661719 0.726435 0.661302 0.728009 0.660417 0.728102 0.660208 0.727176 0.660885 0.725231 0.661406 0.723472 0.661823 0.721991 0.661979 0.720880 0.662344 0.718194 0.662656 0.716435 0.663125 0.714583 0.663698 0.713657 0.664687 0.713009 0.665417 0.712083 0.665729 0.711157 0.665729 0.710139 0.665625 0.709213 0.665365 0.708194 0.667031 0.703102 0.668385 0.703102 0.669219 0.705417 0.669635 0.706898 0.670156 0.709954 0.670781 0.712917 0.671510 0.715602 0.672344 0.717361 0.672917 0.717917 0.673594 0.719769 0.674375 0.722083 0.674792 0.724491 0.675000 0.727269 0.675104 0.729769 0.675417 0.732639 0.676667 0.736157 0.676719 0.737546 0.675781 0.735324 0.675000 0.732917 0.673854 0.730417 0.672188 0.728750 0.670573 0.728102 0.668802 0.730787 0.668750 0.731991 0.668333 0.734028 0.667917 0.736250 0.667656 0.737454 0.665781 0.738935 0.664687 0.743565 0.664479 0.746528 0.664635 0.750231
4 0.674792 0.723287 0.674427 0.720972 0.674740 0.717176 0.675104 0.714583 0.675156 0.712361 0.674948 0.711343 0.673750 0.710139 0.673854 0.708657 0.674427 0.706713 0.674687 0.704954 0.674687 0.703657 0.673802 0.701157 0.672656 0.699676 0.670417 0.700787 0.669479 0.703194 0.669271 0.704213 0.669740 0.706898 0.670260 0.710139 0.670781 0.713472 0.671458 0.716898 0.672656 0.717639 0.673542 0.718843
4 0.751094 0.719120 0.751250 0.715231 0.752708 0.715231 0.752656 0.713380 0.752604 0.711713 0.752448 0.709583 0.752396 0.706898 0.752344 0.704491 0.752448 0.701898 0.752396 0.699491 0.751719 0.698657 0.751146 0.697731 0.751042 0.696898 0.751510 0.695324 0.751667 0.693935 0.751302 0.692361 0.750156 0.691620 0.749531 0.691898 0.749010 0.694028 0.748646 0.694954 0.748177 0.695324 0.747656 0.695880 0.745990 0.695972 0.745521 0.696991 0.745104 0.699861 0.744740 0.701620 0.744010 0.701898 0.743646 0.703009 0.743490 0.705972 0.743542 0.707454 0.743750 0.711713 0.743698 0.713750 0.745781 0.714398 0.748333 0.716065 0.750625 0.717454
4 0.979642 0.749351 0.977035 0.745952 0.975412 0.741832 0.974486 0.739464 0.974370 0.737301 0.974486 0.733696 0.974254 0.729576 0.974138 0.726280 0.974022 0.723293 0.974196 0.718865 0.974717 0.715569 0.975297 0.712582 0.975412 0.709595 0.974138 0.714848 0.973790 0.717629 0.973385 0.720924 0.972632 0.722881 0.971589 0.722160 0.971357 0.718556 0.971705 0.716187 0.972168 0.714436 0.972516 0.712582 0.972690 0.711037 0.972747 0.709183 0.972863 0.706711 0.973095 0.703724 0.973153 0.700325 0.973732 0.697236 0.974659 0.694352 0.975586 0.693013 0.975992 0.690953 0.975876 0.688790 0.975876 0.686936 0.976397 0.684052 0.976745 0.682198 0.978831 0.682198 0.980047 0.682198 0.981438 0.683228 0.982075 0.685906 0.982596 0.687348 0.981785 0.692189 0.982365 0.693528 0.983407 0.694764 0.984277 0.695897 0.985841 0.699193 0.986246 0.700840 0.986362 0.705681 0.986362 0.711552 0.986130 0.714951 0.986130 0.717526 0.986536 0.723087 0.986942 0.724838 0.987231 0.730503 0.987463 0.734314 0.987926 0.736992 0.989259 0.741318 0.989780 0.743274 0.989954 0.747497 0.987463 0.752441 0.985377 0.752441 0.983234 0.752956 0.982944 0.749660 0.984798 0.747291 0.985030 0.746776 0.985146 0.745025 0.984103 0.739567 0.983755 0.738228 0.983176 0.736889 0.982654 0.734520 0.982481 0.732254 0.982423 0.730709 0.982017 0.727310 0.981843 0.725147 0.980800 0.728855 0.980569 0.731018 0.980916 0.735035 0.982538 0.738022 0.983523 0.741626 0.983697 0.743274 0.983755 0.745334 0.983407 0.747806 0.982017 0.749145
4 0.990521 0.742546 0.990677 0.748287 0.991042 0.752546 0.991302 0.754583 0.990573 0.757269 0.990208 0.759583 0.992969 0.760231 0.993906 0.758935 0.993958 0.757269 0.993646 0.755972 0.993646 0.754028 0.993542 0.751065 0.993229 0.748102 0.993021 0.744954 0.993906 0.747546 0.994896 0.749861 0.995208 0.751528 0.995365 0.753380 0.995313 0.755694 0.994687 0.756898 0.995365 0.757824 0.997240 0.758102 0.998177 0.756898 0.998437 0.756157 0.997969 0.753750 0.997396 0.750880 0.996979 0.749398 0.996354 0.746343 0.996198 0.744491 0.996250 0.742361 0.996354 0.740324 0.996510 0.737824 0.996198 0.734954 0.996042 0.732454 0.995781 0.730602 0.995365 0.726898 0.994323 0.724954 0.993854 0.724398 0.993750 0.722269 0.993646 0.719491 0.993229 0.717083 0.991406 0.715509 0.990052 0.716157 0.989219 0.717361 0.988906 0.719398 0.989531 0.720787 0.990365 0.721620 0.990677 0.723102 0.990833 0.725139 0.990833 0.726343 0.990313 0.729861 0.989896 0.732731 0.989635 0.735880 0.989062 0.737546 0.988490 0.739213 0.989323 0.741343 0.990677 0.738843
4 0.990729 0.713565 0.990521 0.702731 0.990781 0.698380 0.990781 0.692176 0.991823 0.690880 0.992760 0.689861 0.992812 0.688935 0.992188 0.686806 0.992188 0.685417 0.992135 0.683380 0.992135 0.681157 0.992969 0.678380 0.993854 0.678009 0.994948 0.677917 0.995677 0.678194 0.996302 0.680972 0.996823 0.683102 0.997031 0.684861 0.997031 0.686713 0.998229 0.688657 0.999375 0.689583 1.000000 0.691435 0.999948 0.754120 0.999896 0.758287 0.999167 0.758565 0.998594 0.757361 0.998958 0.755787 0.997865 0.753843 0.997812 0.752361 0.997552 0.750602 0.997240 0.749398 0.996875 0.747454 0.996198 0.744398 0.996094 0.741991 0.996458 0.739861 0.996510 0.738750 0.996458 0.736250 0.995990 0.733843 0.995677 0.731713 0.995625 0.730602 0.995417 0.728287 0.995156 0.726250 0.994531 0.724861 0.994010 0.724398 0.993750 0.722176 0.993698 0.720231 0.993542 0.716898 0.992604 0.715602 0.991510 0.715324
