4 0.012261 0.790799 0.008192 0.785494 0.009549 0.777296 0.011990 0.774402 0.020942 0.788870 0.021756 0.793210 0.021756 0.801890 0.019857 0.826968 0.019857 0.840953 0.017415 0.853974 0.013075 0.862654 0.011176 0.858796 0.012261 0.846258 0.012804 0.839506 0.009549 0.852045 0.004666 0.858314 0.001682 0.857832 0.002224 0.851080 0.005751 0.841917 0.007650 0.829861 0.008192 0.810571 0.008192 0.798997 0.008735 0.792728
6 0.000666 0.788006 0.000666 0.792313 0.002887 0.808463 0.001676 0.826766 0.000464 0.838609 0.004906 0.846146 0.012980 0.847222 0.021863 0.847581 0.040839 0.846146 0.054970 0.849017 0.056181 0.840403 0.055374 0.832149 0.053355 0.820665 0.052346 0.808463 0.052548 0.792313 0.050933 0.785494 0.042858 0.782982 0.034581 0.781905 0.020652 0.782982 0.010962 0.784058
4 0.028121 0.793748 0.029938 0.788006 0.028525 0.782982 0.024285 0.787288 0.021055 0.795184 0.019642 0.804874 0.018835 0.819947 0.018431 0.835020 0.018027 0.849734 0.024083 0.853682 0.026304 0.847940 0.023680 0.843274 0.025698 0.834302 0.028121 0.822818 0.029534 0.815281 0.030342 0.804515
4 0.059330 0.841251 0.062953 0.823001 0.060688 0.808776 0.060839 0.800188 0.060537 0.796967 0.059028 0.791600 0.059783 0.787037 0.059934 0.781669 0.056159 0.777375 0.053140 0.782743 0.052838 0.787037 0.052385 0.789989 0.051479 0.795894 0.051630 0.802067 0.052234 0.812802 0.054046 0.824879 0.053895 0.836151 0.054348 0.845545 0.057669 0.846618
4 0.094349 0.785912 0.095027 0.779887 0.093897 0.775066 0.091863 0.775267 0.091072 0.772656 0.088135 0.772254 0.086666 0.776271 0.086101 0.780891 0.084181 0.787519 0.082373 0.795754 0.082034 0.805395 0.082034 0.815036 0.082034 0.825681 0.079323 0.834518 0.077854 0.839339 0.078306 0.844963 0.086553 0.847373 0.090169 0.847775 0.091976 0.841950 0.091411 0.833715 0.094349 0.822066 0.095705 0.813831 0.096608 0.797963 0.095027 0.787921
6 0.119936 0.804913 0.131800 0.788194 0.137442 0.786137 0.145978 0.784594 0.152778 0.784079 0.161024 0.784079 0.167969 0.784336 0.175058 0.785880 0.181279 0.786394 0.191262 0.786137 0.192130 0.790252 0.194444 0.804913 0.192853 0.795139 0.195747 0.802083 0.197338 0.811600 0.200666 0.831147 0.200955 0.838349 0.200521 0.849151 0.198495 0.852238 0.196181 0.857639 0.194155 0.865612 0.192419 0.868184 0.188223 0.867413 0.185909 0.866127 0.184751 0.861754 0.179253 0.861754 0.165220 0.866127 0.164641 0.874614 0.161458 0.878987 0.154659 0.876415 0.152488 0.869470 0.148293 0.868699 0.138166 0.869213 0.124277 0.872299 0.118924 0.871013 0.117043 0.868699
6 0.240173 0.785028 0.236930 0.790094 0.235063 0.793588 0.232311 0.797607 0.229756 0.801974 0.226710 0.806866 0.223467 0.812806 0.221010 0.820493 0.220912 0.828005 0.221600 0.837614 0.223664 0.842680 0.228774 0.843379 0.229953 0.838836 0.231230 0.836041 0.236832 0.836740 0.239190 0.835692 0.240271 0.837963 0.244202 0.841108 0.243514 0.837439 0.243612 0.829752 0.244595 0.820493 0.246561 0.811758 0.249116 0.807739 0.246954 0.806342 0.246757 0.801799 0.247642 0.799528 0.250197 0.798829 0.254324 0.796034 0.257272 0.791667 0.261203 0.782058 0.254619 0.780486 0.245971 0.781534
6 0.272307 0.778913 0.269752 0.779263 0.264151 0.779962 0.260908 0.781709 0.258550 0.785377 0.256388 0.789221 0.253636 0.795685 0.251671 0.800402 0.249705 0.800052 0.248231 0.803546 0.249410 0.807215 0.247445 0.811758 0.244300 0.818222 0.243612 0.828354 0.243121 0.840234 0.243416 0.846174 0.245283 0.850891 0.250688 0.852638 0.252260 0.844951 0.257960 0.843728 0.258746 0.842156 0.259336 0.833945 0.260810 0.825734 0.262480 0.818047 0.264642 0.809661 0.266608 0.802324 0.268770 0.793239
6 0.305425 0.843379 0.305326 0.849144 0.304344 0.856307 0.301395 0.860325 0.296187 0.857704 0.295008 0.853861 0.293239 0.850716 0.287834 0.850367 0.285770 0.853337 0.284788 0.856831 0.280759 0.854210 0.279874 0.850192 0.276042 0.849843 0.269556 0.849843 0.267590 0.854036 0.267296 0.858054 0.265035 0.859626 0.261989 0.860150 0.260515 0.858054 0.259631 0.852638 0.259139 0.846174 0.259532 0.839361 0.260908 0.829053 0.262186 0.819270 0.264446 0.807914 0.267689 0.793938 0.270833 0.786076 0.274175 0.779263 0.276042 0.776118 0.282626 0.771576 0.294910 0.768606 0.311910 0.769654 0.320951 0.773498 0.323310 0.786600 0.323801 0.794287 0.324489 0.802673 0.324784 0.812806 0.324587 0.822240 0.322917 0.834993 0.321934 0.841806 0.321148 0.850542 0.318494 0.854909 0.315939 0.852289 0.314465 0.844252 0.309650 0.842331
6 0.324194 0.843029 0.323899 0.848096 0.322524 0.845126 0.322131 0.840758 0.324587 0.835168 0.324686 0.826433 0.325177 0.819444 0.325079 0.813155 0.326061 0.807390 0.328223 0.800751 0.331368 0.796558 0.336380 0.793763 0.340311 0.793064 0.344831 0.793239 0.348467 0.792890 0.350432 0.795161 0.350334 0.800052 0.348369 0.810360 0.347484 0.817872 0.346600 0.824511 0.346796 0.829228 0.346403 0.839535 0.346403 0.843903 0.343062 0.844427 0.338542 0.843553 0.336871 0.845300 0.335495 0.848096 0.333432 0.846174 0.331958 0.843728 0.327928 0.842331 0.323408 0.841981
6 0.611370 0.995469 0.613032 0.974783 0.606383 0.950158 0.610816 0.930457 0.609153 0.901891 0.605829 0.876281 0.604721 0.838849 0.596410 0.802403 0.595301 0.792553 0.604167 0.788613 0.608599 0.780733 0.603059 0.763987 0.586436 0.753152 0.580341 0.760047 0.574246 0.752167 0.565935 0.722616 0.555408 0.674350 0.548759 0.672380 0.542664 0.653664 0.538231 0.653664 0.533245 0.662530 0.529366 0.668440 0.486148 0.664500 0.431848 0.671395 0.423537 0.672380 0.420213 0.663515 0.412456 0.662530 0.406361 0.662530 0.404145 0.669425 0.398050 0.680260 0.389184 0.689125 0.380873 0.714736 0.373670 0.755122 0.364251 0.779748 0.354277 0.787628 0.347074 0.825059 0.342642 0.854610 0.342088 0.910757 0.336547 0.967888 0.337035 1.000000
6 0.643418 0.865450 0.642160 0.873502 0.639895 0.879764 0.634108 0.877975 0.628573 0.872160 0.628321 0.864555 0.628321 0.857398 0.617250 0.853820 0.619767 0.862766 0.617754 0.869476 0.612218 0.868134 0.606934 0.859188 0.606180 0.848900 0.605425 0.829218 0.605928 0.811773 0.610457 0.802380 0.613225 0.799696 0.611463 0.796117 0.609199 0.793434 0.609702 0.787171 0.615489 0.783593 0.618005 0.788513 0.621025 0.783145 0.630586 0.759885 0.637882 0.757202 0.645682 0.755412 0.658766 0.755860 0.678140 0.757202 0.686443 0.757649 0.693992 0.769279 0.702043 0.791197 0.708333 0.813115 0.709340 0.834586 0.708082 0.856951 0.705817 0.873054 0.703301 0.882448 0.698017 0.882895 0.691475 0.878422 0.690469 0.869028 0.684682 0.862766 0.675876 0.862319 0.675624 0.871712 0.671095 0.875738 0.663798 0.871712 0.662037 0.863213 0.648702 0.860530
8 0.639644 0.752281 0.641908 0.743782 0.643418 0.735284 0.652476 0.724548 0.662792 0.719181 0.680405 0.719628 0.702798 0.725890 0.707075 0.733942 0.707327 0.747361 0.707327 0.763911 0.708082 0.784040 0.708082 0.804169 0.705817 0.801932 0.702295 0.797459 0.699527 0.785382 0.691727 0.765253 0.687953 0.758096 0.682921 0.758096 0.666314 0.758096 0.658011 0.757649 0.647444 0.754965
8 0.791547 0.546828 0.843032 0.541507 0.881346 0.532993 0.914871 0.537250 0.937620 0.542571 0.959171 0.624521 0.967553 0.694764 0.978329 0.919327 0.954382 0.919327 0.937021 0.925713 0.931034 0.967220 0.924449 0.986377 0.903496 0.982120 0.884938 0.973606 0.880747 0.949127 0.870570 0.926777 0.849617 0.919327 0.846025 0.940613 0.827466 0.937420 0.817289 0.920392 0.810105 0.953384 0.801125 0.972542 0.781370 0.985313 0.756226 0.971477 0.748443 0.953384 0.743654 0.923585 0.735872 0.907620 0.732878 0.937420 0.723300 0.926777 0.716715 0.905492 0.717912 0.870370 0.714636 0.868011 0.711319 0.844421 0.712646 0.826138 0.708333 0.773649 0.708665 0.750649 0.710324 0.721161 0.709992 0.694621 0.709992 0.688134 0.704684 0.689314 0.699376 0.684595 0.700040 0.676929 0.707006 0.676929 0.710656 0.676929 0.717622 0.653928 0.722930 0.626799 0.750133 0.596131 0.763071 0.576079 0.779658 0.554258
9 0.737500 0.434259 0.736979 0.435185 0.734896 0.435185 0.734375 0.436111 0.731250 0.436111 0.730729 0.437037 0.727083 0.437037 0.727083 0.476852 0.769792 0.476852 0.770312 0.475926 0.775521 0.475926 0.776042 0.475000 0.776563 0.475000 0.778125 0.472222 0.778125 0.436111 0.777604 0.435185 0.777604 0.434259
9 0.616146 0.440741 0.615625 0.441667 0.615104 0.441667 0.615104 0.483333 0.615625 0.483333 0.616146 0.484259 0.616667 0.484259 0.617188 0.485185 0.659896 0.485185 0.660417 0.484259 0.664062 0.484259 0.664583 0.483333 0.666667 0.483333 0.667188 0.482407 0.667708 0.482407 0.667708 0.440741
