4 0.034647 0.888486 0.034647 0.920189 0.034930 0.942834 0.036062 0.978060 0.032948 0.983595 0.028210 1.000000 0.037194 1.000000 0.045686 0.999195 0.046818 0.988627 0.046535 0.979569 0.046535 0.963969 0.047385 0.949376 0.050215 0.934783 0.050215 0.913144 0.061538 0.903080 0.069180 0.877415 0.066916 0.897544 0.067482 0.903080 0.072011 0.907105 0.073426 0.918176 0.073992 0.938808 0.073143 0.957931 0.070029 0.976550 0.067482 0.984601 0.066916 0.992653 0.066916 0.998188 0.078804 0.997685 0.079937 0.984601 0.081918 0.965479 0.086730 0.936795 0.088428 0.915660 0.089844 0.897544 0.092391 0.887480 0.093807 0.890499 0.104563 0.880938 0.104846 0.812500 0.104280 0.777275 0.101449 0.770229 0.097769 0.763688 0.096920 0.749597 0.099468 0.740036 0.107960 0.728462 0.104959 0.695691 0.100153 0.683684 0.097166 0.681606 0.092490 0.679066 0.088334 0.674217 0.090932 0.668906 0.093919 0.651820 0.096776 0.652050 0.095607 0.647663 0.094828 0.635425 0.093269 0.628498 0.089763 0.624111 0.081320 0.620417 0.071839 0.627805 0.068851 0.639351 0.071449 0.662903 0.069760 0.669368 0.064305 0.673755 0.060019 0.674679 0.054564 0.678604 0.048979 0.684839 0.045342 0.695230 0.039108 0.737254 0.038978 0.758497 0.042485 0.764732 0.046511 0.764270 0.049629 0.763577 0.053915 0.761730 0.050927 0.784128 0.051187 0.804447 0.044953 0.835157 0.036770 0.861711 0.035341 0.874642
4 0.115974 0.966747 0.114271 0.979867 0.112000 0.986931 0.109020 0.991977 0.105898 0.995257 0.102208 0.996266 0.098241 1.000000 0.133430 0.998789 0.131727 0.992986 0.131301 0.986426 0.132295 0.990968 0.132578 0.994248 0.133430 0.996771 0.134707 0.998537 0.137971 0.999798 0.147905 0.999798 0.150318 0.996518 0.148757 0.991472 0.146912 0.985417 0.146770 0.978101 0.144074 0.975578 0.142796 0.975073 0.142654 0.965486 0.141661 0.919316 0.137403 0.892825 0.140100 0.853971 0.145918 0.827228 0.147196 0.816379 0.147905 0.801746 0.147338 0.787617 0.147196 0.780301 0.151737 0.751034 0.151453 0.715461 0.147338 0.706126 0.144641 0.699818 0.141377 0.695529 0.140242 0.689727 0.142371 0.683419 0.143932 0.673832 0.144074 0.660965 0.143364 0.654657 0.142796 0.649864 0.141377 0.647845 0.139674 0.645575 0.136410 0.644818 0.132720 0.644818 0.132436 0.646836 0.128321 0.647341 0.121367 0.653900 0.118812 0.663740 0.118103 0.684933 0.118671 0.691745 0.118812 0.697295 0.120374 0.702594 0.123496 0.703855 0.120374 0.707387 0.114697 0.719245 0.110581 0.728832 0.106891 0.731355 0.099654 0.734887 0.096248 0.739681 0.095822 0.747502 0.096532 0.758603 0.097099 0.765163 0.099654 0.768191 0.104763 0.780553 0.105188 0.790645 0.104763 0.800989 0.104195 0.808558 0.104337 0.814613 0.107317 0.828489 0.112994 0.871380 0.114839 0.880715 0.117677 0.937986
4 0.177595 0.713588 0.174612 0.707907 0.173547 0.698061 0.174186 0.687079 0.169819 0.677800 0.163855 0.673256 0.159807 0.673067 0.154588 0.674960 0.150222 0.679126 0.148943 0.685375 0.148943 0.690298 0.148943 0.693327 0.149369 0.702227 0.149476 0.706392 0.149902 0.711694 0.151074 0.713967 0.151180 0.716807 0.151500 0.718890 0.152032 0.720215 0.154056 0.720404 0.154482 0.723623 0.155867 0.726653 0.157038 0.727410 0.160766 0.728357 0.161405 0.730251 0.160340 0.732144 0.159594 0.738014 0.159381 0.739908 0.157677 0.748618 0.156293 0.752973 0.155014 0.757707 0.153630 0.763766 0.152991 0.768500 0.152778 0.781186 0.148517 0.780239 0.147026 0.783080 0.148091 0.788003 0.148091 0.792547 0.149156 0.795009 0.148411 0.801447 0.148304 0.803908 0.148198 0.810346 0.145216 0.833447 0.139358 0.861660 0.139677 0.866394 0.140529 0.867719 0.143618 0.866773 0.144790 0.866773 0.144683 0.871317 0.143511 0.877187 0.142979 0.902749 0.144150 0.909377 0.145535 0.914678 0.148091 0.933803 0.148198 0.955389 0.148517 0.959744 0.148304 0.961638 0.145748 0.962584 0.143618 0.964099 0.143085 0.965046 0.143405 0.970158 0.143724 0.972431 0.144577 0.974703 0.147026 0.978111 0.147559 0.987200 0.148304 0.989472 0.153097 0.990987 0.157145 0.988715 0.160127 0.986821 0.165985 0.982845 0.173015 0.979815 0.176316 0.979247 0.178873 0.979436 0.180257 0.979436 0.180896 0.976786 0.180044 0.957850 0.178234 0.928880 0.175784 0.914110 0.174080 0.909377 0.176849 0.874536 0.178340 0.868666 0.186435 0.857684 0.190376 0.847459 0.190695 0.838749 0.192825 0.822275 0.191867 0.814701 0.191973 0.799932 0.194104 0.770393 0.192080 0.733659 0.187074 0.722677 0.182388 0.717185 0.179725 0.715103
10 0.330208 0.200926 0.328125 0.204630 0.329167 0.272222 0.330208 0.287037 0.331250 0.312963 0.332292 0.329630 0.333333 0.364815 0.334375 0.383333 0.335417 0.392593 0.336458 0.396296 0.337500 0.400926 0.340104 0.404630 0.343229 0.406481 0.348958 0.408333 0.353125 0.410185 0.362500 0.408333 0.368229 0.406481 0.374479 0.401852 0.376042 0.396296 0.377083 0.391667 0.377083 0.300926 0.376042 0.281481 0.375000 0.232407 0.373958 0.210185
4 0.506177 0.682811 0.504674 0.674501 0.503172 0.668269 0.501169 0.667972 0.497496 0.673314 0.495827 0.679843 0.496161 0.684592 0.497496 0.689043 0.498998 0.691714 0.499833 0.695572 0.496828 0.701211 0.492822 0.718424 0.489984 0.733559 0.489316 0.741572 0.488982 0.746914 0.488815 0.750772 0.489817 0.752255 0.492488 0.750772 0.494157 0.746914 0.496161 0.747210 0.497329 0.748397 0.498164 0.752849 0.498331 0.759378 0.498331 0.765313 0.499165 0.782229 0.498831 0.787868 0.497496 0.794991 0.495493 0.803597 0.493323 0.807455 0.492655 0.809236 0.492321 0.812797 0.493156 0.814281 0.494491 0.815468 0.496995 0.816952 0.497997 0.816655 0.499499 0.814874 0.501002 0.813094 0.502337 0.810423 0.503339 0.805674 0.504173 0.800629 0.505008 0.792913 0.505676 0.788165 0.506844 0.784604 0.508514 0.789055 0.509515 0.793803 0.510517 0.798552 0.510851 0.803597 0.511018 0.806268 0.510684 0.809532 0.507345 0.811906 0.507345 0.813687 0.508347 0.814874 0.510851 0.815468 0.513522 0.815468 0.516193 0.814577 0.518530 0.813984 0.517027 0.803597 0.515358 0.794991 0.514356 0.787571 0.512353 0.779262 0.510851 0.772733 0.510517 0.766204 0.512019 0.757894 0.513021 0.753443 0.514356 0.754926 0.516693 0.754926 0.517194 0.751662 0.517194 0.746914 0.517027 0.741868 0.516360 0.736527 0.516360 0.733559 0.516193 0.727623 0.516193 0.722578 0.516026 0.716346 0.515859 0.711598 0.515525 0.703585 0.513689 0.695869 0.512854 0.693792 0.511185 0.690824 0.509682 0.689340
4 0.610067 0.765069 0.614039 0.778585 0.615854 0.784031 0.616195 0.787057 0.616081 0.790890 0.615287 0.793109 0.614719 0.795933 0.614719 0.797950 0.615060 0.798959 0.616989 0.798959 0.618124 0.797950 0.618918 0.795933 0.619712 0.793714 0.619826 0.792302 0.619826 0.790487 0.621074 0.791293 0.621528 0.794723 0.621301 0.796942 0.621074 0.798959 0.621301 0.799968 0.621868 0.800371 0.622662 0.800573 0.624818 0.800169 0.624818 0.797144 0.625613 0.794925 0.626407 0.792907 0.627428 0.786654 0.627769 0.774752 0.627769 0.758614 0.627428 0.748527 0.627769 0.743686 0.630038 0.725531 0.631059 0.708787 0.628790 0.696078 0.624024 0.688816 0.622095 0.687606 0.621641 0.677116 0.620733 0.673888 0.619712 0.672073 0.618010 0.671468 0.616308 0.672476 0.615060 0.673888 0.614379 0.676511 0.614266 0.679940 0.614493 0.683168 0.615514 0.688413 0.615514 0.689623 0.613585 0.692851 0.608932 0.697894 0.607798 0.719680 0.605982 0.741265 0.608025 0.744291 0.608819 0.736222 0.609727 0.731784 0.610635 0.727548 0.611656 0.724522 0.610861 0.734407 0.610521 0.739651 0.610067 0.749939 0.610067 0.754176 0.610181 0.760833
6 0.517818 0.780214 0.516904 0.772634 0.516904 0.768302 0.517310 0.763429 0.517716 0.759097 0.518427 0.754585 0.519138 0.750614 0.522590 0.744477 0.526042 0.741589 0.538631 0.729857 0.558327 0.722637 0.583303 0.723720 0.586044 0.725706 0.587161 0.727691 0.587364 0.732023 0.587364 0.735091 0.587161 0.737257 0.586653 0.743213 0.586450 0.746823 0.586450 0.750253 0.586450 0.753321 0.586450 0.757472 0.586450 0.759819 0.587262 0.764331 0.587872 0.766497 0.588176 0.768302 0.588481 0.770468 0.589191 0.772814 0.591527 0.776424 0.592542 0.778049 0.594268 0.779492 0.595080 0.783283 0.595080 0.784907 0.590714 0.785990 0.585740 0.779853 0.584420 0.778770 0.574876 0.780214 0.568581 0.780936 0.561881 0.782741 0.559038 0.782922 0.558632 0.784907 0.556906 0.787073 0.555891 0.789239 0.554368 0.790142 0.550002 0.793029 0.548175 0.793029 0.546449 0.792127 0.545027 0.788878 0.544520 0.786351 0.542692 0.782200 0.541677 0.785088 0.540458 0.788337 0.540154 0.789420 0.538123 0.792127 0.536296 0.792849 0.534570 0.792849 0.533047 0.792488 0.531220 0.792127 0.527971 0.785268 0.527463 0.784366 0.522996 0.784907 0.520458 0.783824
4 0.599421 0.785364 0.599501 0.788058 0.599102 0.793304 0.598304 0.795006 0.598145 0.796424 0.598384 0.798834 0.599820 0.799118 0.600298 0.800536 0.600777 0.801529 0.602213 0.801529 0.603170 0.800536 0.604047 0.799543 0.604526 0.797700 0.604605 0.795431 0.604605 0.790327 0.604765 0.786498 0.605323 0.783662 0.606918 0.782386 0.608673 0.780543 0.608753 0.773453 0.608593 0.747221 0.608514 0.744101 0.606679 0.743251 0.605882 0.739280 0.606839 0.731481 0.606599 0.722407 0.606440 0.719287 0.606440 0.716309 0.606998 0.715459 0.607716 0.714466 0.607955 0.712055 0.605084 0.705958 0.603489 0.704824 0.602213 0.703690 0.601176 0.701846 0.601255 0.699010 0.601415 0.696174 0.601255 0.694047 0.600139 0.692771 0.598942 0.691779 0.595034 0.691637 0.594396 0.693622 0.594157 0.702130 0.593598 0.706100 0.591923 0.708511 0.590249 0.713332 0.588813 0.718720 0.587935 0.722407 0.587457 0.727228 0.586819 0.745236 0.588972 0.741974 0.589850 0.741549 0.590328 0.744101 0.590887 0.746937 0.591285 0.751758 0.591923 0.759557 0.592243 0.764520 0.592322 0.768490 0.592881 0.776714 0.592960 0.778699 0.594795 0.780543 0.595752 0.780401 0.597666 0.779692 0.598304 0.779550 0.599261 0.782103
6 0.366471 0.755717 0.364094 0.753729 0.360109 0.750373 0.355425 0.749006 0.348784 0.748757 0.343610 0.748633 0.339695 0.749876 0.331795 0.752113 0.328929 0.753977 0.326692 0.755841 0.321658 0.760937 0.318722 0.763671 0.317044 0.765660 0.314038 0.768270 0.311032 0.769140 0.306418 0.770756 0.301524 0.777467 0.301035 0.778710 0.299846 0.781693 0.299427 0.784676 0.299007 0.788901 0.299567 0.789647 0.301524 0.790020 0.313479 0.789647 0.318792 0.789274 0.323756 0.788404 0.331865 0.787658 0.337598 0.786043 0.356194 0.782687 0.360668 0.777591 0.363395 0.776473 0.364793 0.774484 0.365352 0.769513 0.365562 0.765411 0.366541 0.758700
6 0.630157 0.727998 0.637789 0.724514 0.640470 0.720480 0.643977 0.717547 0.647380 0.713513 0.651300 0.711496 0.653672 0.710213 0.662026 0.709479 0.668729 0.709113 0.675949 0.709296 0.678115 0.709296 0.680074 0.712780 0.682962 0.715897 0.685231 0.718830 0.686056 0.721580 0.686984 0.725431 0.687500 0.728181 0.687809 0.732398 0.687500 0.734965 0.684922 0.736249 0.677186 0.736432 0.668626 0.736799 0.661716 0.736982 0.655425 0.738082 0.651300 0.738449 0.646040 0.740282 0.640058 0.741016 0.634695 0.741933 0.631291 0.742483 0.628403 0.742849
6 0.474199 0.765696 0.456637 0.769759 0.449420 0.771897 0.442083 0.772111 0.433061 0.774249 0.424160 0.775319 0.423800 0.769117 0.426446 0.762488 0.430536 0.756501 0.434986 0.753293 0.438955 0.751155 0.441963 0.749230 0.448338 0.739821 0.452668 0.735758 0.456397 0.733834 0.459644 0.731695 0.480454 0.725708 0.484303 0.725494 0.488393 0.728702 0.490197 0.731054 0.490077 0.733192 0.489475 0.739180 0.489355 0.744526 0.489235 0.749658 0.489716 0.752224 0.492121 0.756287 0.490798 0.760350 0.486227 0.762916 0.479852 0.763557
8 0.700749 0.714050 0.693020 0.714973 0.687656 0.714050 0.683791 0.714665 0.681946 0.714563 0.681023 0.712717 0.681196 0.705232 0.681773 0.701950 0.682522 0.695388 0.682984 0.688210 0.683272 0.682058 0.683849 0.675700 0.684714 0.667907 0.685233 0.663396 0.687886 0.658781 0.690886 0.656731 0.694808 0.656423 0.703921 0.654577 0.717187 0.653039 0.727165 0.653347 0.736740 0.653552 0.747007 0.652116 0.748391 0.653142 0.755312 0.654782 0.775615 0.653449 0.785997 0.652937 0.790669 0.651501 0.794014 0.650168 0.797302 0.649245 0.799494 0.649758 0.801455 0.651399 0.803992 0.655705 0.805204 0.659089 0.805954 0.665344 0.807338 0.686364 0.807107 0.695285 0.805550 0.695593 0.804339 0.691491 0.802608 0.685954 0.799551 0.685852 0.795975 0.687185 0.793553 0.686877 0.791822 0.687492 0.790842 0.682981 0.788189 0.681853 0.781094 0.681955 0.774634 0.683493 0.770366 0.686262 0.767886 0.689441 0.766559 0.691286 0.763618 0.693132 0.761714 0.694362 0.761080 0.696106 0.760215 0.697541 0.758831 0.699900 0.757619 0.701745 0.755197 0.702258 0.752025 0.702668 0.749198 0.704514 0.747007 0.706462 0.745218 0.709333 0.739393 0.711076 0.730857 0.712204 0.724339 0.712512 0.721455 0.712102 0.713092 0.712717 0.708074 0.712819 0.704036 0.712512
6 0.763646 0.726157 0.756667 0.726435 0.751771 0.727176 0.749375 0.726898 0.748073 0.725231 0.746875 0.724583 0.746094 0.723287 0.745885 0.719028 0.745833 0.714861 0.746250 0.710787 0.747083 0.707083 0.749010 0.704954 0.751563 0.703750 0.755313 0.703565 0.758594 0.702361 0.760260 0.699213 0.761510 0.697454 0.763594 0.694769 0.766250 0.693009 0.768542 0.691620 0.770521 0.686528 0.774531 0.683750 0.780990 0.681898 0.788385 0.681991 0.790729 0.682824 0.792031 0.686620 0.795365 0.688935 0.799896 0.688750 0.802188 0.688843 0.803802 0.690417 0.806250 0.697639 0.806458 0.701435 0.806458 0.706806 0.807240 0.714491 0.805677 0.717083 0.800936 0.719476 0.800230 0.720731 0.798817 0.722458 0.796698 0.722458 0.795639 0.719162 0.794315 0.720574 0.791931 0.720574 0.792020 0.721987 0.790784 0.724184 0.787341 0.722615 0.786787 0.724381 0.785747 0.724868 0.771857 0.724736 0.767833 0.725758
8 0.850469 0.699120 0.843854 0.699491 0.841458 0.698287 0.840625 0.695231 0.839844 0.690509 0.839740 0.686528 0.839948 0.683750 0.840677 0.679954 0.841146 0.676898 0.843021 0.670787 0.843958 0.666713 0.844635 0.663843 0.847396 0.661157 0.852760 0.659028 0.859271 0.658287 0.870573 0.657917 0.880417 0.657083 0.889531 0.655880 0.895208 0.655231 0.900469 0.655324 0.902500 0.655046 0.905156 0.657731 0.903892 0.663444 0.900943 0.669074 0.898978 0.674509 0.892973 0.674509 0.887186 0.674897 0.884427 0.675880 0.882552 0.676898 0.880677 0.678750 0.879844 0.682269 0.879219 0.682917 0.879375 0.680602 0.879010 0.676435 0.878750 0.674676 0.877760 0.672454 0.877344 0.670509 0.876510 0.668935 0.875885 0.666898 0.875833 0.665324 0.875156 0.663102 0.873281 0.662176 0.871667 0.662731 0.871250 0.663935 0.871146 0.667917 0.871354 0.669769 0.871406 0.674213 0.871146 0.678657 0.871302 0.681991 0.870990 0.684028 0.870781 0.686620 0.869583 0.691528 0.869844 0.692546 0.870990 0.692824 0.870990 0.691343 0.871094 0.689491 0.871458 0.688009 0.872135 0.685139 0.872396 0.686065 0.872500 0.688657 0.872552 0.689861 0.872552 0.692176 0.872344 0.694583 0.872552 0.696435 0.871354 0.698287 0.870104 0.698750 0.867917 0.698194 0.866146 0.698380 0.863594 0.698380 0.858750 0.698565 0.854271 0.699120
4 0.876777 0.712365 0.876083 0.713883 0.875069 0.714737 0.876510 0.715686 0.878538 0.715970 0.879872 0.715116 0.880139 0.710942 0.878912 0.708571 0.878645 0.705724 0.878645 0.703448 0.877791 0.701076 0.877577 0.699558 0.878858 0.695763 0.879072 0.694625 0.879285 0.689691 0.879125 0.688079 0.878965 0.684379 0.879392 0.682102 0.879479 0.680231 0.879271 0.676898 0.878854 0.674398 0.878021 0.672917 0.877344 0.671806 0.876927 0.670231 0.876354 0.668472 0.876042 0.666991 0.875990 0.665509 0.875208 0.663935 0.874219 0.662083 0.872292 0.662361 0.871458 0.663657 0.871250 0.664306 0.871198 0.666898 0.871563 0.669676 0.871250 0.672361 0.871146 0.676157 0.871250 0.681435 0.870677 0.684213 0.870781 0.686620 0.869896 0.689213 0.869687 0.690880 0.869635 0.692361 0.870677 0.692917 0.870938 0.691435 0.871094 0.689213 0.871510 0.687546 0.872083 0.684861 0.872135 0.685787 0.872604 0.688102 0.872760 0.690787 0.872865 0.694491 0.873281 0.697083 0.874323 0.698750 0.874427 0.700880 0.875365 0.704306 0.875781 0.707361 0.876510 0.709213
6 0.928594 0.691528 0.925208 0.692546 0.921667 0.692917 0.920000 0.693194 0.919115 0.692361 0.919115 0.690139 0.920208 0.685972 0.920885 0.683750 0.922604 0.681806 0.924531 0.680509 0.926146 0.680139 0.929427 0.679861 0.930938 0.679583 0.932969 0.678750 0.935365 0.675787 0.936510 0.673657 0.937917 0.671713 0.941562 0.668935 0.943073 0.668380 0.946146 0.667917 0.948854 0.668009 0.950729 0.668009 0.953438 0.669583 0.954427 0.670880 0.956406 0.672361 0.958594 0.671528 0.964323 0.672917 0.965104 0.676065 0.965469 0.684583 0.964063 0.688380 0.960677 0.691435 0.957240 0.691620 0.953646 0.690417 0.948229 0.690509 0.943698 0.690694 0.939583 0.690972 0.936406 0.690602 0.932656 0.690417 0.930365 0.691250
6 0.991094 0.699583 0.987031 0.698935 0.983438 0.698935 0.981146 0.699213 0.980104 0.701065 0.978333 0.701343 0.975417 0.700417 0.974479 0.698935 0.973958 0.696620 0.973802 0.693750 0.973646 0.691620 0.973802 0.688565 0.975417 0.685509 0.977292 0.684028 0.980573 0.681991 0.982344 0.680602 0.983333 0.677917 0.984688 0.675139 0.987656 0.672731 0.989479 0.671528 0.992031 0.671065 0.993698 0.670324 0.995729 0.669954 0.998906 0.669676 0.999896 0.669583 1.000000 0.689090 0.999896 0.699120 0.998958 0.698750 0.997552 0.697546 0.996302 0.696713 0.995469 0.698287 0.994948 0.699676 0.992969 0.700694
6 0.972292 0.687176 0.969583 0.687731 0.967656 0.688102 0.966562 0.686528 0.965573 0.684213 0.965365 0.678657 0.965156 0.675139 0.965365 0.671435 0.967865 0.669120 0.969792 0.667083 0.971927 0.665231 0.974010 0.663935 0.975729 0.663565 0.977604 0.663565 0.982500 0.663194 0.987552 0.662824 0.989896 0.662639 0.992031 0.662731 0.992760 0.662824 0.993281 0.664306 0.993854 0.665694 0.994792 0.667083 0.995104 0.668935 0.995052 0.670046 0.993490 0.670417 0.991979 0.671250 0.989062 0.671713 0.987552 0.672639 0.984635 0.675046 0.982969 0.677917 0.982031 0.680231 0.981094 0.681343 0.980729 0.681806 0.977500 0.683565 0.975625 0.685509 0.973333 0.686713
6 0.878854 0.696620 0.884427 0.696250 0.887500 0.695602 0.897396 0.694769 0.902656 0.694676 0.906250 0.693750 0.906719 0.691157 0.906979 0.687917 0.907292 0.684954 0.907292 0.682083 0.907344 0.680602 0.905573 0.680417 0.905156 0.680417 0.904687 0.679028 0.904219 0.677731 0.903281 0.676157 0.901563 0.675139 0.899375 0.674583 0.899167 0.674583 0.892760 0.674306 0.886823 0.674861 0.884219 0.675880 0.882500 0.677176 0.880573 0.678565 0.880000 0.681806 0.879583 0.683935 0.879010 0.684954 0.878906 0.686250 0.879167 0.688287 0.879427 0.690231 0.879010 0.693935
6 0.395514 0.753209 0.391600 0.755056 0.387446 0.755198 0.387046 0.752215 0.385848 0.751647 0.385049 0.750227 0.383691 0.748381 0.382892 0.746677 0.384011 0.740002 0.385768 0.736168 0.387446 0.735174 0.391040 0.734180 0.394076 0.732618 0.400946 0.724807 0.403901 0.721683 0.415245 0.719126 0.418919 0.718416 0.425230 0.718558 0.429384 0.719410 0.429624 0.721257 0.430502 0.722677 0.432419 0.725233 0.433458 0.727079 0.433218 0.729919 0.434177 0.733470 0.433937 0.737304 0.434017 0.740712 0.434417 0.743127 0.434177 0.744689 0.428905 0.746251 0.428345 0.747955 0.424990 0.749801 0.420677 0.748949 0.418760 0.748949 0.416603 0.747103
6 0.305833 0.761898 0.308438 0.764028 0.311042 0.764676 0.314219 0.764028 0.316719 0.763472 0.318958 0.763009 0.321302 0.761157 0.322656 0.758750 0.322396 0.754306 0.321667 0.750509 0.320573 0.748843 0.320312 0.747454 0.320052 0.745509 0.318906 0.742454 0.317917 0.740880 0.316406 0.738750 0.314740 0.737454 0.311979 0.737269 0.308333 0.737731 0.305729 0.738565 0.304375 0.742824 0.303802 0.746898 0.303958 0.751528 0.304271 0.757361
1 0.951562 0.869444 0.939583 0.872222 0.920833 0.875000 0.917188 0.877778 0.913021 0.880556 0.909375 0.883333 0.902604 0.887037 0.882812 0.889815 0.856250 0.890741 0.834896 0.889815 0.819271 0.892593 0.793229 0.895370 0.787500 0.898148 0.770833 0.900926 0.756771 0.903704 0.738021 0.906481 0.723958 0.909259 0.707292 0.912037 0.691146 0.914815 0.673438 0.917593 0.660937 0.920370 0.646354 0.923148 0.640625 0.925926 0.634375 0.928704 0.629687 0.931481 0.625000 0.934259 0.618229 0.937037 0.613021 0.939815 0.606771 0.942593 0.600521 0.945370 0.595313 0.948148 0.588542 0.950926 0.582812 0.953704 0.577083 0.956481 0.570833 0.959259 0.565104 0.962037 0.558333 0.964815 0.553125 0.967593 0.545312 0.970370 0.536458 0.973148 0.525000 0.975926 0.520833 0.977778 0.517188 0.975000 0.985938 0.995370 0.992188 0.991667 0.996875 0.992593
