4 0.126736 0.996795 0.125401 0.989672 0.125401 0.976614 0.120726 0.965931 0.116052 0.954060 0.110043 0.944563 0.102698 0.933879 0.086672 0.922009 0.063301 0.908951 0.043937 0.908951 0.029247 0.899454 0.028579 0.875712 0.026576 0.851971 0.028579 0.824668 0.029915 0.792616 0.030582 0.753443 0.039263 0.766500 0.039263 0.783120 0.046608 0.818732 0.055288 0.854345 0.063969 0.885209 0.071982 0.906576 0.096688 0.923196 0.102698 0.930318 0.115385 0.945750 0.125401 0.969492 0.131410 0.965931 0.130075 0.950499 0.128072 0.937441 0.122062 0.927944 0.097356 0.904202 0.092014 0.892331 0.083333 0.857906 0.079995 0.789055 0.071982 0.752255 0.071982 0.713082 0.067975 0.667972 0.061966 0.629986 0.051282 0.606244 0.041934 0.586064 0.049947 0.586064 0.053285 0.576567 0.055956 0.555199 0.056624 0.538580 0.059963 0.536206 0.073317 0.531458 0.080662 0.516026 0.080662 0.493471 0.073985 0.473291 0.064637 0.448362 0.052618 0.431743 0.039931 0.419872 0.020566 0.415123 0.003205 0.408001 0.000000 0.408001 0.000530 1.000000 0.127404 1.000000
4 0.083333 0.794991 0.096020 0.809236 0.102698 0.825855 0.121394 0.851971 0.146768 0.870964 0.170807 0.868590 0.186165 0.857906 0.202858 0.863841 0.207532 0.851971 0.193510 0.835351 0.174145 0.824668 0.160123 0.799739 0.134081 0.761752 0.112046 0.722578 0.096688 0.694088 0.076656 0.670347 0.070646 0.648979 0.081330 0.639482 0.079995 0.615741 0.073985 0.600309 0.071314 0.580128 0.068643 0.559948 0.075321 0.536206 0.068643 0.532645 0.061298 0.543329 0.059295 0.561135 0.055956 0.570632 0.050614 0.584877 0.051950 0.605057 0.056624 0.618115 0.064637 0.641857 0.067975 0.676282 0.068643 0.716643 0.071314 0.761752
5 0.171379 0.996032 0.172371 0.985450 0.176339 0.976631 0.176339 0.964286 0.173859 0.940476 0.168899 0.916667 0.166419 0.902557 0.164435 0.889330 0.172371 0.882275 0.196677 0.884039 0.202133 0.878748 0.206101 0.867284 0.199157 0.848765 0.192212 0.832011 0.183284 0.833774 0.178819 0.816138 0.191716 0.795855 0.202629 0.793210 0.213046 0.779982 0.220982 0.764109 0.220982 0.743827 0.215030 0.739418 0.208581 0.742063 0.198661 0.747354 0.191220 0.749118 0.183780 0.773810 0.183780 0.782628 0.180804 0.793210 0.177331 0.807319 0.175347 0.812610 0.146081 0.876102 0.134177 0.874339 0.122272 0.881393 0.118800 0.891975 0.111855 0.893739 0.102927 0.889330 0.093998 0.886684 0.098462 0.904321 0.112351 0.914021 0.122272 0.922840 0.126736 0.939594 0.130704 0.950176 0.131200 0.969577 0.126736 0.977513 0.127728 0.988095 0.131555 1.000000
6 0.090030 0.679453 0.140129 0.683862 0.279018 0.730600 0.289931 0.740300 0.301835 0.752646 0.310764 0.776455 0.321181 0.803792 0.328125 0.829365 0.332589 0.825838 0.336062 0.827601 0.336062 0.840829 0.332093 0.858466 0.335069 0.887566 0.331597 0.943122 0.332589 0.972222 0.331642 1.000000 0.172371 0.999559 0.174851 0.989859 0.175843 0.981041 0.177331 0.973104 0.177331 0.964286 0.175347 0.951058 0.172371 0.927249 0.166915 0.904321 0.168403 0.889330 0.178819 0.883157 0.189732 0.876102 0.199157 0.878748 0.206597 0.875220 0.204613 0.853175 0.200645 0.835538 0.193700 0.831129 0.186260 0.820547 0.185764 0.809965 0.189732 0.802028 0.206597 0.792328 0.219494 0.780864 0.222966 0.764109 0.224454 0.744709 0.218502 0.733245 0.209077 0.735891 0.194196 0.741182 0.185764 0.757055 0.181300 0.782628 0.182788 0.802028 0.179812 0.805556 0.175347 0.809083 0.166915 0.809083 0.160466 0.802910 0.153026 0.787919 0.145585 0.772928 0.135665 0.759700 0.124256 0.743827 0.120784 0.731481 0.108383 0.707672
6 0.332986 0.998148 0.330903 0.974691 0.331597 0.945062 0.330903 0.903086 0.335069 0.862346 0.337847 0.817901 0.340625 0.784568 0.352431 0.758642 0.357292 0.754938 0.400347 0.594444 0.406597 0.590741 0.421875 0.583333 0.435764 0.575926 0.431597 0.561111 0.435764 0.533951 0.447569 0.517901 0.454514 0.509259 0.471875 0.496914 0.489236 0.494444 0.523958 0.495679 0.544097 0.498148 0.562153 0.503086 0.572569 0.520370 0.576736 0.531481 0.642708 0.533951 0.659375 0.536420 0.663542 0.553704 0.664931 0.572222 0.665625 0.599383 0.676042 0.612963 0.689236 0.659877 0.702431 0.740123 0.707986 0.759877 0.718403 0.788272 0.722569 0.856173 0.723958 0.899383 0.723958 0.954938 0.727431 0.980864 0.728125 0.995679 0.413542 0.999383
6 0.731840 0.996968 0.738754 0.998607 0.741519 0.969928 0.741519 0.955998 0.742441 0.924041 0.742441 0.902737 0.736910 0.887168 0.727692 0.844559 0.735066 0.842101 0.738754 0.831449 0.731379 0.819158 0.723083 0.815880 0.716630 0.788840 0.711560 0.770813 0.705568 0.764258 0.712021 0.784743 0.712482 0.800311 0.715708 0.824074 0.720317 0.866683 0.721700 0.887168 0.723544 0.950262 0.722622 0.967470 0.726309 0.998607
6 0.739955 0.899306 0.747396 0.899857 0.748016 0.894345 0.754836 0.894896 0.758247 0.886078 0.757626 0.873953 0.755766 0.862379 0.748636 0.857418 0.738095 0.855214 0.728795 0.849151 0.732825 0.872851 0.735305 0.888283
1 0.755294 0.912113 0.758424 0.912619 0.757286 0.773477 0.763832 0.774489 0.763263 0.746155 0.755863 0.744131 0.771232 0.719844 0.754724 0.690498 0.738502 0.716302 0.753017 0.746155 0.747894 0.745649 0.747894 0.769429 0.753301 0.773477
4 0.848471 0.903196 0.850387 0.900718 0.850213 0.894835 0.853174 0.894215 0.853522 0.889260 0.852825 0.881209 0.852651 0.875015 0.852303 0.868822 0.852825 0.861699 0.852477 0.856125 0.851083 0.851171 0.848645 0.846525 0.845161 0.843429 0.845335 0.839093 0.841851 0.836926 0.838367 0.841880 0.838890 0.847145 0.838542 0.848693 0.837148 0.856435 0.838890 0.863248 0.839413 0.866035 0.840284 0.869441 0.839413 0.878732 0.840284 0.880590 0.841155 0.888331 0.840806 0.894835 0.840109 0.901647 0.841677 0.903815 0.844116 0.902886 0.844987 0.894215 0.845161 0.888331 0.846380 0.886164 0.847774 0.891738 0.847077 0.896073 0.847077 0.900099
6 0.925149 0.894626 0.925861 0.892938 0.929065 0.892306 0.931082 0.891462 0.930844 0.886611 0.930251 0.881971 0.927997 0.879862 0.923607 0.878807 0.917319 0.875643 0.913879 0.874378 0.910913 0.870792 0.908065 0.866996 0.905218 0.864676 0.900116 0.863410 0.895015 0.862777 0.888727 0.862988 0.884812 0.862777 0.881371 0.866996 0.876863 0.869527 0.871642 0.869738 0.868676 0.874167 0.868558 0.879018 0.869981 0.881760 0.874253 0.883447 0.876981 0.884502 0.878761 0.888087 0.881015 0.890197 0.884812 0.894204 0.889913 0.895891 0.891693 0.892306 0.892523 0.890197 0.899998 0.891462 0.907947 0.891462 0.916726 0.893360 0.917319 0.896313 0.920878 0.898001 0.923014 0.898001
6 0.870898 0.885860 0.868842 0.885512 0.865905 0.885512 0.863360 0.884468 0.863849 0.877854 0.863947 0.871937 0.865318 0.868630 0.867276 0.868804 0.870017 0.866193 0.876870 0.861146 0.892534 0.860276 0.892926 0.861494 0.889401 0.862016 0.885485 0.862538 0.882940 0.863757 0.881080 0.865671 0.879024 0.868282 0.875108 0.870022 0.871094 0.871241 0.869332 0.874547 0.869332 0.877854 0.869919 0.882031 0.871094 0.884120
6 0.835392 0.881352 0.829498 0.880778 0.829578 0.882501 0.828529 0.883936 0.827560 0.884223 0.826429 0.882644 0.826349 0.881352 0.825622 0.881352 0.825299 0.883506 0.824330 0.883362 0.823361 0.881065 0.822876 0.877333 0.822957 0.874175 0.823603 0.871160 0.824895 0.869724 0.826591 0.867140 0.827721 0.864126 0.829255 0.861398 0.830467 0.860824 0.832243 0.860968 0.834585 0.861111 0.835231 0.862260 0.834746 0.864413 0.834746 0.867284 0.834423 0.869007 0.834343 0.871447 0.834908 0.875897 0.835069 0.876759
8 0.997615 0.415774 0.954317 0.498327 0.949297 0.510598 0.946787 0.525100 0.947415 0.535141 0.936119 0.535141 0.931727 0.545181 0.933609 0.557452 0.939257 0.565261 0.946787 0.570839 0.946787 0.588688 0.934237 0.589804 0.927962 0.594266 0.925452 0.626618 0.927962 0.647813 0.926707 0.674587 0.927962 0.690205 0.933609 0.699130 0.923569 0.709170 0.923569 0.729250 0.926079 0.751562 0.930472 0.762718 0.935492 0.935631 0.935492 0.945672 0.931099 0.950134 0.927962 0.959058 0.930472 0.982485 0.931099 0.998104 0.999498 0.999219
