6 0.220277 0.787888 0.221175 0.791613 0.218780 0.803321 0.213691 0.809706 0.207705 0.810771 0.200820 0.808642 0.198725 0.801724 0.199024 0.797999 0.196330 0.788421 0.194834 0.779906 0.190344 0.772456 0.188548 0.762878 0.187949 0.744253 0.189446 0.728289 0.190044 0.716049 0.190344 0.711792 0.193636 0.696892 0.198426 0.689974 0.202017 0.684653 0.206507 0.680396 0.208303 0.678799 0.225964 0.649532 0.236440 0.642082 0.246618 0.638357 0.249312 0.637292 0.259189 0.636228 0.275054 0.633035 0.292714 0.637292 0.304987 0.640485 0.307980 0.641017 0.313967 0.642614 0.323845 0.655917 0.326838 0.663900 0.328035 0.671350 0.331028 0.676139 0.338512 0.676671 0.341804 0.684121 0.340906 0.688378 0.337015 0.692103 0.342702 0.704342 0.345097 0.713389 0.346294 0.741592 0.345995 0.763410 0.344498 0.780438 0.340308 0.785228 0.330729 0.785228 0.330131 0.775649 0.326539 0.774053 0.311273 0.774585 0.312171 0.786292 0.311572 0.796935 0.306783 0.804385 0.297504 0.801724 0.290320 0.789485 0.286728 0.781503 0.276551 0.779374 0.265775 0.781503 0.262781 0.779374 0.262482 0.785760 0.257094 0.790549 0.252305 0.789485 0.247815 0.779906 0.240332 0.781503 0.237638 0.781503 0.229256 0.781503
6 0.347200 0.751266 0.348313 0.750475 0.356548 0.750079 0.367009 0.752058 0.369013 0.756015 0.371238 0.766698 0.380142 0.769864 0.388377 0.764720 0.389490 0.748892 0.389935 0.742165 0.392829 0.745726 0.393719 0.755223 0.401509 0.752453 0.405515 0.740582 0.405515 0.727920 0.403735 0.716445 0.402845 0.700617 0.403067 0.687559 0.401509 0.680041 0.398838 0.678458 0.401954 0.670149 0.400841 0.665400 0.397058 0.662631 0.395277 0.667379 0.391938 0.659861 0.388377 0.648781 0.383703 0.639680 0.377916 0.633349 0.371684 0.630579 0.363448 0.629392 0.356326 0.629392 0.345419 0.629392 0.338297 0.630579 0.332065 0.630579 0.324497 0.630975 0.315371 0.635328 0.312033 0.640472 0.317152 0.645616 0.321381 0.654321 0.327836 0.660652 0.330729 0.673314 0.335848 0.675689 0.338297 0.676480 0.342971 0.678063 0.342526 0.682415 0.341858 0.685977 0.342303 0.696265 0.344084 0.701804 0.345419 0.713280 0.345864 0.731086
6 0.431839 0.721283 0.404967 0.723430 0.403155 0.710816 0.403457 0.704643 0.404665 0.697665 0.403608 0.688272 0.403306 0.683441 0.400438 0.677268 0.401947 0.673510 0.403155 0.669216 0.401947 0.663849 0.399230 0.661433 0.396060 0.666532 0.395003 0.668411 0.394097 0.671900 0.393191 0.666264 0.392135 0.662507 0.393191 0.657944 0.395909 0.650698 0.397268 0.646672 0.399079 0.645598 0.398777 0.641036 0.398022 0.634326 0.402853 0.632179 0.403910 0.632448 0.421875 0.632984 0.430480 0.631374 0.432594 0.632448 0.434103 0.637010 0.434707 0.641573 0.433952 0.642915 0.435613 0.646672 0.438632 0.652308 0.439538 0.656334 0.438934 0.663580 0.438179 0.668680 0.436217 0.674047 0.435462 0.680757 0.433046 0.690687 0.432292 0.707864 0.433499 0.716720
6 0.445577 0.745169 0.445879 0.754026 0.444067 0.760467 0.439236 0.760735 0.436066 0.757783 0.434103 0.750805 0.434254 0.742754 0.434405 0.734970 0.434254 0.732018 0.432745 0.715915 0.434254 0.696592 0.435764 0.680757 0.439085 0.668680 0.440444 0.659018 0.442406 0.648819 0.444973 0.643720 0.451162 0.641573 0.457050 0.641036 0.458107 0.640768 0.465353 0.640499 0.468373 0.639962 0.473354 0.639962 0.489206 0.641573 0.496452 0.642915 0.501585 0.647209 0.502340 0.648014 0.504152 0.649893 0.506869 0.657139 0.509435 0.668143 0.511398 0.678341 0.512153 0.676463 0.514115 0.674316 0.517135 0.673510 0.519097 0.676999 0.519248 0.680757 0.519248 0.683709 0.517135 0.685588 0.514266 0.685856 0.513210 0.687735 0.514266 0.690150 0.515625 0.697397 0.516682 0.701422 0.516682 0.708669 0.516229 0.717794 0.516380 0.730408 0.515625 0.739801 0.515927 0.744632 0.515172 0.748390 0.514568 0.750537 0.512757 0.750537 0.509284 0.750268 0.508832 0.753489 0.508530 0.755099 0.507322 0.757246 0.503850 0.759662 0.500528 0.759393 0.496905 0.755368 0.497358 0.747316 0.497207 0.743559 0.490565 0.741948 0.484677 0.742485 0.478034 0.743827 0.469580 0.743827 0.466863 0.743827 0.465504 0.744364 0.459918 0.743290 0.459466 0.748121 0.458560 0.750537 0.457050 0.752684 0.453578 0.753221 0.451313 0.750537 0.451615 0.748658 0.451162 0.746243 0.449653 0.743827
6 0.540703 0.706784 0.540498 0.712434 0.540190 0.714075 0.538857 0.715533 0.537422 0.715715 0.536807 0.715351 0.535987 0.713893 0.535064 0.713163 0.534551 0.712617 0.534141 0.711523 0.533219 0.704779 0.533424 0.697306 0.533936 0.686734 0.534961 0.681266 0.535372 0.673793 0.537627 0.663951 0.539678 0.657754 0.542548 0.655020 0.547162 0.654473 0.549520 0.654291 0.552904 0.652650 0.555467 0.653197 0.557825 0.654473 0.558542 0.656296 0.559055 0.656296 0.564386 0.657025 0.567155 0.661946 0.567565 0.663586 0.568795 0.666867 0.569410 0.670877 0.570641 0.675069 0.573306 0.698035 0.573409 0.701681 0.573306 0.703868 0.573101 0.705690 0.571871 0.706966 0.571871 0.710065 0.571871 0.711523 0.571871 0.715168 0.569103 0.715897 0.566950 0.715897 0.565412 0.715715 0.563771 0.713346 0.563464 0.708607 0.562028 0.708060 0.560490 0.707878 0.557517 0.707331 0.553826 0.706966 0.550443 0.707149 0.545522 0.707331
6 0.589550 0.709772 0.589365 0.712568 0.588810 0.717173 0.587977 0.717502 0.585387 0.717173 0.584462 0.714871 0.583259 0.714213 0.582149 0.713391 0.581872 0.708786 0.581872 0.701714 0.581594 0.697602 0.581964 0.691353 0.582149 0.685925 0.583074 0.680827 0.581779 0.680991 0.580577 0.680662 0.580021 0.679018 0.579651 0.675400 0.581779 0.674577 0.584960 0.674595 0.586182 0.670658 0.586793 0.665906 0.588549 0.661833 0.591986 0.660068 0.595270 0.660204 0.597714 0.661562 0.598554 0.659797 0.599852 0.657489 0.601608 0.657760 0.603747 0.658439 0.603976 0.661019 0.611383 0.661019 0.614133 0.661562 0.616271 0.665092 0.616577 0.666178 0.617569 0.668486 0.618791 0.671880 0.619173 0.674188 0.620471 0.676089 0.620700 0.677718 0.620853 0.678804 0.621846 0.682741 0.623144 0.695368 0.622381 0.703242 0.621388 0.709080 0.621846 0.713560 0.621693 0.716547 0.620090 0.719534 0.618180 0.719670 0.615278 0.718584 0.613675 0.713832 0.613675 0.709895 0.612453 0.709352
6 0.633530 0.700119 0.635058 0.696997 0.635440 0.696318 0.636661 0.694825 0.637654 0.695911 0.638342 0.699576 0.640022 0.702156 0.641396 0.700934 0.642084 0.697540 0.643764 0.695775 0.650790 0.695775 0.651401 0.701341 0.653692 0.703785 0.656212 0.703649 0.657128 0.699441 0.657510 0.695096 0.658503 0.686543 0.658885 0.679347 0.658350 0.674867 0.658656 0.671337 0.658197 0.668350 0.655448 0.659933 0.653692 0.656539 0.650790 0.655452 0.647429 0.654502 0.644375 0.654774 0.639945 0.655588 0.637120 0.655045 0.634752 0.655045 0.634294 0.655181 0.632996 0.656539 0.632461 0.660611 0.633225 0.673781 0.632461 0.692109 0.632003 0.697811 0.631163 0.699576 0.632843 0.702563 0.634523 0.701613 0.634294 0.699848 0.634752 0.697540 0.634981 0.696997
8 0.580534 0.695949 0.580664 0.698495 0.581055 0.701042 0.579753 0.703125 0.577669 0.698727 0.577409 0.693634 0.577409 0.684838 0.577409 0.678125 0.578060 0.666319 0.577669 0.655903 0.576628 0.656366 0.575846 0.655440 0.575195 0.651968 0.575456 0.648264 0.575716 0.642940 0.575586 0.638079 0.575846 0.636690 0.577930 0.636458 0.578581 0.632755 0.578451 0.624884 0.578451 0.623495 0.578711 0.620718 0.579753 0.618634 0.585221 0.616782 0.589779 0.614468 0.593294 0.610995 0.603711 0.610995 0.611393 0.610995 0.624805 0.610995 0.629232 0.612153 0.631836 0.616782 0.631836 0.623264 0.632227 0.632986 0.632617 0.643866 0.632617 0.656134 0.631836 0.663079 0.632878 0.677199 0.633008 0.695255 0.631836 0.699190 0.631185 0.699190 0.629232 0.699190 0.627669 0.699190 0.625456 0.700579 0.625716 0.704514 0.625716 0.707060 0.624023 0.709144 0.622070 0.707292 0.623503 0.695949 0.622982 0.689005 0.621289 0.677431 0.619857 0.670023 0.616992 0.664005 0.616602 0.662384 0.614518 0.658912 0.613346 0.658681 0.611393 0.657986 0.606055 0.657986 0.603320 0.655903 0.602148 0.655208 0.601237 0.655208 0.597591 0.659144 0.593294 0.658449 0.591341 0.658449 0.587826 0.661690 0.585872 0.664699 0.584310 0.669097 0.583919 0.671412 0.583659 0.673264 0.581576 0.673032 0.579622 0.674653 0.579102 0.678588 0.579492 0.681829 0.581445 0.684375 0.581836 0.686458 0.581055 0.691782 0.581055 0.692940
6 0.687214 0.654028 0.685078 0.654306 0.682318 0.653657 0.676484 0.653472 0.672161 0.653657 0.670391 0.655046 0.669557 0.657176 0.669401 0.658380 0.669089 0.660231 0.668984 0.663380 0.668828 0.673102 0.669193 0.680417 0.669401 0.680972 0.669609 0.683194 0.669609 0.684398 0.669193 0.685694 0.668984 0.686713 0.668932 0.688472 0.669141 0.690046 0.669193 0.690509 0.669453 0.692083 0.669453 0.692824 0.669714 0.693472 0.670495 0.694120 0.670703 0.694213 0.671276 0.694120 0.672526 0.692917 0.672734 0.690787 0.672474 0.688287 0.674401 0.687917 0.674974 0.688472 0.674870 0.691065 0.674870 0.693657 0.675339 0.694769 0.676536 0.694954 0.677214 0.694120 0.677786 0.692824 0.678099 0.690880 0.678151 0.690324 0.678151 0.688565 0.683776 0.688194 0.687422 0.687731 0.688672 0.684120 0.687943 0.679676 0.687891 0.671713 0.687891 0.665602 0.687682 0.659861
6 0.999623 0.670290 0.997962 0.671095 0.994792 0.668411 0.992527 0.670021 0.991772 0.673510 0.991923 0.677805 0.992829 0.680757 0.990263 0.682904 0.987847 0.683709 0.985734 0.688540 0.983771 0.701422 0.983771 0.711889 0.984224 0.722088 0.985734 0.729603 0.987243 0.736849 0.989206 0.739801 0.992225 0.741143 0.995546 0.741143 0.998264 0.738191 0.999472 0.734434
6 0.977179 0.711623 0.977042 0.717714 0.976768 0.725755 0.975672 0.729654 0.972930 0.731116 0.967585 0.730385 0.965392 0.727705 0.964021 0.722588 0.961554 0.720151 0.957854 0.718689 0.954153 0.718933 0.952645 0.722831 0.952097 0.725024 0.950452 0.726243 0.947711 0.726730 0.943736 0.722100 0.942366 0.718202 0.939624 0.718445 0.936061 0.719176 0.932771 0.720151 0.932360 0.722588 0.931675 0.727705 0.929619 0.729898 0.926467 0.728679 0.924137 0.726730 0.921944 0.724050 0.920710 0.717227 0.917146 0.716740 0.912212 0.716252 0.912212 0.719664 0.912486 0.723806 0.910019 0.725999 0.906456 0.725512 0.904263 0.720882 0.902755 0.716740 0.901933 0.714059 0.900836 0.710161 0.900699 0.703338 0.900014 0.697490 0.900425 0.691399 0.901796 0.683601 0.904537 0.672880 0.908100 0.666301 0.910704 0.661915 0.911527 0.660941 0.915502 0.656798 0.920299 0.652169 0.924411 0.649976 0.933594 0.649976 0.946478 0.649976 0.958676 0.650950 0.964433 0.653387 0.968544 0.661915 0.971971 0.670443 0.974849 0.674098 0.975809 0.678728 0.976357 0.685063 0.978413 0.693348 0.979235 0.698952 0.979372 0.704069
6 0.857427 0.683755 0.855818 0.682099 0.853616 0.682099 0.849551 0.682099 0.846418 0.682400 0.842522 0.681346 0.842522 0.678335 0.842691 0.673517 0.842268 0.668699 0.842861 0.665236 0.844809 0.663430 0.845825 0.662978 0.847519 0.661924 0.849975 0.659967 0.852515 0.659365 0.855479 0.659365 0.859121 0.661623 0.861069 0.663430 0.862678 0.665537 0.863863 0.667194 0.864964 0.670506 0.865642 0.675775 0.866235 0.681346 0.865303 0.683002 0.864287 0.683002 0.861831 0.681948 0.861069 0.682400 0.860222 0.684357 0.858613 0.684658
6 0.191284 0.713596 0.190483 0.714546 0.188346 0.715654 0.186476 0.713121 0.186209 0.710905 0.185942 0.708056 0.183449 0.708215 0.179977 0.706790 0.178107 0.707582 0.177662 0.711538 0.176861 0.713754 0.174457 0.714862 0.171252 0.713596 0.169560 0.709639 0.169382 0.706948 0.169382 0.702200 0.169382 0.696186 0.169382 0.690013 0.170985 0.682890 0.173745 0.678300 0.176238 0.674185 0.175258 0.674501 0.174635 0.673710 0.175080 0.671336 0.177128 0.670703 0.178641 0.670386 0.187366 0.657091 0.191106 0.656774 0.195824 0.656774 0.202947 0.656616 0.209535 0.656933 0.214699 0.657407 0.218616 0.660731 0.218349 0.663897 0.216302 0.666271 0.215322 0.667537 0.213898 0.670070 0.211761 0.673868 0.206686 0.680674 0.203481 0.683523 0.199475 0.688588 0.197961 0.692070 0.196359 0.695236 0.193243 0.698401 0.192530 0.701409 0.191640 0.707107
11 0.112003 0.704883 0.111195 0.708046 0.110467 0.709627 0.108526 0.711065 0.107313 0.707902 0.107070 0.704164 0.106989 0.700857 0.106747 0.699707 0.105291 0.697981 0.105210 0.694674 0.105048 0.687486 0.104886 0.678571 0.104644 0.674258 0.104239 0.671814 0.104725 0.667213 0.105129 0.662900 0.105938 0.658586 0.107232 0.657292 0.109658 0.656286 0.112650 0.655998 0.118393 0.656142 0.125348 0.656142 0.131009 0.658011 0.134487 0.659737 0.136428 0.661462 0.136589 0.667932 0.136185 0.673108 0.136104 0.681159 0.136428 0.686623 0.136832 0.690361 0.137317 0.693956 0.136185 0.696687 0.136104 0.700857 0.135861 0.704595 0.135538 0.707183 0.133435 0.709484 0.132141 0.708621 0.131818 0.704595 0.131737 0.701720 0.130038 0.700857 0.127693 0.700857 0.124863 0.700569 0.122841 0.700569 0.120010 0.701863 0.119201 0.703157 0.118797 0.706752 0.118069 0.709196 0.114834 0.711065 0.114511 0.709627 0.113944 0.707183
6 0.086970 0.666902 0.088512 0.674085 0.089320 0.681398 0.089467 0.689103 0.088586 0.694588 0.087557 0.697200 0.086676 0.700726 0.084986 0.703469 0.082635 0.704122 0.081093 0.701510 0.078889 0.699028 0.074702 0.700465 0.068751 0.700596 0.066988 0.701118 0.066327 0.703077 0.065299 0.704905 0.063462 0.705166 0.060377 0.704252 0.058908 0.702424 0.056043 0.703207 0.052370 0.702424 0.045318 0.702293 0.044436 0.705819 0.043114 0.707778 0.040983 0.707778 0.039661 0.706472 0.038486 0.703207 0.038119 0.698767 0.037972 0.693935 0.037972 0.689234 0.038927 0.684271 0.042012 0.680876 0.045244 0.677872 0.047742 0.676043 0.050386 0.673823 0.052590 0.669122 0.053839 0.667032 0.056043 0.666249 0.060744 0.665857 0.069192 0.664420 0.076538 0.664290 0.083444 0.664290 0.086970 0.665335
