6 0.339723 0.815483 0.340260 0.824551 0.340797 0.830756 0.342676 0.833620 0.351536 0.834097 0.356368 0.830279 0.360664 0.825983 0.363348 0.816438 0.364959 0.805937 0.367107 0.793528 0.493288 0.787323 0.490067 0.793528 0.498926 0.797824 0.501074 0.797824 0.501342 0.809756 0.502685 0.824074 0.506443 0.827415 0.512618 0.830756 0.520404 0.829324 0.523894 0.818347 0.524162 0.802119 0.524699 0.777778 0.525505 0.720504 0.523625 0.682799 0.520404 0.670389 0.518524 0.651775 0.510470 0.625525 0.502685 0.596888 0.493825 0.569206 0.487113 0.551546 0.481744 0.549637 0.475838 0.549160 0.466978 0.549160 0.376235 0.555842 0.359053 0.599752 0.353415 0.620752 0.348046 0.624093 0.345898 0.633639 0.345361 0.638412 0.345898 0.644616 0.343892 0.673580 0.341622 0.705459 0.338388 0.726035 0.338984 0.744190 0.338814 0.752209 0.339665 0.759925 0.339580 0.767187 0.341602 0.782551 0.341602 0.791142 0.340260 0.800210
6 0.701855 0.782069 0.709731 0.785230 0.721164 0.791554 0.732851 0.798780 0.739202 0.801491 0.743013 0.807362 0.746570 0.820009 0.749111 0.829494 0.750635 0.841238 0.753684 0.857498 0.761814 0.864724 0.773501 0.866079 0.783155 0.867435 0.791286 0.867435 0.796875 0.866531 0.800432 0.836269 0.801956 0.816396 0.906631 0.828591 0.931529 0.828139 0.935849 0.845754 0.937881 0.855691 0.942708 0.862466 0.952109 0.867886 0.961509 0.873758 0.969893 0.873758 0.982088 0.867886 0.986662 0.845303 0.987170 0.834914 0.987170 0.824526 0.990218 0.822267 0.999619 0.817751 0.999619 0.633469 0.991743 0.624887 0.974975 0.613144 0.966336 0.612692 0.940422 0.569332 0.916794 0.545393 0.895960 0.537715 0.868521 0.532746 0.839304 0.531391 0.801702 0.534101 0.761814 0.541328 0.736662 0.551716 0.722434 0.565266 0.712779 0.586495 0.703379 0.610434 0.700076 0.620370 0.698806 0.626242 0.698044 0.630759 0.696519 0.630759 0.696011 0.621725 0.694487 0.619015 0.692200 0.618564 0.687881 0.618564 0.682292 0.620822 0.679243 0.622177 0.678227 0.625339 0.677973 0.629855 0.679751 0.633921 0.680005 0.637534 0.682800 0.637534 0.687881 0.641147 0.691184 0.642954 0.690422 0.647471 0.687627 0.650181 0.683816 0.656504 0.680513 0.657407 0.678227 0.669151 0.675432 0.677281 0.673908 0.682249 0.672129 0.692186 0.671367 0.700768 0.670859 0.719286 0.670859 0.734192 0.671875 0.745935 0.671875 0.754517 0.672383 0.764453 0.673399 0.772584 0.675432 0.781617 0.675940 0.789295 0.677718 0.796974 0.678481 0.800136 0.679243 0.804201 0.681275 0.805556 0.682546 0.806007 0.686103 0.806911 0.689660 0.807814 0.694487 0.807362 0.698552 0.806459 0.698806 0.796974 0.701092 0.788392
6 0.049823 0.658368 0.049823 0.661862 0.049921 0.663784 0.052083 0.663784 0.055916 0.659941 0.060928 0.655922 0.068494 0.655224 0.077044 0.655224 0.086773 0.655922 0.096698 0.656097 0.102300 0.654001 0.106722 0.654175 0.113601 0.657669 0.117826 0.659591 0.121561 0.662736 0.126474 0.664658 0.128636 0.665182 0.129619 0.667453 0.130405 0.670597 0.134336 0.676188 0.137972 0.676712 0.140723 0.675839 0.141706 0.671646 0.141903 0.667278 0.143475 0.664308 0.148094 0.660115 0.153695 0.658718 0.160770 0.657145 0.163719 0.656272 0.167551 0.663435 0.169517 0.661338 0.171580 0.656447 0.172661 0.651555 0.173644 0.648061 0.173644 0.641597 0.173939 0.631988 0.174135 0.617837 0.173054 0.602638 0.169025 0.596349 0.164308 0.587788 0.160672 0.580276 0.150550 0.572764 0.138365 0.571716 0.120086 0.570318 0.092374 0.571017 0.080582 0.586565 0.072917 0.600891 0.069379 0.604909 0.061026 0.606656 0.056997 0.612945 0.053361 0.618536 0.050904 0.624651 0.051297 0.632862 0.050708 0.640723 0.049725 0.649808
6 0.674784 0.675731 0.671187 0.678512 0.663366 0.678790 0.661020 0.682405 0.661802 0.687966 0.659456 0.693249 0.656485 0.695195 0.651636 0.695751 0.649603 0.692971 0.647569 0.684351 0.647569 0.677122 0.646631 0.672395 0.639436 0.670448 0.640375 0.676844 0.639749 0.684351 0.638185 0.687132 0.634431 0.687688 0.631772 0.687132 0.630678 0.685185 0.629270 0.678512 0.628957 0.674341 0.628488 0.668502 0.627706 0.659048 0.628019 0.649872 0.628488 0.639584 0.628488 0.632077 0.628331 0.625959 0.630052 0.620954 0.631772 0.617062 0.634431 0.614837 0.633435 0.612492 0.629945 0.611556 0.627509 0.611088 0.626719 0.608864 0.626653 0.606054 0.627772 0.602542 0.629287 0.601840 0.631394 0.601255 0.635081 0.601255 0.634949 0.607576 0.635410 0.609917 0.636990 0.608747 0.637254 0.605586 0.637978 0.602542 0.638768 0.599733 0.639888 0.595285 0.640875 0.591656 0.641665 0.589900 0.643772 0.586974 0.646274 0.580653 0.649106 0.577960 0.651345 0.574332 0.653057 0.571288 0.655427 0.570118 0.662736 0.569766 0.670242 0.568947 0.679131 0.568479 0.684465 0.568596 0.686901 0.563445 0.688415 0.568128 0.700267 0.569064 0.704811 0.568713 0.709156 0.569649 0.710012 0.571873 0.711198 0.574215 0.712778 0.577726 0.714687 0.582526 0.703165 0.611088 0.698029 0.631105 0.696448 0.630870 0.695987 0.621272 0.693419 0.618345 0.687757 0.618579 0.681699 0.620569 0.678934 0.622676 0.677814 0.626422 0.677946 0.630168 0.678934 0.632392 0.679394 0.636606 0.681962 0.638479 0.686967 0.641640 0.690259 0.642459 0.690522 0.646205 0.687296 0.650185 0.679987 0.658964 0.677024 0.670319 0.676563 0.674650
6 0.585059 0.652486 0.584582 0.655027 0.583100 0.656062 0.581565 0.656156 0.579819 0.655309 0.579184 0.654556 0.578443 0.652768 0.577278 0.650510 0.576908 0.648063 0.576802 0.643829 0.577278 0.641853 0.577754 0.636772 0.577702 0.634702 0.578072 0.631314 0.578601 0.627738 0.579078 0.624727 0.579237 0.622751 0.579289 0.620681 0.578972 0.618987 0.579395 0.617199 0.578654 0.616352 0.576643 0.615882 0.576061 0.614565 0.576272 0.612400 0.578231 0.611083 0.579025 0.611083 0.580507 0.610989 0.581195 0.611553 0.580824 0.613718 0.580930 0.615600 0.582624 0.614376 0.582730 0.612777 0.582677 0.610706 0.582889 0.607978 0.584371 0.604872 0.587176 0.599227 0.590087 0.594616 0.592152 0.590664 0.593475 0.590664 0.594269 0.590569 0.595698 0.590852 0.598133 0.591887 0.598927 0.592451 0.599615 0.592451 0.600356 0.592451 0.605066 0.593110 0.607819 0.592828 0.609936 0.592451 0.611947 0.592263 0.612424 0.592169 0.614276 0.591228 0.615547 0.589911 0.616764 0.589252 0.617452 0.589158 0.617929 0.589629 0.618828 0.590475 0.622428 0.594992 0.623910 0.596780 0.624968 0.599979 0.625709 0.602332 0.626344 0.604214 0.626556 0.605907 0.626291 0.608542 0.626768 0.610518 0.627668 0.612024 0.628409 0.613247 0.628726 0.614941 0.628938 0.618799 0.628885 0.622751 0.628409 0.631596 0.628620 0.643170 0.627879 0.649851 0.627456 0.651075 0.624439 0.652110 0.616711 0.654462 0.613377 0.655874 0.607978 0.655591 0.593792 0.655497 0.593157 0.661708 0.591252 0.662931 0.588182 0.662366 0.587123 0.660484 0.586541 0.659167 0.585853 0.653709 0.585959 0.652016
6 0.576771 0.639167 0.570990 0.638796 0.570937 0.642685 0.570729 0.645833 0.570677 0.648519 0.569427 0.649722 0.567552 0.650000 0.565781 0.650093 0.564896 0.650185 0.564271 0.648241 0.564010 0.643796 0.564063 0.639074 0.561927 0.638796 0.561719 0.641111 0.561719 0.642593 0.561563 0.644537 0.559688 0.645741 0.558333 0.645926 0.556823 0.646019 0.556458 0.645648 0.555625 0.642500 0.555417 0.640278 0.555521 0.638148 0.555521 0.636204 0.555365 0.633611 0.555208 0.634537 0.554896 0.633889 0.554323 0.631852 0.553958 0.628981 0.553438 0.623333 0.553073 0.618889 0.553802 0.616019 0.554583 0.611944 0.555365 0.607685 0.555938 0.605648 0.556927 0.603241 0.558385 0.602130 0.560052 0.600926 0.560990 0.599444 0.561667 0.596667 0.562188 0.593981 0.563125 0.590741 0.563646 0.587870 0.563750 0.584630 0.564271 0.582130 0.566198 0.580741 0.568385 0.579630 0.571250 0.578889 0.573385 0.578333 0.579271 0.577685 0.586510 0.577778 0.591458 0.577500 0.594583 0.578148 0.596250 0.580093 0.597031 0.581944 0.597604 0.585093 0.597969 0.586759 0.599427 0.590648 0.599583 0.591481 0.599010 0.592500 0.595156 0.591019 0.592292 0.590648 0.591615 0.591944 0.589583 0.595556 0.588385 0.597870 0.586250 0.600370 0.585260 0.601852 0.584427 0.603981 0.583698 0.605833 0.582865 0.608241 0.582812 0.611574 0.582812 0.614259 0.582604 0.614907 0.580729 0.615463 0.580833 0.613148 0.581094 0.612037 0.580313 0.610926 0.578125 0.611389 0.576979 0.612037 0.576354 0.613333 0.576146 0.615648 0.578125 0.616204 0.579531 0.617500 0.579479 0.620278 0.579219 0.623704 0.578854 0.627593 0.577708 0.635463
5 0.528465 0.658303 0.533570 0.659108 0.534151 0.655891 0.534281 0.652789 0.535379 0.650951 0.536413 0.647390 0.536413 0.642680 0.536155 0.637051 0.535896 0.633719 0.535961 0.629928 0.536672 0.627516 0.536930 0.625678 0.536736 0.623380 0.535250 0.622231 0.535121 0.619359 0.535121 0.616947 0.534345 0.615454 0.532407 0.614420 0.529628 0.614535 0.527237 0.614879 0.526849 0.616487 0.526849 0.619704 0.527625 0.621657 0.527689 0.623150 0.527043 0.624989 0.525880 0.628090 0.525492 0.631881 0.525686 0.636017 0.525686 0.640957 0.525105 0.647275 0.527237 0.650032 0.528142 0.651411 0.528142 0.654627
4 0.524911 0.647390 0.524329 0.647964 0.521680 0.647620 0.523231 0.645552 0.523683 0.643369 0.523877 0.641646 0.523942 0.639234 0.523554 0.636247 0.523295 0.634179 0.523037 0.630503 0.523166 0.624299 0.524006 0.620393 0.524329 0.617636 0.524458 0.615454 0.524458 0.613156 0.524458 0.612122 0.524265 0.607872 0.523489 0.609595 0.522908 0.612237 0.522455 0.614535 0.521421 0.615913 0.520581 0.613960 0.521034 0.610973 0.521615 0.609595 0.522003 0.607757 0.522326 0.605574 0.522585 0.603161 0.523101 0.599945 0.523618 0.597647 0.524200 0.596843 0.525428 0.596728 0.525945 0.596154 0.526203 0.595005 0.526203 0.594086 0.526203 0.592593 0.526397 0.590065 0.526979 0.587423 0.529176 0.586849 0.529822 0.586849 0.531308 0.587883 0.532471 0.588802 0.533441 0.590869 0.533505 0.592937 0.533311 0.594890 0.534216 0.595579 0.534798 0.596958 0.535185 0.599256 0.535250 0.600519 0.535638 0.602587 0.535961 0.604540 0.535896 0.605459 0.535056 0.604655 0.534604 0.604655 0.534604 0.606838 0.534668 0.609365 0.534798 0.613386 0.535121 0.615568 0.535056 0.616832 0.534022 0.614420 0.532213 0.614075 0.529757 0.614190 0.527366 0.614879 0.526914 0.615339 0.526656 0.617406 0.526591 0.619245 0.526979 0.619589 0.527560 0.622231 0.527108 0.624414 0.525880 0.627746 0.525622 0.629699 0.525169 0.632915 0.525234 0.634868 0.525234 0.637625 0.525040 0.642450
6 0.000786 0.593248 0.011596 0.589754 0.022651 0.589754 0.033461 0.592374 0.038375 0.594121 0.044025 0.605040 0.048693 0.614649 0.051150 0.621637 0.050658 0.639107 0.049676 0.656578 0.048939 0.666186 0.033215 0.667933 0.016755 0.669680 0.010613 0.670117 0.012579 0.652647 0.007911 0.629062 0.000540 0.619453
6 0.013569 0.588694 0.020696 0.586014 0.029468 0.586014 0.039474 0.585283 0.047286 0.585526 0.054825 0.587232 0.059622 0.589181 0.063459 0.590643 0.066338 0.595760 0.068257 0.601608 0.063459 0.604776 0.059485 0.607943 0.056743 0.612086 0.052220 0.618908 0.048657 0.615253 0.043997 0.604776 0.038377 0.593811 0.034128 0.592349 0.023712 0.590400
6 0.164170 0.585764 0.181456 0.585764 0.198515 0.587170 0.204729 0.594802 0.208797 0.607255 0.211621 0.622921 0.213203 0.634771 0.213994 0.644412 0.212977 0.653049 0.211621 0.662288 0.197725 0.665502 0.194222 0.665100 0.180552 0.666305 0.173208 0.667711 0.170836 0.667711 0.170384 0.659878 0.172191 0.653451 0.173321 0.648630 0.173773 0.637182 0.174338 0.617498 0.173321 0.602836 0.168689 0.596610
6 0.205271 0.595670 0.221735 0.596901 0.227890 0.596764 0.232506 0.600594 0.236352 0.611262 0.238199 0.616732 0.242430 0.618100 0.243353 0.621519 0.243815 0.628494 0.244045 0.638752 0.243353 0.645591 0.242815 0.649147 0.241891 0.654617 0.238583 0.656532 0.232352 0.657353 0.226197 0.658310 0.222350 0.659678 0.217965 0.660225 0.215042 0.660772 0.212965 0.657079 0.212965 0.654344 0.214119 0.644086 0.213042 0.634786 0.211580 0.623024 0.208964 0.607706
6 0.227139 0.596570 0.232313 0.589734 0.239653 0.589858 0.249371 0.589361 0.254544 0.588118 0.257550 0.587870 0.261465 0.587994 0.268456 0.595700 0.270414 0.604648 0.274888 0.611235 0.274678 0.614218 0.275238 0.619438 0.271882 0.631494 0.271672 0.637832 0.271742 0.642307 0.269785 0.643550 0.264052 0.643922 0.258599 0.644917 0.250210 0.645662 0.244197 0.647775 0.243079 0.645662 0.244058 0.634850 0.243778 0.623664 0.242450 0.618444 0.238325 0.617077 0.236367 0.611111 0.232383 0.600671
