8 0.973346 0.004357 0.748672 0.287582 0.744587 0.391068 0.736417 0.403776 0.732333 0.418301 0.731311 0.427378 0.728248 0.447349 0.729269 0.476398 0.728248 0.509078 0.736417 0.536311 0.741524 0.539942 0.735396 0.549020 0.727226 0.563544 0.729269 0.590777 0.734375 0.612564 0.745609 0.608932 0.741524 0.755991 0.748672 0.897603 0.756842 0.923021 0.820159 0.952070 0.835478 0.952070 0.839563 0.990196 0.845690 0.999274 0.908190 1.000000 1.000000 0.997511 0.998878 0.000000 0.966197 0.000000
6 0.001123 0.429194 0.209457 0.525418 0.216605 0.532680 0.237030 0.554466 0.249285 0.574437 0.271752 0.614379 0.289114 0.650690 0.296262 0.672476 0.304432 0.694263 0.313623 0.688816 0.327921 0.705156 0.335069 0.728758 0.326900 0.745098 0.318730 0.755991 0.351409 0.770516 0.360600 0.799564 0.366728 0.844953 0.364685 0.892157 0.367749 0.942992 0.370813 0.975672 0.363664 0.999274 0.000000 0.997483 0.000000 0.434641
6 0.375613 0.934096 0.520221 0.935185 0.522672 0.949346 0.524510 0.965686 0.533088 0.974401 0.542892 0.975490 0.548407 0.963508 0.550245 0.944989 0.550245 0.927560 0.556985 0.910131 0.560662 0.893791 0.563113 0.872004 0.563113 0.861111 0.560049 0.839325 0.559436 0.808824 0.556985 0.784858 0.545343 0.767429 0.533701 0.756536 0.527574 0.740196 0.515319 0.705338 0.511029 0.696623 0.496936 0.688998 0.483456 0.688998 0.461397 0.690087 0.453431 0.687908 0.452206 0.681373 0.447304 0.678105 0.441176 0.673747 0.435049 0.675926 0.430147 0.682462 0.425858 0.688998 0.393995 0.696623 0.384804 0.710784 0.379289 0.728214 0.373775 0.744553 0.369485 0.770697 0.365809 0.788126 0.360294 0.795752 0.360294 0.819717 0.365196 0.851307 0.367034 0.909041 0.367647 0.935185
6 0.372497 0.699615 0.367086 0.698413 0.364042 0.701419 0.359984 0.707431 0.357955 0.714045 0.356940 0.724266 0.354234 0.736291 0.353220 0.750120 0.350176 0.763348 0.351190 0.774772 0.351529 0.780183 0.358293 0.792809 0.362351 0.788600 0.369115 0.782588 0.372497 0.771765 0.373512 0.751323 0.375541 0.739298 0.377909 0.721260 0.377232 0.698413
6 0.333942 0.717051 0.341721 0.713444 0.347808 0.713444 0.353896 0.718855 0.354911 0.729076 0.353896 0.739899 0.350514 0.750120 0.346117 0.750722 0.340706 0.750120 0.333942 0.750120 0.331575 0.743506 0.332251 0.736893 0.336310 0.731481
10 0.341721 0.600409 0.385011 0.600409 0.385011 0.614238 0.341721 0.614238
10 0.633854 0.556481 0.633854 0.575926 0.644792 0.575926 0.645312 0.575000 0.647396 0.575000 0.647917 0.574074 0.649479 0.574074 0.650000 0.573148 0.654167 0.573148 0.654687 0.572222 0.654687 0.560185 0.653646 0.558333 0.653646 0.557407 0.653125 0.556481
10 0.681771 0.557407 0.681771 0.569444 0.685937 0.569444 0.686458 0.568519 0.686979 0.568519 0.687500 0.567593 0.688021 0.567593 0.689063 0.565741 0.690625 0.565741 0.690625 0.557407
6 0.740976 0.752244 0.738945 0.752244 0.737204 0.751470 0.734448 0.751470 0.733142 0.755081 0.730675 0.757918 0.729515 0.757918 0.728209 0.753791 0.726903 0.747859 0.726178 0.744248 0.725888 0.741153 0.726033 0.734448 0.726468 0.730837 0.726323 0.726968 0.730240 0.723357 0.731111 0.723615 0.733722 0.721810 0.737639 0.718715 0.739525 0.715877 0.741266 0.711751 0.742717 0.751470
6 0.695421 0.699113 0.692520 0.700660 0.690924 0.702466 0.689473 0.703755 0.688022 0.704787 0.685556 0.705819 0.679463 0.712267 0.669742 0.715104 0.667131 0.717167 0.664810 0.720262 0.663649 0.725420 0.663214 0.729031 0.663359 0.732384 0.665535 0.734448 0.667856 0.734448 0.671193 0.734963 0.672644 0.737543 0.673950 0.739864 0.676416 0.739864 0.680043 0.739606 0.683525 0.740638 0.685991 0.738832 0.687442 0.736769 0.689328 0.734963 0.694406 0.735737 0.699048 0.734963 0.702240 0.734963 0.703836 0.734963 0.704126 0.730837 0.703546 0.727226 0.703256 0.722067 0.702820 0.717425 0.702240 0.719488 0.700789 0.724905 0.699774 0.726194 0.697743 0.724905 0.698468 0.723099 0.699338 0.720004 0.699629 0.715620 0.700644 0.712267 0.701370 0.709429 0.701688 0.706976 0.702137 0.704422 0.702227 0.702666 0.703754 0.702027 0.704562 0.701708 0.704562 0.699952 0.702856 0.699952 0.701598 0.699633 0.699084 0.699154
4 0.711443 0.727632 0.712553 0.722301 0.712442 0.717563 0.712775 0.712825 0.713109 0.708087 0.712664 0.703546 0.710110 0.699597 0.708111 0.698018 0.708222 0.695451 0.708778 0.692293 0.708222 0.690911 0.706779 0.688936 0.705113 0.688147 0.703558 0.690713 0.703114 0.694859 0.704224 0.697426 0.704780 0.699202 0.705113 0.700979 0.703891 0.703151 0.703003 0.704138 0.701781 0.707297 0.701115 0.710061 0.700449 0.713812 0.700227 0.717168 0.699116 0.720919 0.698339 0.724078 0.698672 0.725263 0.699782 0.725460 0.701115 0.722104 0.702337 0.718353 0.703114 0.715786 0.703669 0.717760 0.703558 0.721709 0.703558 0.726842 0.703558 0.730396 0.704335 0.733949 0.704891 0.736516 0.706001 0.741649 0.706557 0.744808 0.706890 0.748361 0.705557 0.751520 0.704780 0.752902 0.705224 0.755666 0.709222 0.754482 0.710221 0.753692 0.710999 0.751520 0.710443 0.748361 0.709888 0.743623 0.709777 0.738490 0.709555 0.734542 0.710332 0.730001
4 0.717884 0.735134 0.717217 0.743228 0.715996 0.754876 0.715107 0.754876 0.712886 0.754284 0.710888 0.753494 0.712442 0.750533 0.712664 0.746387 0.712886 0.742636 0.713331 0.736713 0.714219 0.731185 0.714885 0.725460 0.714774 0.723683 0.713775 0.722893 0.713220 0.722499 0.713109 0.718353 0.712886 0.714799 0.711776 0.708876 0.714552 0.706902 0.714441 0.703348 0.714774 0.699795 0.716884 0.698413 0.718328 0.699202 0.718883 0.701572 0.720216 0.703546 0.720660 0.706310 0.721993 0.710258 0.722437 0.712627 0.723214 0.717958 0.723214 0.724473 0.723214 0.729014 0.723214 0.730593 0.722881 0.733554 0.723436 0.736713 0.725102 0.742439 0.725880 0.747572 0.727545 0.751323 0.727101 0.753889 0.726324 0.755271 0.724547 0.756061 0.720549 0.754876 0.721215 0.753100 0.722548 0.751915 0.722548 0.749348 0.720105 0.743821
4 0.721215 0.701769 0.720327 0.704533 0.722548 0.708679 0.722659 0.710456 0.722659 0.714602 0.722992 0.716576 0.723325 0.722301 0.723325 0.727039 0.722992 0.732765 0.723992 0.736713 0.725991 0.740464 0.725435 0.737108 0.725657 0.734147 0.725880 0.730988 0.726324 0.726052 0.726657 0.722104 0.726768 0.714799 0.726990 0.710851 0.727323 0.706705 0.727545 0.702164 0.727101 0.699202 0.724547 0.697228 0.724547 0.694267 0.724325 0.690318 0.722548 0.690318 0.720771 0.691503 0.719550 0.693674 0.718994 0.695846 0.719439 0.698215
4 0.654140 0.693477 0.654029 0.691305 0.654029 0.687752 0.654806 0.684198 0.656694 0.683014 0.658915 0.687752 0.659915 0.691503 0.660359 0.693872 0.661580 0.698413 0.662358 0.702756 0.664357 0.711443 0.664246 0.716181 0.664357 0.719932 0.663579 0.723288 0.661358 0.726842 0.660914 0.729606 0.659915 0.734739 0.658804 0.741254 0.660581 0.741846 0.662913 0.745795 0.662691 0.749348 0.661803 0.750928 0.659804 0.753692 0.658804 0.752902 0.657805 0.753297 0.655028 0.753889 0.654029 0.753100 0.653363 0.748559 0.654251 0.744808 0.654584 0.741451 0.653252 0.735924 0.652696 0.730396 0.651919 0.725460 0.651475 0.721709 0.649476 0.720130 0.648810 0.718353 0.648921 0.716773 0.649698 0.712430 0.649587 0.707692 0.649920 0.705323 0.649698 0.701966 0.650920 0.699400 0.652252 0.697228
4 0.613717 0.696636 0.613606 0.693872 0.615272 0.692293 0.617715 0.695451 0.618159 0.698808 0.619048 0.699400 0.621491 0.704138 0.622490 0.710258 0.623379 0.715984 0.623823 0.720524 0.623268 0.724078 0.622379 0.720327 0.621047 0.716576 0.620047 0.713022 0.620269 0.719932 0.620713 0.725263 0.622268 0.737306 0.623490 0.743821 0.624933 0.747967 0.625489 0.751520 0.623268 0.753494 0.619825 0.754876 0.618937 0.753889 0.621269 0.750533 0.621269 0.748954 0.619936 0.743228 0.618937 0.734936 0.616938 0.734936 0.616271 0.737898 0.615383 0.743426 0.614494 0.747374 0.613273 0.751125 0.612940 0.753297 0.610275 0.751718 0.610719 0.747769 0.611718 0.745400 0.612940 0.731975 0.612718 0.727632 0.612718 0.723288 0.612829 0.719537 0.612940 0.716773 0.612718 0.715194 0.611274 0.714404 0.611385 0.712232 0.611496 0.707494 0.611940 0.704335 0.612607 0.700782 0.613939 0.700979 0.614494 0.701374
4 0.603834 0.696044 0.604833 0.692293 0.604056 0.689529 0.603389 0.686370 0.601724 0.684593 0.600169 0.683408 0.597837 0.687752 0.597615 0.693477 0.597726 0.696438 0.595394 0.698610 0.592839 0.701572 0.592173 0.704928 0.590840 0.710061 0.590729 0.714207 0.590729 0.717168 0.591618 0.720327 0.592728 0.722104 0.591840 0.727039 0.591507 0.733752 0.591507 0.739477 0.592950 0.741254 0.596060 0.744215 0.597615 0.745400 0.598059 0.747769 0.597726 0.751125 0.597948 0.758035 0.598059 0.761786 0.598281 0.765735 0.598059 0.771065 0.599614 0.775014 0.599947 0.779752 0.600280 0.782713 0.601390 0.786465 0.603389 0.787254 0.605388 0.786070 0.606055 0.784293 0.605055 0.782911 0.604167 0.781331 0.603611 0.779555 0.602501 0.771855 0.603167 0.764945 0.602612 0.760799 0.602723 0.758430 0.604056 0.754482 0.603167 0.749941 0.603611 0.748559 0.605166 0.752507 0.605610 0.755864 0.606166 0.758627 0.607165 0.762181 0.607387 0.768301 0.608165 0.775014 0.608053 0.778173 0.606943 0.784293 0.608165 0.787254 0.611163 0.786465 0.613828 0.786465 0.614939 0.785083 0.614606 0.782911 0.613717 0.781529 0.612273 0.781134 0.611163 0.780147 0.610941 0.777580 0.611163 0.774422 0.611607 0.772447 0.612051 0.768894 0.612051 0.765340 0.611385 0.760404 0.610941 0.755074 0.610719 0.749151 0.609719 0.744610 0.610386 0.742044 0.610386 0.737306 0.610386 0.731975 0.610830 0.724078 0.611385 0.722499 0.612607 0.717958 0.611940 0.714404 0.611052 0.710258 0.610163 0.706507 0.607498 0.703941 0.606388 0.701177
6 0.637168 0.731481 0.638739 0.731082 0.639862 0.729486 0.639749 0.724697 0.638515 0.718311 0.638515 0.712723 0.636382 0.704941 0.635484 0.700950 0.634698 0.698555 0.631555 0.696360 0.626616 0.697158 0.622575 0.699154 0.619320 0.696560 0.617412 0.696560 0.614494 0.697757 0.611014 0.697957 0.607534 0.698555 0.604167 0.697957 0.598442 0.698156 0.593952 0.699952 0.592156 0.705540 0.589238 0.709930 0.586431 0.711327 0.582503 0.712324 0.579696 0.716315 0.578462 0.724298 0.581156 0.729286 0.581380 0.734475 0.582166 0.736869 0.584074 0.737668 0.588227 0.737668 0.590248 0.737468 0.623473 0.732878 0.625382 0.736670 0.627963 0.738665 0.632453 0.737867 0.635821 0.735273
6 0.650974 0.736869 0.648729 0.732679 0.648393 0.729286 0.646597 0.728289 0.643341 0.725894 0.641882 0.722102 0.640647 0.717114 0.641209 0.711526 0.643341 0.709132 0.645474 0.706338 0.647719 0.705340 0.651311 0.705540 0.661526 0.702147 0.669608 0.691770 0.710803 0.689575 0.712262 0.692170 0.711701 0.693966 0.713160 0.696759 0.713834 0.699154 0.713834 0.700950 0.713160 0.702347 0.712374 0.702347 0.710466 0.699952 0.707997 0.698954 0.702609 0.700152 0.700813 0.700152 0.697221 0.699553 0.692731 0.701549 0.689700 0.704342 0.685771 0.707735 0.682628 0.710728 0.679934 0.713921 0.676006 0.714320 0.672751 0.716116 0.669159 0.717712 0.666128 0.717712 0.664107 0.719309 0.663658 0.726692 0.663883 0.731881 0.663771 0.735672 0.661301 0.736670 0.658046 0.737468 0.655015 0.737269
6 0.566244 0.734876 0.565820 0.737705 0.564123 0.738270 0.563274 0.735253 0.561895 0.733179 0.561789 0.735630 0.561047 0.737327 0.558607 0.737139 0.559243 0.733367 0.559456 0.730161 0.559243 0.725824 0.559880 0.721110 0.560516 0.717338 0.560092 0.717149 0.559243 0.715641 0.560092 0.714698 0.561577 0.714132 0.562638 0.712058 0.563168 0.709418 0.564547 0.706966 0.566138 0.705269 0.578549 0.704515 0.577170 0.705080 0.576852 0.707909 0.577701 0.709795 0.578974 0.709041 0.578337 0.712246 0.578868 0.714132 0.578868 0.717527 0.578337 0.722430 0.578337 0.726013 0.578443 0.730161 0.578868 0.732613 0.578125 0.734499 0.576852 0.735630 0.574306 0.735819
6 0.559031 0.706023 0.556698 0.707909 0.554788 0.709795 0.553197 0.713378 0.552667 0.715829 0.552879 0.718281 0.551394 0.719412 0.550545 0.720544 0.549378 0.722053 0.548530 0.725636 0.548530 0.729219 0.548742 0.734310 0.549909 0.735253 0.551500 0.734876 0.551818 0.732613 0.553515 0.732424 0.554682 0.733367 0.555955 0.736573 0.557228 0.736950 0.558077 0.734687 0.558183 0.731859 0.559137 0.725636 0.559243 0.722807 0.559562 0.720732 0.559456 0.718658 0.558501 0.717149 0.558183 0.715075 0.559137 0.714509 0.560410 0.713378 0.560941 0.710926 0.559986 0.706966
7 0.545666 0.678868 0.548954 0.674530 0.571442 0.674908 0.572185 0.704326 0.565820 0.704137 0.561577 0.712812 0.559986 0.705457 0.558607 0.705646 0.556485 0.708286 0.553409 0.711869 0.551924 0.715641 0.550227 0.718092 0.548424 0.718092 0.546833 0.718092
8 0.571973 0.679434 0.586399 0.674153 0.605068 0.673776 0.604962 0.675285 0.602735 0.676416 0.602098 0.678113 0.601037 0.680376 0.599871 0.681508 0.596476 0.682451 0.591491 0.681319 0.587354 0.681696 0.585338 0.682074 0.583853 0.685279 0.582686 0.690748 0.581413 0.699612 0.580565 0.702817 0.579822 0.706778 0.578549 0.706400 0.578868 0.701497 0.575367 0.702440 0.573564 0.702063 0.572503 0.702063
8 0.390625 0.698302 0.383391 0.708591 0.382523 0.718364 0.379051 0.725566 0.377315 0.728138 0.375868 0.719907 0.377604 0.709619 0.378183 0.699846 0.378762 0.690072 0.378183 0.677212 0.384549 0.617027 0.389757 0.592335 0.392072 0.575874 0.405961 0.569702 0.443287 0.566101 0.491030 0.569702 0.494502 0.582047 0.496817 0.591307 0.497396 0.600566 0.498264 0.608796 0.500000 0.617027 0.506366 0.692644 0.499711 0.691101 0.494792 0.690586 0.489294 0.690586 0.484086 0.690586 0.478009 0.690586 0.470486 0.689043 0.463252 0.689043 0.456597 0.690586 0.453993 0.689043 0.455150 0.681842 0.448495 0.676698 0.443287 0.676698 0.438657 0.678241 0.433449 0.683385 0.429977 0.686986 0.428819 0.691615 0.420428 0.691615 0.405093 0.693158
