8 0.040094 0.002096 0.115763 0.098183 0.189465 0.197764 0.268082 0.302586 0.360456 0.430119 0.419732 0.520804 0.419403 0.581751 0.435142 0.589099 0.436214 0.652075 0.423358 0.656763 0.422366 0.716632 0.421384 0.840671 0.405660 0.854647 0.393868 0.851153 0.393868 0.879106 0.390920 0.908805 0.382075 0.924528 0.365369 0.938505 0.355542 0.901817 0.354560 0.887841 0.223860 0.962963 0.215998 0.990915 0.212592 1.000000 0.028302 0.997904 0.000000 0.994410 0.000786 0.650245 0.000000 0.353948 0.000000 0.051013 0.000000 0.003843
8 0.482955 0.539983 0.487745 0.538336 0.490220 0.549648 0.513258 0.539983 0.544034 0.541667 0.587121 0.543350 0.608428 0.550926 0.614583 0.595539 0.616477 0.639310 0.618845 0.676347 0.617898 0.727694 0.616951 0.774832 0.612348 0.816904 0.605587 0.817761 0.603360 0.838618 0.594223 0.843013 0.587121 0.842172 0.586174 0.828704 0.585227 0.814394 0.535985 0.814394 0.509943 0.814394 0.501959 0.817314 0.502367 0.835438 0.499527 0.840488 0.490530 0.840488 0.487440 0.836570 0.487671 0.816904 0.479374 0.818133 0.474304 0.811578 0.473485 0.757997 0.473011 0.725168 0.473011 0.680556 0.474432 0.635101 0.475852 0.582912
11 0.956428 0.746783 0.957801 0.691667 0.956617 0.675884 0.948923 0.668518 0.940045 0.666414 0.923012 0.662155 0.904241 0.658864 0.873308 0.660274 0.848307 0.666414 0.823449 0.675884 0.817531 0.682197 0.822266 0.689562 0.829368 0.697980 0.827000 0.709554 0.823449 0.722180 0.823449 0.751641 0.823340 0.789058 0.825719 0.826659 0.824041 0.863173 0.837088 0.865670 0.839467 0.873660 0.843572 0.884217 0.849491 0.888426 0.854818 0.880008 0.860144 0.901052 0.866063 0.912626 0.872573 0.912626 0.874941 0.903156 0.876125 0.896843 0.889737 0.891582 0.888592 0.878220 0.885998 0.859560 0.898615 0.858965 0.903942 0.858965 0.906631 0.826277 0.912221 0.808211 0.933308 0.786530 0.922891 0.776142 0.924598 0.763677 0.929621 0.754747 0.934380 0.751457 0.941692 0.752655 0.946011 0.759430 0.947282 0.772529
6 0.997240 0.693890 0.970365 0.723945 0.956286 0.750079 0.949163 0.772238 0.946047 0.776986 0.944266 0.765116 0.944266 0.757993 0.934918 0.752453 0.924679 0.761159 0.922009 0.767490 0.921563 0.777778 0.930912 0.784109 0.934028 0.788066 0.924679 0.795980 0.911770 0.807851 0.908209 0.824470 0.902867 0.856917 0.904202 0.871953 0.902867 0.890947 0.904958 0.932099 0.911770 0.956632 0.923789 0.970877 0.939815 0.970877 0.949608 0.968503 0.957176 0.960589 0.959060 0.942148 0.982550 0.954258 1.000000 0.960462 1.000000 0.894112 1.000000 0.805476 1.000000 0.727920 1.000000 0.694682
4 0.731023 0.778901 0.730828 0.792202 0.730342 0.797730 0.728302 0.801876 0.726456 0.807231 0.725581 0.811895 0.728788 0.817078 0.732772 0.818114 0.733938 0.822260 0.736756 0.820015 0.736464 0.814141 0.736173 0.807404 0.736756 0.803258 0.738310 0.788402 0.739088 0.780455 0.739962 0.775791 0.742586 0.772163 0.742392 0.766808 0.742100 0.763008 0.743752 0.760071 0.744821 0.758344 0.746473 0.754543 0.746376 0.745733 0.745598 0.740032 0.744432 0.734850 0.745695 0.731913 0.746959 0.728977 0.748027 0.723103 0.748319 0.717057 0.742586 0.714984 0.739768 0.718785 0.736950 0.724140 0.734715 0.727595 0.730051 0.734850 0.728496 0.741933 0.728788 0.749706 0.728593 0.761280 0.728108 0.769572
4 0.686907 0.759380 0.688851 0.782010 0.691669 0.787711 0.692252 0.795139 0.690405 0.804640 0.688268 0.806886 0.691960 0.810168 0.697207 0.811032 0.699054 0.802394 0.697693 0.795657 0.697985 0.787193 0.698082 0.779419 0.698665 0.773545 0.699248 0.766117 0.700122 0.758344 0.701094 0.752643 0.702163 0.748670 0.702552 0.742105 0.702746 0.738823 0.702163 0.733295 0.700997 0.730013 0.699831 0.726731 0.698082 0.724140 0.699151 0.717748 0.699054 0.713257 0.696138 0.709974 0.690600 0.713084 0.689725 0.717575 0.690697 0.722412 0.690114 0.725349 0.688462 0.728631 0.687782 0.731222 0.686713 0.737269 0.686907 0.749015
4 0.683312 0.750916 0.683506 0.747461 0.683215 0.743833 0.680883 0.740896 0.677287 0.746597 0.677482 0.753680 0.676121 0.756789 0.675927 0.765772 0.676996 0.775791 0.677385 0.781319 0.677287 0.790647 0.677190 0.798939 0.677385 0.807404 0.680980 0.808613 0.683603 0.809477 0.685158 0.807922 0.683118 0.803258 0.683992 0.797730 0.684770 0.789611 0.684575 0.781837 0.685936 0.778037 0.687587 0.776655 0.687976 0.763181 0.687685 0.757480 0.686810 0.754025 0.685061 0.751261
4 0.675733 0.772163 0.675052 0.780974 0.675247 0.788920 0.675247 0.799458 0.675344 0.804122 0.675441 0.807404 0.673206 0.808786 0.668445 0.807404 0.664655 0.808095 0.664655 0.805849 0.666501 0.795139 0.666307 0.788920 0.666016 0.781665 0.666016 0.777864 0.666404 0.770954 0.667084 0.764563 0.666210 0.758171 0.666016 0.751088 0.665627 0.747979 0.665238 0.745215 0.664752 0.734677 0.665724 0.730186 0.666987 0.727940 0.667765 0.718094 0.667570 0.713429 0.670097 0.709974 0.674761 0.710147 0.677676 0.716539 0.674081 0.730013 0.677579 0.734677 0.678162 0.741069 0.678162 0.743487 0.677190 0.749706 0.676121 0.760762 0.676024 0.765599
6 0.623358 0.768363 0.637253 0.767499 0.639682 0.774236 0.642112 0.774409 0.643472 0.773027 0.643861 0.770436 0.650468 0.769054 0.650566 0.775273 0.653578 0.775791 0.656007 0.775100 0.657076 0.768018 0.656687 0.760935 0.656882 0.749879 0.656201 0.742624 0.655035 0.738132 0.653189 0.732604 0.650274 0.724831 0.647650 0.718785 0.630646 0.719130 0.623261 0.721203 0.617236 0.727767 0.617430 0.746942 0.617236 0.759553 0.618305 0.768881
6 0.739283 0.792564 0.743919 0.793533 0.749782 0.797411 0.755781 0.797654 0.758917 0.798381 0.761644 0.796684 0.762189 0.789170 0.763825 0.781414 0.765189 0.770748 0.763689 0.761053 0.761644 0.749418 0.759462 0.741904 0.757962 0.735360 0.752781 0.728815 0.749509 0.723240 0.747191 0.718635 0.745419 0.718150 0.739011 0.718635 0.734375 0.721544 0.728512 0.723483 0.726331 0.723483 0.721559 0.722271 0.717332 0.720816 0.705197 0.722998 0.700153 0.729542 0.702198 0.737056 0.702334 0.742631 0.701652 0.748206 0.700562 0.754751 0.700425 0.760568 0.700153 0.768325 0.698244 0.776566 0.697699 0.781171 0.699744 0.782383 0.704107 0.785534 0.707788 0.789412 0.715832 0.790867 0.718423 0.790624 0.720741 0.788201 0.722786 0.787231 0.725649 0.785049 0.727149 0.787958
6 0.762871 0.787716 0.773097 0.786019 0.774051 0.789412 0.776096 0.792806 0.778687 0.791594 0.780868 0.788685 0.783595 0.785777 0.786322 0.785777 0.789867 0.785777 0.789322 0.787958 0.790276 0.795957 0.793412 0.796927 0.796957 0.795230 0.798184 0.788443 0.799002 0.766143 0.798184 0.758871 0.797093 0.749903 0.795184 0.745298 0.791776 0.739480 0.789867 0.734148 0.787822 0.730512 0.786049 0.728330 0.782232 0.725422 0.775687 0.725422 0.765734 0.725422 0.756054 0.725179 0.752100 0.726149 0.755236 0.730270 0.756326 0.731724 0.759871 0.743116 0.760144 0.749418 0.762462 0.758871 0.764643 0.767355 0.765461 0.776323
