6 0.002119 0.984542 0.012712 0.978264 0.023305 0.963355 0.034781 0.942169 0.049347 0.928045 0.072740 0.925691 0.106727 0.928829 0.143803 0.932753 0.177790 0.931183 0.186617 0.926475 0.195445 0.975910 0.210893 0.998666 0.232080 0.997881 0.244439 0.966494 0.253708 0.934322 0.259446 0.912351 0.274894 0.901365 0.294315 0.892734 0.301819 0.901365 0.312412 0.913920 0.326536 0.904504 0.329780 0.892554 0.332764 0.870853 0.336290 0.836613 0.339003 0.796103 0.339003 0.769579 0.331950 0.743056 0.320014 0.725694 0.326796 0.722801 0.330322 0.717978 0.329237 0.704475 0.327338 0.694348 0.321099 0.692901 0.312419 0.692419 0.308350 0.696759 0.298855 0.662037 0.286106 0.623939 0.262234 0.604649 0.220188 0.584877 0.167562 0.571373 0.155626 0.571856 0.140164 0.566551 0.101373 0.563175 0.059326 0.564140 0.014567 0.565586 0.000190 0.567515 0.000732 0.815394
6 0.405095 0.768975 0.404178 0.778104 0.401427 0.779408 0.399043 0.771909 0.397025 0.768649 0.389873 0.769953 0.391707 0.779408 0.389873 0.782994 0.386389 0.786581 0.379236 0.786255 0.375018 0.782668 0.373735 0.775822 0.365665 0.773539 0.355762 0.770931 0.347143 0.767671 0.343658 0.767671 0.341458 0.775170 0.337790 0.777126 0.336689 0.768975 0.331921 0.753978 0.331004 0.750391 0.326603 0.736698 0.321468 0.727243 0.318350 0.723983 0.325502 0.723657 0.327520 0.715180 0.327520 0.707355 0.327153 0.698226 0.322568 0.693336 0.314132 0.693988 0.311381 0.695944 0.309914 0.696922 0.308630 0.690402 0.306430 0.682251 0.305329 0.675404 0.309364 0.666927 0.315416 0.668232 0.317066 0.663341 0.320551 0.654864 0.324219 0.650952 0.328804 0.647366 0.335589 0.649648 0.346409 0.649648 0.358146 0.654538 0.362731 0.649974 0.373735 0.652582 0.374285 0.655190 0.379970 0.659755 0.385655 0.661385 0.390423 0.665297 0.396108 0.674426 0.399776 0.684859 0.401794 0.691706 0.403444 0.690402 0.410413 0.691054 0.411513 0.697900 0.409496 0.703769 0.407846 0.705725 0.406745 0.713550 0.406012 0.725613 0.403994 0.741262 0.404728 0.756586
6 0.483220 0.773865 0.485420 0.790819 0.489822 0.795057 0.494040 0.794079 0.497341 0.789189 0.497524 0.778430 0.498808 0.774191 0.499908 0.782342 0.502843 0.783646 0.505227 0.778430 0.506877 0.770931 0.507978 0.754956 0.508344 0.742893 0.508895 0.730829 0.509261 0.721701 0.507061 0.710290 0.504493 0.703117 0.506877 0.701161 0.509445 0.696922 0.509445 0.691706 0.504676 0.686163 0.501742 0.687793 0.501009 0.697248 0.499908 0.690076 0.497341 0.678665 0.492206 0.666601 0.486337 0.656495 0.480285 0.652256 0.475517 0.652582 0.466531 0.651278 0.454427 0.648996 0.446908 0.649648 0.437555 0.648670 0.431686 0.649974 0.428202 0.653560 0.423984 0.658125 0.417749 0.670514 0.414814 0.683555 0.411330 0.692032 0.409313 0.705073 0.405828 0.717136 0.404728 0.731481 0.402894 0.753978 0.404728 0.773865 0.405461 0.788863 0.410963 0.789515 0.414631 0.791797 0.419583 0.786255 0.420683 0.774517 0.424901 0.773213 0.426368 0.780060 0.433337 0.783972 0.437005 0.781690 0.438472 0.774517 0.444891 0.773213 0.462496 0.772887 0.469832 0.772887 0.469465 0.769953 0.472766 0.771583 0.478635 0.774191
6 0.498567 0.682016 0.503111 0.682637 0.506607 0.681892 0.512339 0.683259 0.514996 0.688354 0.516604 0.694942 0.517932 0.703766 0.519610 0.713336 0.519680 0.723776 0.519750 0.728499 0.518841 0.731606 0.515345 0.734216 0.513248 0.732724 0.512479 0.727629 0.510382 0.727131 0.509613 0.721414 0.507236 0.710602 0.505838 0.703393 0.507865 0.700534 0.510312 0.696433 0.510172 0.690094 0.506047 0.684253 0.502342 0.686739 0.501084 0.693202 0.499895 0.695936 0.499196 0.689970 0.498077 0.683134
6 0.513592 0.684677 0.520960 0.685806 0.523310 0.688403 0.525978 0.693936 0.526931 0.697663 0.528836 0.697324 0.529789 0.699131 0.529154 0.703083 0.527693 0.703421 0.528773 0.707712 0.529027 0.711777 0.528900 0.716746 0.528328 0.721940 0.527693 0.725327 0.525978 0.727586 0.523437 0.727360 0.521659 0.725102 0.520516 0.724650 0.519245 0.722730 0.519118 0.716407 0.518674 0.710761 0.517912 0.704551 0.517086 0.698566 0.515816 0.692468 0.513910 0.687274
6 0.522866 0.687726 0.527248 0.687387 0.532393 0.687387 0.535887 0.687839 0.538173 0.688855 0.538554 0.691791 0.538681 0.695630 0.539126 0.697437 0.539444 0.699018 0.538618 0.702179 0.538618 0.705567 0.540079 0.706131 0.541603 0.707712 0.542048 0.712116 0.541794 0.717762 0.541730 0.722505 0.540777 0.725666 0.539317 0.726344 0.537602 0.725327 0.536839 0.721488 0.534743 0.721488 0.530107 0.720698 0.528582 0.719794 0.528900 0.715391 0.528265 0.709519 0.528011 0.706019 0.529154 0.703534 0.529599 0.700824 0.529535 0.698001 0.527566 0.695969 0.526359 0.696082 0.525216 0.692807 0.523946 0.689307
6 0.551301 0.684072 0.548482 0.689453 0.547543 0.696875 0.543785 0.696504 0.539819 0.698731 0.539089 0.705411 0.541802 0.707081 0.543159 0.711720 0.542533 0.721554 0.542324 0.727121 0.542115 0.732131 0.541802 0.743821 0.542115 0.756995 0.542950 0.764974 0.546708 0.766830 0.548482 0.763304 0.549317 0.758109 0.549109 0.751058 0.550466 0.746975 0.552136 0.742151 0.552866 0.716544 0.553910 0.703926 0.554119 0.696133 0.553910 0.690195 0.552657 0.686484
8 0.695148 0.840776 0.695148 0.869491 0.690862 0.882970 0.679984 0.885900 0.672073 0.877696 0.667458 0.854841 0.666799 0.848394 0.648009 0.845464 0.640098 0.840190 0.634494 0.844292 0.621638 0.846636 0.612737 0.842534 0.604496 0.837260 0.585707 0.834330 0.575488 0.835502 0.574829 0.858943 0.567906 0.873594 0.554391 0.864803 0.548787 0.831399 0.549776 0.810888 0.548457 0.784517 0.553402 0.704817 0.557687 0.677274 0.560324 0.643870 0.567247 0.605192 0.578125 0.570617 0.583729 0.551864 0.599881 0.533697 0.620978 0.536627 0.653283 0.538971 0.673721 0.543073 0.683281 0.551278 0.692511 0.579407 0.701741 0.620429 0.709652 0.663795 0.713937 0.744667 0.713278 0.810302 0.710641 0.836088 0.705367 0.846050
4 0.737588 0.704406 0.736986 0.709523 0.736116 0.712737 0.735312 0.715712 0.734375 0.714403 0.734844 0.711428 0.735178 0.708095 0.735647 0.704168 0.735714 0.700954 0.737053 0.696075 0.738124 0.693695 0.738860 0.692386 0.739061 0.689529 0.740534 0.686792 0.742275 0.687863 0.743212 0.689648 0.743881 0.692505 0.746291 0.699526 0.746626 0.703216 0.747095 0.707500 0.746760 0.711666 0.745756 0.712142 0.745086 0.709166 0.745019 0.706667 0.745019 0.709404 0.744618 0.712023 0.744551 0.716664 0.744283 0.720235 0.743613 0.724995 0.742944 0.728328 0.742676 0.731422 0.742341 0.734278 0.741605 0.736064 0.739597 0.734873 0.739195 0.732136 0.738994 0.724519 0.739195 0.720949 0.738793 0.715950 0.738325 0.712261 0.737856 0.708571
8 0.710141 0.673700 0.738325 0.675486 0.763161 0.676438 0.778807 0.677823 0.796993 0.677820 0.797467 0.684975 0.798414 0.693813 0.798414 0.707702 0.797230 0.713173 0.778246 0.707772 0.771648 0.706773 0.765330 0.712264 0.758451 0.716257 0.755784 0.721498 0.754240 0.724493 0.749747 0.724244 0.745115 0.722497 0.737955 0.722996 0.734586 0.724493 0.732059 0.721249 0.731778 0.715009 0.731778 0.705775 0.731076 0.700784 0.711562 0.700784
6 0.938656 0.738553 0.941808 0.745224 0.948262 0.746558 0.949913 0.741221 0.950663 0.739620 0.955767 0.738019 0.956667 0.732949 0.956367 0.726011 0.954116 0.718273 0.949763 0.711869 0.941658 0.709201 0.934453 0.708133 0.929200 0.709201 0.923196 0.711869 0.915541 0.718273 0.913290 0.720675 0.915541 0.725211 0.916442 0.728413 0.916141 0.732149 0.915391 0.738019 0.919894 0.739620 0.924847 0.737485 0.934003 0.736952 0.937455 0.736952
6 0.879217 0.718659 0.874709 0.719522 0.870062 0.720015 0.867427 0.722604 0.866248 0.727906 0.866040 0.732961 0.868328 0.733701 0.869507 0.733577 0.871241 0.737646 0.875333 0.737646 0.879494 0.738139 0.880812 0.735797 0.893781 0.737646 0.899467 0.737523 0.902450 0.741468 0.906195 0.741345 0.909593 0.739372 0.910702 0.736783 0.913615 0.735180 0.914517 0.732221 0.915072 0.725687 0.911049 0.719892 0.906749 0.713727 0.901340 0.711015 0.894127 0.710522 0.888995 0.709782 0.885250 0.710768 0.881505 0.714097 0.878384 0.719399
6 0.853247 0.714161 0.854795 0.711895 0.860805 0.710923 0.867998 0.713190 0.876648 0.718208 0.872095 0.719341 0.867816 0.720798 0.866086 0.725816 0.865722 0.731805 0.864538 0.734557 0.859894 0.734071 0.857162 0.734719 0.857436 0.728406 0.856070 0.723873 0.854886 0.719179
8 0.834284 0.698192 0.869585 0.698486 0.872892 0.704365 0.874628 0.715094 0.873388 0.715535 0.870246 0.713918 0.865699 0.711420 0.860574 0.710244 0.855613 0.712596 0.853216 0.712889 0.850818 0.709215 0.846354 0.709215 0.840567 0.708333 0.836268 0.708186 0.833044 0.705688 0.830977 0.704365
8 0.956547 0.686249 0.937325 0.687667 0.937883 0.689510 0.938999 0.689368 0.938920 0.691353 0.936208 0.693764 0.934852 0.697167 0.934214 0.701421 0.934852 0.706242 0.936766 0.708085 0.942429 0.709787 0.946656 0.711346 0.950884 0.712623 0.952399 0.715033 0.955829 0.722407 0.957265 0.726519 0.962050 0.729638 0.964922 0.730347 0.967474 0.728646 0.967633 0.724817 0.966517 0.716735 0.963326 0.709078 0.959897 0.700995 0.957982 0.693764
