6 0.999931 0.696272 0.986774 0.695785 0.975535 0.697247 0.965666 0.706262 0.958539 0.713085 0.952919 0.711866 0.944285 0.713572 0.938391 0.715034 0.936883 0.722100 0.935376 0.731603 0.936883 0.739644 0.940447 0.740375 0.943599 0.740863 0.947848 0.746467 0.954427 0.748904 0.961417 0.748416 0.962651 0.747198 0.963747 0.745492 0.976494 0.747442 0.983347 0.746467 0.985540 0.748660 0.993490 0.752802 0.998287 0.751096 1.000000 0.746629
6 0.992393 0.694323 0.972108 0.690668 0.960321 0.690911 0.954701 0.695297 0.943051 0.704557 0.936746 0.708212 0.926604 0.709430 0.919065 0.712354 0.917283 0.716496 0.916324 0.723319 0.915090 0.734771 0.922492 0.738670 0.925918 0.739888 0.929619 0.745492 0.935787 0.746711 0.938254 0.743056 0.936472 0.737939 0.935238 0.733553 0.934964 0.725755 0.937980 0.717471 0.940995 0.714790 0.947300 0.713328 0.955661 0.712354 0.961143 0.711135 0.966763 0.704069 0.971560 0.700171 0.975809 0.695785 0.987185 0.694810
7 0.880062 0.692508 0.879664 0.644322 0.856013 0.643377 0.819475 0.643849 0.791441 0.645975 0.791042 0.646920 0.790378 0.680933 0.790112 0.688964 0.790644 0.692271 0.797553 0.691563 0.810175 0.694870 0.817217 0.698413 0.823860 0.705735 0.825322 0.707625 0.828112 0.715183 0.831965 0.723214 0.835552 0.724632 0.838210 0.721088 0.838741 0.717782 0.840202 0.714002 0.846713 0.712821 0.856146 0.714002 0.858937 0.714711 0.867440 0.714475 0.870363 0.713530 0.877936 0.713530 0.879796 0.712821 0.879929 0.705735 0.880727 0.697940 0.880594 0.694870
6 0.809245 0.726757 0.812434 0.734316 0.815622 0.735497 0.817482 0.734316 0.822133 0.734080 0.825189 0.733844 0.826252 0.725340 0.824790 0.715183 0.820671 0.707389 0.814958 0.700775 0.806720 0.694870 0.797154 0.691799 0.789448 0.692508 0.783469 0.696995 0.778686 0.700775 0.774301 0.702901 0.771644 0.708333 0.769518 0.712349 0.769651 0.717073 0.769518 0.720852 0.768987 0.726521 0.772441 0.729356 0.774700 0.729828 0.776826 0.731718 0.782007 0.732663 0.784399 0.730537 0.785860 0.729119 0.797021 0.729592 0.802867 0.730537
4 0.761560 0.719466 0.761162 0.716285 0.760268 0.712928 0.762554 0.710630 0.767722 0.708333 0.769710 0.705329 0.769710 0.699498 0.769213 0.695081 0.768716 0.691193 0.769213 0.687482 0.769909 0.682181 0.767424 0.681121 0.765635 0.681651 0.763746 0.684655 0.763846 0.688896 0.764045 0.690840 0.763746 0.694374 0.763746 0.697554 0.762454 0.699498 0.761460 0.701442 0.759274 0.703209 0.757981 0.704976 0.757981 0.706920 0.758280 0.712044 0.759075 0.716462 0.759274 0.721939 0.761659 0.721939
4 0.762951 0.694374 0.762852 0.693137 0.762454 0.690840 0.761262 0.686952 0.759671 0.684655 0.757584 0.685715 0.756988 0.689779 0.757882 0.691900 0.758478 0.692430 0.757783 0.695964 0.756789 0.697378 0.755795 0.697731 0.753807 0.698261 0.750626 0.699498 0.748936 0.700028 0.750825 0.702325 0.753509 0.702149 0.755894 0.701795 0.757286 0.701795 0.756491 0.704092 0.754602 0.707096 0.753807 0.708333 0.753807 0.713988 0.754503 0.717875 0.755000 0.721409 0.753509 0.725297 0.755596 0.727241 0.756888 0.726710 0.757981 0.722646 0.757286 0.716462 0.756590 0.708510 0.758280 0.705153 0.760566 0.702502 0.762355 0.697731
7 0.771996 0.702502 0.778358 0.699498 0.783427 0.695787 0.784023 0.689603 0.785514 0.685892 0.787303 0.640479 0.758379 0.636238 0.737009 0.637299 0.738997 0.648254 0.739991 0.658326 0.739693 0.665748 0.740587 0.676703 0.741581 0.686069 0.740985 0.697908 0.742376 0.699145 0.748439 0.697554 0.755198 0.697201 0.757087 0.694904 0.756391 0.691900 0.756192 0.688012 0.757484 0.684125 0.759472 0.683948 0.761759 0.686422 0.762852 0.685185 0.763249 0.681651 0.766132 0.681298 0.767822 0.680414 0.770903 0.682888 0.771002 0.687306 0.770108 0.693844 0.771499 0.700205
8 0.735983 0.896091 0.741770 0.856081 0.743056 0.798925 0.741770 0.693759 0.728266 0.565729 0.698688 0.471994 0.689686 0.453704 0.570730 0.441129 0.557227 0.457133 0.547582 0.485711 0.534079 0.525720 0.511574 0.632030 0.500000 0.753201 0.505787 0.833219 0.510288 0.878944 0.515432 0.902949 0.514789 0.934957 0.532793 0.941815 0.552083 0.926955 0.554655 0.910951 0.593879 0.913237 0.647891 0.921239 0.666538 0.921239 0.670396 0.954390 0.690972 0.969250 0.708333 0.960105 0.710905 0.928098 0.714120 0.904092
6 0.002958 0.934957 0.025463 0.938386 0.018390 0.981824 0.038198 1.000000 0.067901 0.998971 0.083976 0.956676 0.091049 0.918953 0.123843 0.906379 0.155993 0.894947 0.187500 0.888089 0.197788 0.899520 0.216435 0.916667 0.237654 0.880087 0.244727 0.827503 0.247299 0.784065 0.244727 0.749771 0.234439 0.716621 0.218364 0.698331 0.224151 0.682327 0.216435 0.669753 0.207433 0.668610 0.199717 0.667467 0.176569 0.612597 0.155350 0.582876 0.107124 0.566872 0.049897 0.546296 0.000000 0.528331
6 0.249211 0.802750 0.306660 0.801627 0.307923 0.821268 0.314552 0.836981 0.325915 0.838664 0.339173 0.824635 0.340751 0.794893 0.360953 0.791526 0.361900 0.802189 0.366004 0.810606 0.373264 0.806678 0.378630 0.797699 0.379893 0.783109 0.379893 0.759540 0.383365 0.725309 0.381787 0.709035 0.373264 0.701740 0.370739 0.696128 0.375789 0.691077 0.375473 0.679854 0.369476 0.672559 0.366319 0.683782 0.356850 0.656846 0.342961 0.632155 0.325600 0.625982 0.299716 0.623176 0.275095 0.622615 0.250789 0.622054 0.240372 0.627104 0.229640 0.640011 0.212279 0.659652 0.208491 0.669192 0.220486 0.669192 0.223958 0.678732 0.221749 0.694444 0.218908 0.702301 0.231534 0.714085 0.239741 0.732043 0.245423 0.748878 0.249527 0.776936
6 0.351780 0.645962 0.367405 0.644162 0.375362 0.644676 0.391131 0.645705 0.409505 0.649563 0.420645 0.659851 0.429760 0.680941 0.430773 0.689429 0.432509 0.681199 0.434389 0.681970 0.435402 0.682485 0.438006 0.682227 0.440321 0.686085 0.440321 0.690201 0.440032 0.692773 0.436994 0.696373 0.432364 0.695602 0.432075 0.697402 0.436270 0.702803 0.440611 0.715149 0.441045 0.734954 0.439019 0.748843 0.439598 0.760417 0.437283 0.771734 0.430628 0.775592 0.425854 0.772762 0.424841 0.768647 0.422526 0.769162 0.420356 0.771219 0.419054 0.782793 0.416160 0.784336 0.410952 0.785365 0.408782 0.783565 0.407480 0.777135 0.401837 0.772762 0.394314 0.771734 0.384910 0.770705 0.381004 0.770448 0.381727 0.756559 0.380859 0.741898 0.382161 0.728781 0.381293 0.718236 0.378255 0.704861 0.375506 0.700746 0.372468 0.696373 0.375651 0.692258 0.376808 0.687371 0.376230 0.678112 0.370153 0.673483 0.366247 0.673740 0.365813 0.680684 0.364222 0.674769 0.360749 0.665766 0.354962 0.654450
6 0.441768 0.749614 0.470414 0.753729 0.471571 0.764017 0.480830 0.767361 0.484303 0.760674 0.484013 0.753215 0.484592 0.750386 0.485749 0.752958 0.488788 0.756559 0.491681 0.749871 0.492839 0.737269 0.493273 0.722608 0.493996 0.708462 0.491247 0.699974 0.489656 0.697659 0.494430 0.695087 0.495877 0.687886 0.492839 0.682227 0.487341 0.682227 0.487052 0.686857 0.486328 0.683771 0.483001 0.672197 0.479528 0.663709 0.475622 0.658308 0.475911 0.646734 0.472150 0.643647 0.463469 0.643904 0.455078 0.644419 0.439742 0.643390 0.437283 0.642361 0.436849 0.646991 0.434534 0.650592 0.429760 0.653164 0.424262 0.658822 0.422092 0.665252 0.424552 0.671939 0.429905 0.683771 0.429905 0.689172 0.432219 0.679141 0.435836 0.680170 0.439164 0.681970 0.440032 0.688400 0.439308 0.693287 0.434534 0.694316 0.432364 0.696116 0.436704 0.706662 0.439598 0.715406 0.441189 0.734954
6 0.493170 0.736985 0.499361 0.737858 0.500344 0.732093 0.502506 0.733665 0.502702 0.728599 0.503096 0.719340 0.503882 0.710080 0.503980 0.700821 0.503587 0.695580 0.501327 0.693134 0.499951 0.688242 0.498379 0.682652 0.496315 0.676188 0.494546 0.668676 0.491893 0.665881 0.485996 0.664133 0.480690 0.662911 0.478430 0.664658 0.481574 0.669375 0.484326 0.677760 0.485702 0.683526 0.486979 0.687194 0.488945 0.683176 0.494349 0.685273 0.496217 0.689815 0.495332 0.695056 0.493072 0.697327 0.491303 0.697502 0.493760 0.704140 0.494644 0.710779 0.494841 0.718466 0.493268 0.728948
