6 0.000679 0.769928 0.000226 0.900765 0.032609 0.894726 0.035553 0.897544 0.039855 0.895531 0.042572 0.897142 0.043025 0.902778 0.047101 0.908011 0.053668 0.910024 0.058424 0.907609 0.061594 0.904791 0.065217 0.896739 0.067029 0.888285 0.069520 0.883857 0.072917 0.881844 0.076087 0.879026 0.078804 0.869767 0.080163 0.860105 0.082428 0.844404 0.081748 0.839171 0.081069 0.827899 0.079937 0.815821 0.076313 0.811393 0.069746 0.807770 0.063632 0.801731 0.060009 0.794485 0.054121 0.788849 0.049366 0.783213 0.041667 0.776771 0.028986 0.773953 0.022192 0.772343 0.015625 0.771940 0.007473 0.771538
6 0.050725 0.781200 0.054574 0.779589 0.059783 0.778382 0.067708 0.780797 0.071105 0.779589 0.076313 0.778784 0.082880 0.777979 0.091259 0.779589 0.097147 0.780395 0.101223 0.780395 0.106658 0.783213 0.111413 0.791667 0.116168 0.800926 0.119565 0.807367 0.124321 0.809380 0.129076 0.809380 0.134964 0.816224 0.136775 0.824275 0.135643 0.837158 0.135190 0.844002 0.129982 0.848833 0.126359 0.850443 0.124774 0.856884 0.123188 0.865338 0.121150 0.872585 0.118659 0.875805 0.110960 0.875000 0.106658 0.869364 0.104167 0.861312 0.097600 0.861312 0.090353 0.863728 0.079710 0.860507 0.077446 0.861312 0.079937 0.856079 0.079257 0.844404 0.080389 0.832327 0.079710 0.819847 0.077672 0.811393 0.073596 0.804952 0.066803 0.800926 0.062500 0.794485 0.058650 0.789654
8 0.144701 0.723631 0.141304 0.736514 0.140851 0.749396 0.140172 0.770330 0.139040 0.792472 0.136322 0.812601 0.138134 0.824275 0.145607 0.830314 0.149683 0.831522 0.156024 0.834340 0.157156 0.828704 0.160100 0.827093 0.174819 0.829509 0.184783 0.829911 0.188632 0.832327 0.197464 0.835950 0.204031 0.835548 0.206069 0.830717 0.216938 0.829106 0.232337 0.827496 0.271060 0.819847 0.273098 0.726449 0.210824 0.722424 0.157609 0.720008
1 0.429711 0.653638 0.426484 0.642986 0.422797 0.637250 0.416805 0.625778 0.410813 0.609390 0.434320 0.570878 0.455061 0.609390 0.456444 0.615946 0.435242 0.648722 0.437085 0.651180 0.442616 0.650361 0.444460 0.653638 0.444460 0.669207 0.444460 0.675762 0.439851 0.679040 0.429250 0.680678 0.422797 0.680678 0.420953 0.665929 0.421414 0.654458
6 0.317708 0.992541 0.314815 0.974537 0.311921 0.947531 0.311921 0.921811 0.319155 0.874228 0.319878 0.834362 0.324942 0.781636 0.335793 0.779064 0.338686 0.763632 0.350260 0.737912 0.361111 0.695473 0.378472 0.669753 0.401620 0.673611 0.411024 0.678755 0.424769 0.681327 0.447917 0.676183 0.468171 0.672325 0.480469 0.674897 0.486256 0.667181 0.502170 0.665895 0.517361 0.669753 0.528212 0.680041 0.541233 0.701903 0.551360 0.726337 0.560764 0.752058 0.565104 0.757202 0.573785 0.757202 0.586082 0.771348 0.587529 0.779064 0.579572 0.789352 0.573061 0.794496 0.586082 0.818930 0.589699 0.847222 0.591146 0.879372 0.591146 0.924383 0.590422 0.956533 0.584635 0.973251 0.581019 0.974537 0.571615 0.975823 0.565828 0.988683 0.562934 0.997685
6 0.592330 0.750907 0.587595 0.771627 0.586866 0.780044 0.585409 0.787167 0.584681 0.802707 0.585774 0.822132 0.586866 0.836377 0.588687 0.847384 0.595243 0.848032 0.597064 0.837024 0.605077 0.833139 0.633122 0.834434 0.633486 0.847384 0.637857 0.852564 0.641863 0.849327 0.645141 0.844794 0.646598 0.836377 0.645141 0.823427 0.645870 0.809829 0.644049 0.792347 0.638221 0.776807 0.635307 0.763857 0.628023 0.746374 0.618918 0.746374 0.603985 0.748316
6 0.645797 0.817227 0.648914 0.815923 0.649098 0.819184 0.652399 0.826356 0.655700 0.826682 0.658084 0.821792 0.657534 0.808751 0.656984 0.801252 0.655700 0.783972 0.652399 0.772235 0.647631 0.758542 0.643229 0.751695 0.634243 0.749087 0.629842 0.750717 0.632592 0.757564 0.635160 0.764085 0.637177 0.775822 0.640845 0.784950 0.645246 0.798644 0.645980 0.809403
9 0.731991 0.672796 0.732174 0.685511 0.665053 0.690076 0.665236 0.677034
6 0.778629 0.867647 0.775906 0.876120 0.772501 0.879751 0.770799 0.872489 0.768416 0.864016 0.764331 0.863411 0.765012 0.874909 0.764672 0.883987 0.761608 0.891854 0.756161 0.891854 0.747651 0.883382 0.743566 0.877330 0.741183 0.865832 0.729269 0.867647 0.724503 0.868252 0.720758 0.875514 0.711567 0.872489 0.705780 0.865832 0.696589 0.864621 0.694547 0.868252 0.691483 0.875514 0.686036 0.874304 0.683313 0.888223 0.676164 0.890644 0.670037 0.880356 0.665271 0.857964 0.663569 0.839204 0.663569 0.821048 0.664590 0.793210 0.665952 0.776265 0.667313 0.755084 0.670377 0.732087 0.673441 0.712116 0.678207 0.708485 0.695227 0.706669 0.711567 0.706669 0.725524 0.707274 0.740162 0.707274 0.752757 0.714536 0.756161 0.721193 0.760587 0.732087 0.766374 0.751452 0.770799 0.764766 0.772842 0.784132 0.771821 0.804103 0.776927 0.835573
9 0.636979 0.600926 0.636979 0.622222 0.659896 0.622222 0.660417 0.621296 0.663021 0.621296 0.663542 0.620370 0.666146 0.620370 0.667188 0.618519 0.667188 0.617593 0.667708 0.616667 0.667708 0.601852 0.667188 0.600926
9 0.702083 0.600926 0.702083 0.617593 0.709896 0.617593 0.710417 0.616667 0.710938 0.616667 0.711979 0.614815 0.711979 0.600926
8 0.997990 0.329435 0.942251 0.352177 0.796053 0.550357 0.795139 0.574724 0.790570 0.577973 0.787829 0.592593 0.781433 0.616959 0.770468 0.618583 0.761330 0.618583 0.763158 0.634828 0.768640 0.639701 0.776864 0.639701 0.777778 0.670565 0.774123 0.694932 0.773209 0.729045 0.771382 0.774529 0.772295 0.813515 0.777778 0.867122 0.781433 0.889864 0.786001 0.899610 0.788743 0.922352 0.792398 0.940221 0.799708 0.961339 0.999817 0.966212 1.000000 0.902697
