6 0.003505 0.751817 0.033197 0.749221 0.079439 0.750087 0.091121 0.769990 0.099883 0.803738 0.103290 0.832295 0.106211 0.861717 0.100370 0.869505 0.097449 0.876428 0.094042 0.888543 0.086254 0.895466 0.076519 0.896331 0.071651 0.887677 0.066297 0.880755 0.044879 0.880755 0.028816 0.885947 0.024922 0.897196 0.019568 0.903254 0.010319 0.904119 0.004478 0.902388 0.000097 0.889408
6 0.220866 0.850598 0.220323 0.863619 0.217882 0.868441 0.210015 0.867959 0.206489 0.863137 0.202962 0.859279 0.193197 0.856385 0.194010 0.858796 0.189128 0.864583 0.186415 0.861690 0.183974 0.857350 0.177192 0.856385 0.164985 0.854938 0.163086 0.860725 0.160102 0.868924 0.156576 0.870853 0.150065 0.868441 0.145725 0.856867 0.144640 0.843364 0.144640 0.825039 0.149251 0.808642 0.152507 0.800926 0.163628 0.795139 0.183702 0.764275 0.194824 0.760899 0.206489 0.758970 0.221408 0.758970 0.237956 0.761863 0.251248 0.771508 0.254503 0.778260 0.257487 0.797550 0.257758 0.817323 0.254774 0.834201 0.254232 0.852527 0.249891 0.863137 0.243110 0.861208 0.239855 0.852527 0.231174 0.850116
6 0.255430 0.847940 0.278444 0.843274 0.285308 0.843992 0.288740 0.845428 0.292171 0.844710 0.297622 0.840762 0.300448 0.839327 0.301256 0.844351 0.303476 0.845787 0.305293 0.845069 0.307917 0.834302 0.308321 0.824254 0.307110 0.805950 0.303880 0.796978 0.299439 0.788365 0.294190 0.780828 0.290556 0.780828 0.280463 0.780111 0.276021 0.780469 0.266735 0.781905 0.259468 0.785135 0.256642 0.786212 0.254825 0.793389 0.256844 0.801644 0.256642 0.813128 0.255632 0.827483 0.255632 0.840045
6 0.355807 0.789932 0.353694 0.786396 0.348598 0.786617 0.342880 0.786617 0.336665 0.786617 0.333681 0.787943 0.331568 0.791258 0.330077 0.795678 0.327963 0.798771 0.324607 0.804959 0.323240 0.811588 0.321997 0.818660 0.321375 0.827057 0.322743 0.833466 0.325850 0.835013 0.327466 0.833024 0.327466 0.829267 0.332811 0.831035 0.332936 0.825289 0.333557 0.819544 0.335297 0.810704 0.338405 0.807169 0.336292 0.806064 0.336789 0.802749 0.339026 0.802307 0.341513 0.801644 0.346236 0.794131 0.348598 0.790816 0.352824 0.790374
6 0.368984 0.833687 0.368362 0.836560 0.366249 0.838991 0.363390 0.840095 0.361774 0.835455 0.358542 0.834792 0.352327 0.836118 0.350462 0.835897 0.349965 0.838549 0.348846 0.841200 0.345366 0.840095 0.344247 0.835897 0.339275 0.834571 0.337783 0.836781 0.337038 0.839874 0.335670 0.841200 0.334552 0.841421 0.332687 0.841863 0.331941 0.835676 0.332936 0.828162 0.333060 0.821533 0.333806 0.815124 0.336416 0.810042 0.339151 0.806948 0.337411 0.806285 0.337286 0.803633 0.340394 0.802307 0.344993 0.798329 0.349841 0.790816 0.354937 0.789490 0.359288 0.789711 0.365752 0.790153 0.368984 0.790153 0.373956 0.795236 0.375820 0.799655 0.374826 0.805622 0.373707 0.813135 0.372091 0.819544 0.370600 0.829709
6 0.383652 0.789711 0.387256 0.789048 0.392601 0.788606 0.396455 0.789490 0.402794 0.791258 0.404410 0.791700 0.403292 0.796782 0.403292 0.805622 0.403664 0.817113 0.403416 0.822196 0.402919 0.827278 0.401551 0.832140 0.399811 0.833908 0.398071 0.834129 0.397325 0.832803 0.397325 0.831477 0.392974 0.830814 0.387008 0.831035 0.383403 0.831256 0.382036 0.833024 0.380295 0.833908 0.378182 0.831035 0.379301 0.827941 0.379674 0.819765 0.380917 0.811146 0.381787 0.802749 0.382160 0.795015 0.382409 0.791037
4 0.414852 0.814019 0.413112 0.823964 0.412863 0.829930 0.412366 0.837002 0.412614 0.842747 0.409507 0.845178 0.407642 0.844515 0.408015 0.839653 0.409382 0.832140 0.409258 0.826173 0.407518 0.832803 0.405280 0.838549 0.404037 0.843410 0.401800 0.844957 0.398071 0.845178 0.396952 0.845178 0.399562 0.841200 0.401800 0.836781 0.404659 0.829488 0.404286 0.819765 0.406523 0.806285 0.407642 0.801865 0.407767 0.796782 0.406772 0.795236 0.406399 0.791258 0.407145 0.785070 0.408885 0.778441 0.409631 0.776894 0.409010 0.775347 0.408761 0.771811 0.410128 0.768938 0.413112 0.769601 0.413733 0.772916 0.413360 0.776452 0.415598 0.783523 0.416592 0.787059 0.416716 0.791921 0.417462 0.799213 0.417089 0.802970 0.417462 0.810263 0.416592 0.812693
6 0.429096 0.786888 0.423506 0.788213 0.418754 0.803618 0.418288 0.813390 0.418102 0.821672 0.418847 0.827801 0.421735 0.829457 0.424530 0.830782 0.425742 0.827138 0.429282 0.826973 0.432450 0.826807 0.433475 0.824654 0.438134 0.826641 0.440370 0.825648 0.441395 0.820678 0.441581 0.812893 0.441581 0.786722
6 0.542564 0.872899 0.541689 0.881458 0.541032 0.890017 0.537531 0.890795 0.532935 0.890406 0.528121 0.887683 0.527026 0.879513 0.525932 0.872899 0.525276 0.861228 0.525495 0.848000 0.526589 0.837496 0.525713 0.827381 0.525057 0.814153 0.526808 0.802871 0.525495 0.800926 0.523963 0.798981 0.522431 0.793534 0.523963 0.788477 0.531403 0.783419 0.534029 0.783808 0.537093 0.769802 0.538625 0.756186 0.549567 0.752684 0.568168 0.751517 0.587644 0.755019 0.593991 0.755019 0.598367 0.769413 0.600118 0.780696 0.602525 0.790422 0.604714 0.786142 0.607559 0.784975 0.610404 0.786142 0.611935 0.790422 0.613248 0.793923 0.609966 0.799759 0.608434 0.806762 0.609966 0.820378 0.612373 0.836718 0.611498 0.848000 0.610622 0.866674 0.612154 0.885349 0.609966 0.891573 0.604057 0.891184 0.600118 0.889628 0.598367 0.884570 0.595960 0.874066 0.593334 0.872121 0.578234 0.867063 0.568606 0.867842 0.561384 0.868620
8 0.653423 0.825529 0.652679 0.833201 0.652232 0.839286 0.648363 0.839550 0.644940 0.837698 0.643601 0.832937 0.642560 0.829233 0.637351 0.827646 0.630804 0.827646 0.624554 0.826323 0.624405 0.833201 0.622173 0.837169 0.621131 0.837169 0.617411 0.836111 0.615179 0.833201 0.613690 0.831085 0.611756 0.828175 0.610863 0.822619 0.609226 0.816270 0.608929 0.807804 0.611012 0.803042 0.612946 0.798280 0.612500 0.791402 0.610565 0.787963 0.609673 0.785847 0.609524 0.781878 0.610119 0.775529 0.611756 0.767063 0.613988 0.759392 0.622173 0.750397 0.637649 0.750132 0.650744 0.751720 0.653720 0.759127 0.654911 0.766005 0.654911 0.771825 0.654464 0.784259 0.655208 0.794048 0.656101 0.804894 0.655804 0.819974
4 0.667892 0.785948 0.666054 0.784423 0.663848 0.785512 0.663971 0.788780 0.664093 0.791394 0.663113 0.795098 0.662623 0.798584 0.662377 0.804031 0.663113 0.809259 0.662868 0.815577 0.662990 0.821460 0.662990 0.827124 0.661642 0.829956 0.664093 0.831917 0.665564 0.829521 0.665686 0.823638 0.666544 0.822985 0.666912 0.827342 0.667034 0.829739 0.669363 0.830610 0.669730 0.827124 0.669485 0.823638 0.671936 0.829303 0.672917 0.832571 0.673039 0.833878 0.676961 0.834749 0.678676 0.834749 0.681495 0.837364 0.696691 0.844118 0.697426 0.842375 0.697917 0.838235 0.697917 0.831046 0.696814 0.820806 0.698284 0.815142 0.700000 0.810784 0.699265 0.802288 0.698529 0.791612 0.698039 0.785730 0.696201 0.784858 0.694363 0.786166 0.693505 0.787691 0.693137 0.790523 0.691176 0.792048 0.689216 0.787037 0.688235 0.787255 0.686642 0.789869 0.685907 0.792919 0.685784 0.790741 0.682475 0.785294 0.681250 0.785730 0.680147 0.788344 0.680025 0.785730 0.678186 0.782462 0.675735 0.782462 0.674755 0.787037 0.675000 0.790305 0.673775 0.789651 0.671201 0.786166 0.670711 0.782244 0.668750 0.782244
11 0.842157 0.787908 0.848039 0.787473 0.851593 0.788780 0.854902 0.788780 0.858333 0.791176 0.858701 0.796405 0.859069 0.805991 0.859069 0.815359 0.859069 0.826035 0.858211 0.831046 0.854657 0.832135 0.849142 0.833442 0.845098 0.836928 0.844730 0.839760 0.842157 0.841503 0.838113 0.840196 0.834314 0.836275 0.833088 0.833660 0.831250 0.832571 0.831250 0.820370 0.830147 0.809259 0.830515 0.803159 0.831127 0.792702 0.832230 0.787037
6 0.947059 0.850436 0.946691 0.846950 0.947672 0.842157 0.949020 0.837146 0.949265 0.830174 0.949510 0.822549 0.948775 0.815577 0.946324 0.809913 0.942402 0.808170 0.939706 0.803813 0.936029 0.797930 0.933333 0.794662 0.929412 0.793137 0.925490 0.791830 0.916912 0.792919 0.913603 0.792048 0.907475 0.792266 0.902451 0.793355 0.897304 0.796187 0.894118 0.798584 0.892034 0.802941 0.890809 0.808170 0.889216 0.811220 0.887500 0.813834 0.884926 0.816885 0.883211 0.819063 0.880760 0.823638 0.879902 0.830610 0.880637 0.839978 0.882475 0.843464 0.884804 0.846296 0.888358 0.847821 0.890319 0.846078 0.890686 0.844553 0.895833 0.845207 0.898407 0.844553 0.899265 0.844553 0.900245 0.849129 0.904167 0.850654 0.907966 0.850871 0.910049 0.850000 0.911887 0.846514 0.915074 0.845425 0.916789 0.847168 0.918873 0.853050 0.923897 0.854575 0.926348 0.850436 0.926716 0.847386 0.929289 0.844989 0.933701 0.846732 0.938480 0.849346 0.941912 0.855011 0.943750 0.855664 0.946446 0.853704
