6 0.998780 0.683934 0.996434 0.681431 0.994088 0.681014 0.991507 0.681849 0.989865 0.685185 0.987284 0.686854 0.981888 0.686854 0.977900 0.685602 0.976258 0.685602 0.976727 0.691024 0.974850 0.694778 0.971800 0.693527 0.969219 0.694361 0.966404 0.697698 0.963119 0.701869 0.960539 0.706874 0.956316 0.711461 0.953970 0.707291 0.950685 0.706456 0.949747 0.712296 0.950216 0.718969 0.950216 0.722723 0.947166 0.725225 0.943647 0.729813 0.939893 0.736486 0.939189 0.743160 0.939893 0.758592 0.940128 0.766517 0.941535 0.773607 0.943881 0.777361 0.948574 0.779446 0.951623 0.779446 0.954439 0.775275 0.954908 0.769853 0.960539 0.769853 0.966404 0.770687 0.972738 0.772356 0.976727 0.772356 0.979073 0.772356 0.980011 0.778612 0.983061 0.783617 0.986111 0.785285 0.989865 0.784868 0.993149 0.781532 0.994322 0.776944 0.997607 0.774024 0.999249 0.770687
8 0.954908 0.702703 0.953500 0.693944 0.952093 0.684351 0.950920 0.674341 0.948808 0.666416 0.945054 0.662663 0.935905 0.660994 0.927693 0.659326 0.919717 0.660160 0.915259 0.660994 0.907986 0.662246 0.901417 0.661411 0.894379 0.661828 0.887810 0.663914 0.882883 0.664331 0.873264 0.663497 0.864818 0.665165 0.858718 0.664331 0.855668 0.667668 0.850272 0.672256 0.847691 0.676009 0.846049 0.686854 0.845345 0.693527 0.843938 0.706456 0.842999 0.715632 0.844876 0.721889 0.845580 0.729396 0.845111 0.738572 0.845580 0.741491 0.848161 0.741909 0.849803 0.750250 0.850507 0.752753 0.852384 0.754421 0.855903 0.759009 0.859657 0.758592 0.863645 0.753170 0.863645 0.750250 0.869745 0.751502 0.876548 0.751919 0.883352 0.754838 0.884994 0.758592 0.888983 0.760260 0.895083 0.761094 0.903059 0.760677 0.905640 0.759009 0.906813 0.756089 0.910801 0.754421 0.914790 0.752753 0.919247 0.756089 0.920420 0.761094 0.927459 0.764014 0.935201 0.765265 0.937547 0.757341 0.937312 0.751084 0.937782 0.740240 0.939424 0.734401 0.941770 0.730230 0.945993 0.726059 0.949747 0.723974 0.950685 0.720220 0.950450 0.709376 0.951154 0.705622
6 0.845111 0.750250 0.844876 0.756924 0.843234 0.759426 0.841357 0.760260 0.837134 0.756924 0.837134 0.753170 0.834084 0.750250 0.831269 0.751084 0.829627 0.756924 0.826107 0.759426 0.822823 0.752336 0.821650 0.751919 0.814611 0.752753 0.809450 0.749833 0.810154 0.755672 0.805931 0.755672 0.803585 0.750667 0.798423 0.750667 0.797720 0.753587 0.794435 0.754421 0.789743 0.751919 0.789977 0.743577 0.789977 0.736486 0.792324 0.730647 0.793966 0.727311 0.795608 0.721889 0.797954 0.715632 0.800300 0.708959 0.802646 0.705205 0.805931 0.701034 0.813438 0.702286 0.820477 0.700617 0.826811 0.700200 0.834084 0.705205 0.836899 0.705205 0.841357 0.712713 0.844407 0.721471 0.844642 0.738572
4 0.732733 0.702286 0.730387 0.699366 0.727102 0.688939 0.732029 0.688105 0.735548 0.690607 0.736956 0.697698 0.739302 0.708542 0.739536 0.717718 0.738129 0.730647 0.737660 0.738155 0.738129 0.749416 0.737660 0.756507 0.735548 0.759009 0.732498 0.762346 0.726867 0.761929 0.729214 0.757758 0.729683 0.754421 0.728744 0.747748 0.728744 0.736904 0.730152 0.729396 0.731325 0.721054 0.731325 0.711879
4 0.693788 0.701869 0.692849 0.697698 0.695664 0.694361 0.698480 0.694361 0.699653 0.699366 0.702937 0.705622 0.703876 0.710210 0.703876 0.716466 0.703172 0.719803 0.702233 0.725642 0.703641 0.734818 0.701295 0.742326 0.702703 0.749416 0.699653 0.751502 0.699184 0.754004 0.696368 0.757341 0.694726 0.753587 0.695899 0.748165 0.694961 0.740657 0.694022 0.730647 0.693788 0.724808 0.691676 0.716049 0.693084 0.709376
11 0.712556 0.700200 0.714199 0.698115 0.720768 0.699366 0.724756 0.700200 0.729214 0.704788 0.730152 0.713130 0.730152 0.721471 0.729683 0.728145 0.728979 0.736486 0.728041 0.739406 0.725694 0.737321 0.723818 0.735652 0.719360 0.736904 0.717248 0.737738 0.715137 0.741909 0.711618 0.738989 0.710445 0.735235 0.707630 0.732316 0.707395 0.726476 0.708333 0.718969 0.707395 0.707291
8 0.790681 0.733150 0.782470 0.732733 0.781532 0.739406 0.777778 0.743160 0.770270 0.743160 0.767220 0.738989 0.764874 0.734401 0.760886 0.734401 0.753378 0.732733 0.753378 0.737738 0.747513 0.741491 0.743525 0.735652 0.739771 0.730647 0.740240 0.722306 0.738833 0.705622 0.739536 0.693110 0.733906 0.685602 0.728041 0.684351 0.726164 0.693110 0.727571 0.696864 0.723583 0.696864 0.720533 0.696029 0.718656 0.692693 0.719125 0.679763 0.720533 0.672256 0.727337 0.668502 0.737190 0.668502 0.748217 0.667251 0.756898 0.666416 0.767220 0.663080 0.776839 0.663080 0.789743 0.664748 0.793731 0.667251 0.795373 0.686436 0.794200 0.702703 0.793731 0.716049 0.794670 0.726476
4 0.760182 0.739823 0.760417 0.745245 0.757836 0.748582 0.755959 0.746914 0.754082 0.736069 0.752440 0.728979 0.753144 0.719803 0.754082 0.708542 0.753144 0.698115 0.754551 0.694361 0.756663 0.696864 0.758071 0.702703 0.759713 0.715632 0.759947 0.727728
8 0.513138 0.714798 0.514311 0.720637 0.512669 0.720637 0.510323 0.720220 0.509619 0.716884 0.508446 0.711461 0.508446 0.706039 0.507977 0.698115 0.509384 0.689356 0.510792 0.683100 0.514311 0.681014 0.517361 0.680180 0.522053 0.682266 0.524399 0.683934 0.526980 0.687271 0.526276 0.696864 0.526511 0.706456 0.526511 0.713964 0.525338 0.717718 0.522992 0.721054 0.519473 0.717301 0.515953 0.717718
6 0.483796 0.704090 0.483073 0.707176 0.482494 0.710262 0.482060 0.713606 0.481481 0.715664 0.481047 0.720808 0.480324 0.723122 0.480179 0.728266 0.481192 0.731867 0.482784 0.731610 0.483652 0.728524 0.485243 0.728009 0.489005 0.728524 0.491753 0.728524 0.495949 0.729295 0.496672 0.729810 0.497396 0.733410 0.499277 0.733668 0.499711 0.730581 0.499277 0.724666 0.500000 0.719779 0.499711 0.714892 0.496817 0.708462 0.496817 0.703832 0.493490 0.704090 0.489439 0.704090
8 0.486545 0.701260 0.486111 0.697917 0.486400 0.695345 0.486834 0.691229 0.487703 0.687886 0.490741 0.685828 0.495804 0.685828 0.501157 0.687629 0.503762 0.688657 0.505932 0.697402 0.505353 0.703061 0.504196 0.713092 0.503906 0.721579 0.502894 0.726466 0.500723 0.726466 0.500723 0.722094 0.500579 0.716178 0.499132 0.711034 0.497396 0.706404 0.497396 0.703318 0.494936 0.702803 0.491319 0.702546
6 0.458333 0.708719 0.458333 0.704861 0.458767 0.701260 0.459057 0.696631 0.462963 0.692773 0.467448 0.693287 0.471354 0.695859 0.475839 0.704604 0.475550 0.712834 0.475550 0.720550 0.474537 0.725952 0.472801 0.726723 0.471209 0.723894 0.466580 0.723894 0.463542 0.724408 0.461806 0.724666 0.460793 0.727238 0.457031 0.726723 0.456742 0.723122 0.457031 0.718493 0.457755 0.713092
6 0.117766 0.751157 0.117043 0.756301 0.116609 0.759388 0.113137 0.759902 0.106771 0.759131 0.105903 0.753987 0.103154 0.752443 0.102141 0.754758 0.099248 0.757587 0.094039 0.754244 0.090278 0.749614 0.086227 0.750129 0.078704 0.751157 0.077546 0.753215 0.075955 0.758359 0.073640 0.760159 0.069589 0.759902 0.068287 0.757845 0.066696 0.753987 0.065683 0.750386 0.064959 0.745499 0.064670 0.741641 0.064670 0.733925 0.064815 0.730838 0.065538 0.725952 0.066262 0.721322 0.067130 0.717978 0.067998 0.715149 0.070747 0.712834 0.074219 0.710520 0.075521 0.707433 0.077257 0.706662 0.076244 0.701517 0.077546 0.700746 0.078414 0.698688 0.081019 0.699460 0.081887 0.698945 0.084201 0.694830 0.086516 0.692773 0.088831 0.689943 0.090856 0.687371 0.091580 0.686600 0.093750 0.686085 0.094763 0.685571 0.096788 0.683256 0.098524 0.681199 0.098380 0.677855 0.098090 0.675540 0.102286 0.676312 0.106481 0.675797 0.110098 0.675797 0.115451 0.676312 0.117477 0.676055 0.121962 0.676826 0.125434 0.677083 0.127894 0.678112 0.128617 0.681456 0.130208 0.683513 0.131800 0.683771 0.134404 0.684028 0.135851 0.685828 0.137442 0.688915 0.141348 0.697145 0.143229 0.701517 0.144242 0.704090 0.145544 0.703832 0.147280 0.707176 0.148727 0.710520 0.149450 0.713606 0.149884 0.719264 0.150029 0.722608 0.150029 0.725694 0.150318 0.729552 0.148582 0.730838 0.146412 0.729295 0.145255 0.729810 0.143953 0.738297 0.143374 0.742927 0.143084 0.750386 0.141927 0.755787 0.139034 0.757845 0.136574 0.759645 0.134115 0.758873 0.130787 0.753987 0.130353 0.748843 0.128038 0.747557 0.124855 0.749357 0.119502 0.750900
