4 0.767910 0.843291 0.767418 0.834993 0.765699 0.830625 0.763733 0.810535 0.761768 0.800926 0.761768 0.790881 0.762751 0.781272 0.763979 0.764675 0.766190 0.753756 0.763979 0.739780 0.764470 0.724493 0.763733 0.711827 0.763242 0.701345 0.761031 0.691737 0.759311 0.679071 0.758083 0.668588 0.752432 0.662474 0.747027 0.666405 0.744079 0.671646 0.744325 0.683875 0.745799 0.693047 0.748010 0.697414 0.749975 0.699161 0.750221 0.703092 0.748501 0.705713 0.746536 0.709644 0.744079 0.714885 0.742851 0.718379 0.742114 0.722746 0.742114 0.726677 0.741868 0.734976 0.738183 0.745458 0.736463 0.755066 0.737446 0.761181 0.742359 0.765549 0.745062 0.769916 0.747519 0.776468 0.750712 0.796122 0.753169 0.813592 0.755872 0.828878 0.753169 0.841544 0.758083 0.844602 0.763979 0.846785
4 0.740640 0.707023 0.737446 0.697851 0.735972 0.695667 0.734498 0.693047 0.730567 0.684312 0.730076 0.676013 0.730076 0.673393 0.725899 0.663784 0.722214 0.662474 0.718529 0.667278 0.719266 0.686495 0.719266 0.692610 0.715089 0.699161 0.714107 0.707897 0.714598 0.719689 0.714352 0.730171 0.712387 0.743274 0.712141 0.749389 0.713370 0.757250 0.715089 0.769479 0.717546 0.784329 0.718775 0.794375 0.720740 0.804857 0.720986 0.810098 0.723688 0.821017 0.729093 0.825384 0.734989 0.823201 0.734744 0.813155 0.734498 0.801799 0.732532 0.785639 0.733024 0.775157 0.732532 0.763365 0.734498 0.752883 0.736463 0.744147 0.734989 0.732355 0.739411 0.720563 0.740148 0.713574
4 0.928989 0.708446 0.928989 0.707543 0.928989 0.706489 0.929497 0.704682 0.930344 0.703478 0.930513 0.702424 0.930513 0.701370 0.929836 0.698359 0.928989 0.696853 0.928481 0.696552 0.927803 0.696251 0.927973 0.692638 0.927973 0.689928 0.927464 0.689024 0.926194 0.687669 0.924585 0.687970 0.923315 0.693692 0.923230 0.696853 0.921875 0.699413 0.921452 0.702876 0.921960 0.707844 0.922044 0.711608 0.922468 0.717931 0.923399 0.724706 0.923738 0.727266 0.924162 0.730729 0.924670 0.737805 0.925008 0.739762 0.925008 0.741117 0.924839 0.743978 0.926448 0.745483 0.927634 0.744580 0.928565 0.744279 0.929836 0.744580 0.930005 0.741117 0.929074 0.739009 0.929836 0.736902 0.930429 0.735396 0.930767 0.734192 0.930937 0.731933 0.931275 0.730428 0.931614 0.727567 0.931614 0.723954 0.931360 0.722599 0.930513 0.720491 0.929412 0.715974 0.929328 0.714167 0.928904 0.711608
4 0.916794 0.742773 0.917048 0.739160 0.917725 0.734944 0.918487 0.731030 0.918742 0.726814 0.918064 0.722448 0.917725 0.718383 0.917979 0.710855 0.917810 0.699413 0.917471 0.698208 0.916286 0.695950 0.916116 0.691433 0.914931 0.689326 0.912559 0.689024 0.911543 0.690982 0.911204 0.692788 0.910442 0.694294 0.909511 0.695950 0.909172 0.698058 0.909765 0.700467 0.910103 0.702725 0.910273 0.707392 0.910442 0.710403 0.909934 0.714469 0.909511 0.715221 0.909680 0.717480 0.909765 0.718835 0.910527 0.722599 0.910866 0.732084 0.911628 0.738708 0.912136 0.741870 0.913999 0.744429 0.916201 0.744429
4 0.873497 0.698297 0.873077 0.696930 0.873077 0.695190 0.873497 0.693823 0.874126 0.692332 0.876154 0.693202 0.877272 0.695190 0.877202 0.697303 0.876573 0.698422 0.877622 0.701280 0.878670 0.703393 0.878670 0.706252 0.878880 0.712466 0.879090 0.717064 0.879230 0.726386 0.879230 0.735956 0.880698 0.738690 0.880628 0.740430 0.879929 0.740679 0.878530 0.740679 0.876433 0.739560 0.876293 0.736204 0.875734 0.729369 0.875804 0.724273 0.875664 0.723030 0.875035 0.722409 0.873637 0.725889 0.873147 0.731109 0.872938 0.733967 0.872448 0.737199 0.872099 0.740430 0.870840 0.740927 0.869512 0.737447 0.870421 0.731109 0.870631 0.726759 0.870631 0.720793 0.870701 0.717810 0.870770 0.713709 0.871190 0.711223 0.869512 0.709732 0.869302 0.708364 0.869232 0.706252 0.869582 0.702274 0.870631 0.699540 0.872448 0.698422
4 0.861053 0.736453 0.860214 0.734464 0.860214 0.731979 0.860424 0.727007 0.860563 0.722284 0.861263 0.717562 0.861263 0.715324 0.861752 0.714827 0.862102 0.711223 0.862311 0.705009 0.862032 0.700907 0.861402 0.697800 0.860354 0.694942 0.859445 0.693574 0.858886 0.693077 0.858886 0.691213 0.858886 0.688852 0.857208 0.686117 0.855600 0.685993 0.853782 0.688106 0.853992 0.692083 0.853712 0.693077 0.852943 0.694196 0.852174 0.695812 0.851755 0.697552 0.851405 0.699167 0.851195 0.703269 0.852384 0.705630 0.852803 0.706127 0.852873 0.708862 0.852873 0.713709 0.853363 0.719053 0.853642 0.724024 0.854272 0.732973 0.853922 0.735086 0.854062 0.738069 0.856579 0.738690 0.857977 0.737323 0.857627 0.734464 0.856998 0.732227 0.856928 0.730363 0.856579 0.728001 0.857208 0.724397 0.857627 0.723652 0.857977 0.727256 0.857627 0.732476 0.858256 0.736329 0.859165 0.737447 0.861402 0.738193
4 0.849168 0.697800 0.849867 0.694569 0.849588 0.691834 0.848329 0.690219 0.846442 0.689846 0.844834 0.692456 0.845393 0.696930 0.844135 0.698297 0.842946 0.699540 0.842527 0.702274 0.842107 0.705630 0.843296 0.708364 0.843715 0.712466 0.843925 0.714952 0.843925 0.716194 0.843855 0.718556 0.843785 0.721166 0.844484 0.726759 0.844694 0.732724 0.845742 0.735831 0.846162 0.737820 0.847910 0.737944 0.848119 0.736204 0.850077 0.737944 0.850636 0.737074 0.850636 0.735210 0.849657 0.732973 0.849448 0.730611 0.849168 0.728250 0.850007 0.723154 0.850566 0.719923 0.850846 0.716070 0.851056 0.712714 0.850846 0.710229 0.851475 0.708613 0.851825 0.707246 0.851335 0.705754 0.850496 0.704387 0.850496 0.702772 0.850496 0.701902 0.850776 0.700410 0.850426 0.698794
6 0.769441 0.730761 0.769220 0.734166 0.768631 0.735476 0.766642 0.735476 0.765389 0.734952 0.765021 0.730892 0.765021 0.727094 0.765021 0.722248 0.765389 0.717403 0.765610 0.712688 0.764874 0.706794 0.764432 0.703520 0.763253 0.700246 0.763474 0.698282 0.765021 0.697496 0.768778 0.698020 0.772682 0.698282 0.778723 0.699198 0.781596 0.699198 0.784175 0.699198 0.786532 0.701032 0.787858 0.703782 0.788889 0.706140 0.789847 0.708628 0.791394 0.709938 0.793236 0.711247 0.794488 0.715700 0.795077 0.717665 0.792278 0.723820 0.791983 0.726701 0.791541 0.731023 0.791173 0.733642 0.790363 0.736524 0.788816 0.737571 0.785059 0.738226 0.781817 0.737702 0.778650 0.735345 0.777913 0.730630 0.777839 0.728273 0.774524 0.726963 0.770178 0.728535
6 0.647279 0.720592 0.647413 0.719283 0.648484 0.717259 0.648685 0.716426 0.649422 0.714165 0.649221 0.711785 0.648551 0.708333 0.647681 0.704525 0.647079 0.700954 0.646208 0.697979 0.645472 0.695599 0.643798 0.693814 0.641924 0.692862 0.639915 0.692862 0.638777 0.692386 0.636434 0.692386 0.632685 0.692386 0.629874 0.692386 0.627932 0.693457 0.626995 0.695956 0.626125 0.700240 0.624786 0.701788 0.623514 0.703573 0.622041 0.703454 0.620769 0.705239 0.620635 0.709047 0.620903 0.713213 0.621305 0.716664 0.621706 0.719878 0.623246 0.722972 0.624451 0.723210 0.624853 0.722972 0.625254 0.722377 0.625589 0.720830 0.625455 0.719045 0.625522 0.718211 0.643397 0.718807 0.643397 0.719878 0.643865 0.721187 0.644936 0.721901 0.645740 0.722139 0.646945 0.721901
6 0.566467 0.727511 0.566391 0.730607 0.566391 0.731818 0.565331 0.733702 0.563514 0.734106 0.562530 0.732895 0.562530 0.730472 0.562530 0.728050 0.562076 0.722666 0.562227 0.719436 0.562757 0.715130 0.563212 0.711361 0.563817 0.708939 0.565180 0.705978 0.567527 0.695481 0.583121 0.696288 0.584408 0.698845 0.585317 0.702479 0.585922 0.705305 0.586982 0.706516 0.587966 0.706516 0.588421 0.707593 0.588572 0.708939 0.588118 0.709881 0.587966 0.712573 0.588042 0.716072 0.587815 0.718629 0.588042 0.722128 0.587285 0.724012 0.587058 0.727108 0.587361 0.732760 0.587285 0.734375 0.585620 0.734644 0.584711 0.732222 0.584560 0.728723 0.583500 0.727646 0.580472 0.727646 0.576762 0.727108 0.574491 0.727780 0.572523 0.727242 0.570782 0.727108 0.569192 0.726838
6 0.546849 0.720787 0.546797 0.723194 0.547109 0.723843 0.548047 0.724583 0.549453 0.724676 0.550078 0.722454 0.550182 0.721343 0.550182 0.719306 0.550391 0.715509 0.550495 0.714769 0.550495 0.713194 0.550599 0.709028 0.550026 0.703843 0.548724 0.699769 0.547734 0.696528 0.547161 0.695139 0.546380 0.694120 0.545443 0.693750 0.543932 0.693194 0.541016 0.693009 0.538620 0.693102 0.535599 0.693009 0.534401 0.693102 0.532891 0.693102 0.531484 0.694491 0.530703 0.697361 0.530130 0.699120 0.529245 0.701713 0.528255 0.705139 0.527995 0.710972 0.528151 0.715602 0.528255 0.719398 0.528620 0.721898 0.529089 0.724491 0.529922 0.725880 0.530964 0.725509 0.532422 0.723287 0.532526 0.720694 0.535911 0.720880 0.540651 0.720417 0.545599 0.720694
6 0.452248 0.741965 0.452770 0.747718 0.452770 0.750315 0.452144 0.751243 0.450996 0.751800 0.449848 0.752728 0.448804 0.752728 0.445673 0.749388 0.445464 0.747347 0.444838 0.742337 0.445255 0.724152 0.445986 0.710235 0.446716 0.702813 0.447969 0.696504 0.449221 0.689453 0.451100 0.684257 0.452457 0.683330 0.454962 0.682773 0.457676 0.683701 0.462581 0.682587 0.468844 0.684257 0.470096 0.683701 0.471558 0.683701 0.476255 0.685185 0.477403 0.685185 0.481265 0.686113 0.483665 0.687597 0.486379 0.691865 0.489093 0.697803 0.490450 0.704854 0.492224 0.703926 0.494207 0.704483 0.495147 0.707452 0.493477 0.710792 0.492433 0.711905 0.493477 0.718029 0.493998 0.724338 0.493894 0.730461 0.493163 0.736213 0.493163 0.743264 0.493059 0.748089 0.490972 0.749573 0.488258 0.748274 0.488258 0.749573 0.486692 0.751985 0.485022 0.751800 0.484500 0.751429 0.483039 0.747161 0.482726 0.743821 0.481473 0.743079 0.479490 0.742522 0.473019 0.742708 0.467800 0.743264 0.461329 0.742708 0.459659 0.743264 0.459555 0.748089 0.458615 0.750501 0.455588 0.750315 0.454753 0.747532 0.454858 0.746604 0.454545 0.743821
6 0.379394 0.737327 0.381795 0.736213 0.383465 0.733430 0.382839 0.730832 0.385552 0.730832 0.385761 0.733059 0.387118 0.734543 0.390249 0.735471 0.392859 0.734543 0.395051 0.732316 0.395781 0.730090 0.397764 0.728976 0.399956 0.728976 0.400896 0.728420 0.401731 0.725636 0.402148 0.719884 0.402044 0.715245 0.401313 0.710235 0.400582 0.708009 0.398182 0.704297 0.395364 0.703555 0.392546 0.701700 0.389936 0.698731 0.386909 0.695762 0.384404 0.694834 0.381064 0.694092 0.376576 0.693535 0.373654 0.693906 0.370209 0.693906 0.366660 0.694092 0.363425 0.694092 0.359145 0.695020 0.356223 0.695576 0.352987 0.698360 0.350900 0.700401 0.347873 0.702627 0.344637 0.704297 0.342132 0.707266 0.339314 0.708936 0.336392 0.712276 0.335243 0.715616 0.333991 0.719884 0.333260 0.725822 0.334304 0.731203 0.336705 0.732502 0.338688 0.735285 0.343802 0.736955 0.347977 0.733430 0.348290 0.731389 0.358937 0.731760 0.367078 0.731574 0.374071 0.730090 0.375428 0.733986 0.375741 0.735100 0.376367 0.736399
6 0.329199 0.722501 0.329271 0.725157 0.328488 0.725789 0.326353 0.725030 0.325642 0.720983 0.325073 0.716049 0.325855 0.709725 0.326496 0.705677 0.328488 0.701756 0.329840 0.697961 0.331405 0.693660 0.333042 0.691257 0.335105 0.690498 0.340370 0.690498 0.344995 0.691636 0.348268 0.692016 0.350687 0.693281 0.351683 0.696064 0.351755 0.699732 0.350474 0.702009 0.348126 0.704159 0.345066 0.706689 0.340868 0.708207 0.337951 0.711116 0.336884 0.712128 0.335105 0.713899 0.334465 0.717314 0.333682 0.721615 0.332686 0.722121 0.330622 0.721868
6 0.304205 0.726846 0.304848 0.729894 0.305848 0.731799 0.308206 0.731799 0.310135 0.728751 0.310993 0.723924 0.310778 0.720368 0.309992 0.715033 0.309707 0.711985 0.309778 0.708810 0.309564 0.706269 0.307777 0.704999 0.307134 0.703475 0.306134 0.700681 0.304277 0.697887 0.301990 0.695092 0.299490 0.695473 0.294417 0.694965 0.290059 0.695092 0.289130 0.695092 0.286916 0.695981 0.285987 0.696235 0.285558 0.696489 0.284201 0.697632 0.283558 0.699411 0.282486 0.702713 0.282057 0.705507 0.281772 0.706650 0.280628 0.708937 0.280128 0.709699 0.277485 0.711604 0.275842 0.712620 0.274413 0.715033 0.273770 0.717193 0.273770 0.722019 0.273770 0.723924 0.273913 0.725448 0.273841 0.729640 0.274627 0.733069 0.276699 0.734720 0.278771 0.733831 0.279485 0.729640 0.284058 0.729259 0.284344 0.731164 0.285844 0.732561 0.288130 0.731672 0.288559 0.729005 0.288559 0.728370 0.293989 0.729513 0.296061 0.728751 0.296418 0.732053 0.298561 0.732434 0.300133 0.730783 0.300704 0.728497 0.301633 0.726591
6 0.139330 0.739277 0.137980 0.742876 0.136631 0.744555 0.134202 0.745035 0.132043 0.740237 0.131504 0.738078 0.130424 0.737119 0.128805 0.736879 0.128940 0.733041 0.129480 0.724885 0.130694 0.718648 0.132988 0.714090 0.135956 0.711692 0.136091 0.709773 0.135552 0.708333 0.136631 0.704975 0.138385 0.704735 0.139060 0.704735 0.140544 0.704735 0.144457 0.700178 0.147560 0.696819 0.151204 0.693461 0.154037 0.692262 0.159974 0.692981 0.164157 0.692022 0.170634 0.692262 0.175491 0.693461 0.177920 0.694660 0.179674 0.697299 0.181698 0.701857 0.185476 0.706174 0.187095 0.707614 0.188175 0.714570 0.188445 0.721527 0.187770 0.727524 0.186960 0.730642 0.186555 0.732321 0.185476 0.738558 0.184801 0.741197 0.182508 0.742396 0.180079 0.741676 0.178999 0.740957 0.178055 0.737838 0.177245 0.733760 0.171038 0.735200 0.166316 0.734720 0.164967 0.734240 0.160244 0.735200 0.157410 0.737838 0.157275 0.740957 0.156466 0.744075 0.153902 0.743595 0.151743 0.742156 0.151608 0.740237 0.150259 0.737598 0.147426 0.737358 0.145941 0.736879
6 0.000509 0.765420 0.000705 0.763680 0.005208 0.761243 0.011866 0.761243 0.023222 0.760547 0.024005 0.765769 0.026551 0.771686 0.031837 0.771686 0.037711 0.766813 0.040061 0.756370 0.041040 0.751149 0.041823 0.747668 0.042411 0.740010 0.042411 0.730263 0.041628 0.721213 0.039669 0.715295 0.038299 0.712162 0.036537 0.708681 0.032621 0.701720 0.031446 0.701023 0.029488 0.697891 0.027138 0.696498 0.024201 0.695106 0.021852 0.695106 0.020089 0.695106 0.014411 0.694062 0.009712 0.694410 0.004817 0.694062 0.002467 0.693713 0.000000 0.694051
6 0.053638 0.695814 0.056960 0.692744 0.060547 0.692744 0.062540 0.692744 0.065463 0.692508 0.069449 0.691090 0.076092 0.692980 0.079812 0.696051 0.083400 0.699121 0.084463 0.698649 0.087651 0.700539 0.092302 0.701956 0.094295 0.706207 0.094428 0.708097 0.094693 0.711404 0.094295 0.718490 0.090973 0.721088 0.088183 0.721561 0.087519 0.721561 0.086721 0.724159 0.085260 0.727230 0.084064 0.728883 0.083267 0.729356 0.081673 0.729356 0.080211 0.729119 0.077952 0.726994 0.076624 0.728411 0.074365 0.729592 0.072638 0.729592 0.070645 0.726994 0.070778 0.725104 0.069316 0.723450 0.065463 0.723687 0.059617 0.722506 0.054169 0.723214 0.049785 0.722506 0.048855 0.721797 0.048722 0.720616 0.048589 0.716601 0.050582 0.709751 0.050848 0.707389 0.050183 0.703845 0.050183 0.700066 0.052176 0.695814
8 0.278047 0.710748 0.275171 0.710180 0.274532 0.709469 0.274053 0.703363 0.274692 0.696262 0.275730 0.690298 0.277408 0.683907 0.279085 0.676664 0.281881 0.672972 0.283798 0.672262 0.286834 0.672262 0.289789 0.671978 0.292186 0.672120 0.292745 0.672120 0.294662 0.671978 0.295541 0.672404 0.298017 0.672972 0.299455 0.672546 0.302331 0.674108 0.305926 0.673398 0.307443 0.673398 0.309281 0.674392 0.311757 0.674534 0.312716 0.674960 0.314473 0.676948 0.314793 0.679221 0.315272 0.685043 0.316231 0.693564 0.316390 0.699102 0.316151 0.705919 0.316310 0.709043 0.315911 0.710606 0.313914 0.711458 0.312556 0.711174 0.312316 0.714298 0.311677 0.717990 0.310080 0.716996 0.310080 0.715150 0.309760 0.712594 0.310399 0.706203 0.309520 0.705209 0.307923 0.703647 0.306725 0.701659 0.306325 0.700097 0.305606 0.698392 0.305127 0.697256 0.304168 0.695978 0.302970 0.694700 0.301852 0.694416 0.299056 0.693564 0.296979 0.693138 0.296420 0.693138 0.294902 0.693706 0.291786 0.693564 0.290748 0.693564 0.290349 0.693564 0.287073 0.693848 0.284917 0.695410 0.283159 0.699244 0.282201 0.701943 0.280363 0.707339 0.279724 0.708901
6 0.398203 0.695046 0.397891 0.697269 0.397891 0.698287 0.397839 0.699491 0.397943 0.703750 0.398932 0.705417 0.400234 0.708009 0.402526 0.708657 0.404453 0.708472 0.405911 0.708380 0.406536 0.709676 0.407318 0.710787 0.408568 0.710139 0.408880 0.709491 0.409245 0.709120 0.409609 0.710972 0.410964 0.710602 0.411745 0.708657 0.411745 0.706528 0.412266 0.703102 0.412318 0.700046 0.411797 0.697731 0.411328 0.695694 0.410651 0.694491 0.409036 0.693750 0.406484 0.693102 0.404609 0.693009 0.401745 0.693194 0.400391 0.693380 0.399141 0.693657
6 0.426589 0.710139 0.426484 0.711806 0.425964 0.712917 0.424297 0.712917 0.422943 0.712269 0.422422 0.709120 0.422370 0.706343 0.422526 0.702361 0.423151 0.698750 0.423828 0.695324 0.425547 0.693287 0.426797 0.692361 0.427943 0.691898 0.430182 0.691713 0.433672 0.692176 0.435234 0.692083 0.437422 0.693380 0.438464 0.697546 0.438464 0.702269 0.438464 0.704769 0.438255 0.708009 0.438151 0.710139 0.437682 0.711991 0.436849 0.713565 0.435391 0.714954 0.433568 0.713935 0.432891 0.710509
6 0.486903 0.689590 0.488218 0.689230 0.491151 0.689410 0.494893 0.689410 0.497219 0.692467 0.497725 0.695703 0.498129 0.701636 0.499039 0.709187 0.500657 0.714401 0.501568 0.721233 0.501669 0.723391 0.501466 0.725908 0.501568 0.728964 0.501163 0.732201 0.500051 0.732740 0.496612 0.735617 0.494792 0.734538 0.494792 0.730583 0.493881 0.724829 0.493679 0.716379 0.492870 0.713323 0.495500 0.708468 0.495398 0.705232 0.493983 0.703254 0.491454 0.702895 0.489937 0.702175 0.489836 0.699299 0.489432 0.698040 0.488420 0.694624 0.487207 0.691568
6 0.495803 0.688871 0.499140 0.686713 0.501770 0.687253 0.503489 0.687792 0.504804 0.689950 0.505309 0.691208 0.505613 0.692826 0.506624 0.696242 0.507130 0.698400 0.507534 0.699479 0.508141 0.700378 0.508242 0.701816 0.509051 0.703794 0.510973 0.707389 0.510872 0.712424 0.510771 0.716559 0.510568 0.720334 0.510568 0.724829 0.509759 0.728785 0.507433 0.730942 0.505411 0.730043 0.504804 0.727346 0.502275 0.725908 0.501568 0.718896 0.501365 0.714761 0.500253 0.711525 0.499343 0.707569 0.498736 0.702535 0.498534 0.701277 0.497320 0.697321 0.497118 0.693725 0.495702 0.690669
4 0.511479 0.722672 0.510973 0.727526 0.510973 0.731122 0.510973 0.732740 0.510973 0.735437 0.511377 0.742449 0.512389 0.745505 0.513400 0.742629 0.512996 0.735976 0.513805 0.730762 0.513906 0.725908 0.514614 0.722132 0.516030 0.717278 0.517648 0.718357 0.520176 0.721773 0.522300 0.726987 0.523614 0.731302 0.524525 0.735617 0.526244 0.734178 0.526750 0.727526 0.526547 0.721413 0.525738 0.717997 0.524828 0.715660 0.524019 0.709547 0.523918 0.706850 0.523716 0.703973 0.524221 0.703434 0.526042 0.707389 0.527356 0.707389 0.527559 0.705052 0.526750 0.700917 0.524727 0.696242 0.522907 0.693545 0.521187 0.691748 0.521187 0.689410 0.520682 0.684556 0.520581 0.681859 0.517445 0.677904 0.516333 0.678083 0.513703 0.682758 0.514614 0.689950 0.513400 0.691388 0.511681 0.692647 0.511479 0.694444 0.511175 0.695523 0.509962 0.696422 0.509254 0.697141 0.508748 0.700378 0.510366 0.702175 0.511479 0.701996 0.511377 0.704872 0.512288 0.710446
5 0.513805 0.748382 0.514007 0.752697 0.514816 0.756472 0.517850 0.758270 0.520783 0.757551 0.521491 0.756113 0.522907 0.749461 0.523109 0.746584 0.524525 0.745325 0.525435 0.744426 0.525637 0.742449 0.524525 0.738493 0.523513 0.733999 0.522704 0.731481 0.521996 0.728425 0.521187 0.726807 0.519266 0.723211 0.517243 0.718716 0.515625 0.719076 0.514108 0.722132 0.514108 0.724470 0.514108 0.728245 0.513602 0.732920 0.513097 0.739752 0.512692 0.744247
6 0.576172 0.694120 0.575078 0.692639 0.572734 0.692269 0.571693 0.691991 0.571068 0.691991 0.569557 0.691713 0.568516 0.691528 0.565339 0.691528 0.564036 0.691528 0.563307 0.691528 0.562161 0.692083 0.560703 0.693657 0.558776 0.696620 0.556328 0.701806 0.555807 0.704120 0.555651 0.706620 0.555495 0.708380 0.555755 0.710509 0.555286 0.717176 0.555651 0.720231 0.555703 0.721806 0.555339 0.723565 0.557422 0.726435 0.558620 0.725602 0.558724 0.723287 0.560234 0.723009 0.560495 0.723009 0.561380 0.722639 0.562109 0.718935 0.561953 0.717176 0.562005 0.716343 0.562005 0.714583 0.562005 0.713380 0.562214 0.711250 0.562734 0.710139 0.563359 0.708287 0.564245 0.706898 0.564766 0.706250 0.565339 0.704676 0.566328 0.698750 0.566953 0.695602 0.567318 0.694583 0.568151 0.694491 0.569922 0.694954 0.570599 0.695231 0.572370 0.695417 0.575026 0.695417 0.575651 0.695417 0.576172 0.695046
8 0.577663 0.695415 0.577579 0.690636 0.577915 0.681825 0.578755 0.665696 0.578755 0.664352 0.579091 0.663456 0.581527 0.662858 0.593792 0.662858 0.599672 0.663157 0.604377 0.664800 0.606393 0.667787 0.608073 0.668832 0.608913 0.670624 0.609501 0.678390 0.609249 0.689889 0.609921 0.705570 0.608745 0.716024 0.608241 0.723940 0.607233 0.726628 0.605133 0.726927 0.603033 0.725881 0.601520 0.725732 0.600092 0.724238 0.600176 0.720206 0.588332 0.720505 0.588628 0.713217 0.588456 0.711488 0.588856 0.709046 0.589200 0.707519 0.588742 0.705484 0.587883 0.705179 0.587540 0.704976 0.587025 0.704060 0.585995 0.701414 0.584907 0.698464 0.584564 0.697344 0.584106 0.696632 0.583591 0.695920 0.583190 0.695920 0.582732 0.695716 0.581359 0.695411 0.580157 0.695309
