6 0.000868 0.711420 0.010127 0.728909 0.024016 0.747428 0.044850 0.778292 0.063368 0.807099 0.067998 0.810185 0.077836 0.809156 0.088252 0.812243 0.094618 0.832819 0.094039 0.850309 0.107928 0.859568 0.133391 0.885288 0.160590 0.914095 0.162905 0.932613 0.162905 0.962449 0.161169 0.978909 0.154225 0.984053 0.146701 0.994342 0.139757 0.999486 0.000000 0.998544 0.000000 0.711420
6 0.094595 0.839923 0.100225 0.829079 0.128378 0.728979 0.134947 0.725642 0.169200 0.720637 0.271959 0.722306 0.358765 0.756507 0.361580 0.763180 0.372842 0.793210 0.379411 0.817401 0.380349 0.826577 0.382695 0.818235 0.390672 0.821572 0.398649 0.829079 0.399587 0.841592 0.398179 0.848265 0.391610 0.850767 0.402402 0.880797 0.405218 0.906657 0.405218 0.935853 0.403810 0.957541 0.402402 0.985903 0.396303 0.999249 0.371434 0.997581 0.370495 0.988405 0.364396 0.987571 0.343750 0.993410 0.335304 0.998415 0.171265 1.000000 0.161693 0.999249 0.159816 0.985903 0.163570 0.965048 0.162631 0.948365 0.159347 0.925008 0.155124 0.916667 0.149962 0.902486 0.141047 0.889973 0.125094 0.872456 0.112425 0.859109 0.099287 0.844928
6 0.379749 0.815564 0.369409 0.787650 0.369409 0.782884 0.388174 0.780842 0.423790 0.781522 0.421109 0.787650 0.417662 0.797862 0.416896 0.810798 0.415365 0.840754 0.413833 0.863903 0.415365 0.889774 0.413450 0.912241 0.410769 0.938794 0.410769 0.955814 0.405790 0.959218 0.405790 0.936751 0.406556 0.904752 0.402727 0.879562 0.395450 0.865264 0.389706 0.848924 0.395067 0.844839 0.399280 0.835308 0.397748 0.824414 0.392004 0.820330 0.383578 0.818968
6 0.666312 0.991898 0.668679 0.962437 0.667495 0.940341 0.664536 0.903514 0.661577 0.843540 0.668679 0.830913 0.677557 0.828809 0.672822 0.804609 0.662760 0.796191 0.657434 0.796191 0.652699 0.780408 0.647964 0.760417 0.645005 0.725694 0.628433 0.669928 0.629025 0.655198 0.629025 0.633102 0.615412 0.618371 0.570431 0.617319 0.565104 0.606797 0.549124 0.597327 0.538471 0.594171 0.514796 0.593119 0.501184 0.594171 0.489347 0.597327 0.478101 0.612058 0.469815 0.625737 0.468040 0.650989 0.456795 0.665720 0.427202 0.775147 0.419508 0.784617 0.416548 0.809870 0.414181 0.839331 0.414181 0.903514 0.411324 1.000000 0.659801 1.000000
6 0.671190 0.957359 0.675302 0.957359 0.676398 0.971491 0.678865 0.980750 0.688185 0.985136 0.692571 0.978314 0.693668 0.970517 0.693668 0.945175 0.693668 0.872563 0.693942 0.864279 0.693394 0.852583 0.690378 0.842349 0.688459 0.839912 0.676946 0.790692 0.673657 0.768762 0.671190 0.761452 0.674753 0.757554 0.676672 0.752193 0.672012 0.747320 0.669271 0.742446 0.667626 0.733674 0.661870 0.731725 0.651727 0.730750 0.643777 0.735136 0.657209 0.800926 0.666255 0.804825 0.672560 0.807749 0.675302 0.817008 0.675576 0.828704 0.668448 0.835526 0.664611 0.836501 0.663514 0.841862 0.664062 0.879386 0.665707 0.919347
1 0.724726 0.891951 0.724104 0.871293 0.723274 0.813745 0.722859 0.769109 0.729084 0.769109 0.728876 0.743655 0.723481 0.742548 0.735724 0.720784 0.721406 0.693116 0.706258 0.717095 0.718293 0.741811 0.713936 0.742179 0.714558 0.768371 0.720161 0.768371 0.720991 0.894533
6 0.697018 0.881256 0.701358 0.887043 0.704768 0.886767 0.708953 0.885940 0.711279 0.880704 0.715154 0.878224 0.720734 0.878224 0.730655 0.877673 0.734065 0.872988 0.733910 0.865272 0.732205 0.853423 0.726935 0.844880 0.723059 0.838266 0.721664 0.834959 0.718254 0.833857 0.714844 0.825865 0.707713 0.816496 0.703528 0.814291 0.704458 0.808504 0.702598 0.806851 0.696863 0.804922 0.691902 0.804922 0.686322 0.803544 0.681827 0.802717 0.680432 0.807126 0.683842 0.816496 0.685237 0.825314 0.687562 0.834132 0.688957 0.839644 0.692522 0.844329 0.694537 0.849840 0.695468 0.857832 0.696398 0.866099 0.696863 0.872437
6 0.870629 0.842675 0.864428 0.837991 0.854043 0.834132 0.836527 0.832755 0.826606 0.833030 0.816995 0.840746 0.808470 0.846809 0.802734 0.846809 0.795139 0.847084 0.792659 0.879602 0.796224 0.884838 0.805370 0.887318 0.808935 0.888420 0.812655 0.894759 0.831101 0.895861 0.832651 0.892830 0.876829 0.897514 0.876519 0.884562 0.877604 0.875193 0.876519 0.866099 0.872489 0.858383 0.871404 0.849565
4 0.898024 0.933067 0.896295 0.923842 0.896295 0.911200 0.896679 0.895825 0.899177 0.878400 0.900138 0.868150 0.901484 0.867466 0.903213 0.853116 0.902445 0.824757 0.900907 0.802891 0.896102 0.798449 0.894373 0.789907 0.893412 0.777607 0.889760 0.770774 0.882649 0.770090 0.881304 0.781024 0.881112 0.787515 0.878037 0.793324 0.874001 0.800499 0.871310 0.811432 0.870541 0.829882 0.871118 0.849358 0.873232 0.861316 0.876499 0.871566 0.878229 0.891383 0.876307 0.913250 0.876691 0.927600 0.878421 0.934775 0.883610 0.935800 0.891105 0.934092
6 0.939153 0.941609 0.936654 0.940584 0.931273 0.943659 0.923970 0.941609 0.916667 0.940584 0.915706 0.935459 0.917051 0.929308 0.917435 0.921792 0.915514 0.884891 0.913784 0.869858 0.913784 0.857216 0.914168 0.846624 0.912438 0.833299 0.913015 0.826466 0.916090 0.819291 0.916282 0.812116 0.915321 0.804599 0.913207 0.797082 0.915321 0.791615 0.920126 0.789224 0.924931 0.788199 0.930120 0.794349 0.933195 0.806991 0.933579 0.819632 0.934348 0.838424 0.935117 0.854141 0.934348 0.868833 0.935693 0.890358 0.936462 0.908125 0.937231 0.924867
10 0.881250 0.699074 0.881250 0.714815 0.881771 0.715741 0.882292 0.715741 0.882812 0.716667 0.895312 0.716667 0.895833 0.715741 0.896875 0.715741 0.897917 0.713889 0.897917 0.699074
