6 0.001314 0.932676 0.027599 0.915369 0.038308 0.920561 0.044636 0.931810 0.047556 0.931810 0.068000 0.956040 0.077249 0.957771 0.092338 0.943925 0.100613 0.929214 0.104994 0.909311 0.107428 0.882485 0.108888 0.852198 0.109375 0.832295 0.107915 0.789893 0.104021 0.758740 0.086984 0.733645 0.072381 0.726722 0.050477 0.715472 0.050477 0.702492 0.044149 0.690377 0.033440 0.690377 0.022732 0.673070 0.011536 0.653167 0.000000 0.640862
6 0.112256 0.681670 0.111804 0.677452 0.109657 0.675444 0.107398 0.676448 0.105703 0.680666 0.101749 0.682474 0.097908 0.682474 0.095874 0.683478 0.092711 0.685888 0.085254 0.698140 0.081526 0.701555 0.078023 0.707178 0.076103 0.715012 0.076894 0.721640 0.078588 0.727665 0.079266 0.734293 0.082430 0.736704 0.086497 0.736904 0.087740 0.733289 0.089208 0.729875 0.098360 0.732084 0.102201 0.732486 0.105816 0.734494 0.109657 0.733289 0.113386 0.730076 0.113725 0.723046 0.118809 0.720033 0.119487 0.715614 0.121068 0.713405 0.123328 0.708384 0.128299 0.706375 0.134400 0.703764 0.135869 0.699345 0.135756 0.696332 0.134061 0.692516 0.129542 0.686491 0.124006 0.683076 0.117001 0.680867
6 0.257802 0.802355 0.249443 0.804260 0.246228 0.817215 0.245799 0.827884 0.239155 0.832457 0.231010 0.830171 0.225437 0.821788 0.223723 0.813786 0.220293 0.809595 0.207004 0.811500 0.198645 0.811119 0.179998 0.813786 0.170996 0.813405 0.166924 0.814548 0.161780 0.817977 0.151277 0.819502 0.149991 0.826360 0.147419 0.833600 0.142275 0.840078 0.134345 0.840840 0.129844 0.839316 0.125772 0.837029 0.123200 0.831695 0.119770 0.813024 0.116555 0.807689 0.112269 0.805784 0.110340 0.792448 0.108625 0.778730 0.108196 0.756249 0.111197 0.734530 0.114412 0.724242 0.121914 0.710524 0.125986 0.706333 0.133488 0.701379 0.138632 0.690710 0.147205 0.680041 0.153206 0.672801 0.159422 0.665562 0.168210 0.659846 0.183856 0.655655 0.196931 0.654893 0.208290 0.654512 0.227152 0.654512 0.240655 0.656798 0.253515 0.662513 0.258445 0.668610 0.259516 0.671277 0.254587 0.675088 0.253515 0.682708 0.255015 0.690710 0.258230 0.699093 0.262517 0.703666 0.264446 0.710143 0.266161 0.725385 0.263589 0.736435 0.260159 0.753963 0.256516 0.783684 0.255658 0.802355
6 0.295810 0.582334 0.289595 0.599169 0.284860 0.615478 0.280125 0.642835 0.278350 0.656513 0.273911 0.669139 0.267696 0.670718 0.256155 0.677557 0.254380 0.685448 0.258819 0.700705 0.265033 0.710175 0.267696 0.724905 0.265921 0.740162 0.261186 0.766993 0.258819 0.804346 0.254676 0.843277 0.256747 0.882207 0.254380 0.888521 0.252012 0.907460 0.251716 0.954809 0.252308 0.974800 0.252900 0.984796 0.258227 0.987426 0.258819 0.995844 0.262432 1.000000 0.270064 1.000000 0.284860 1.000000 0.294330 1.000000 0.297289 0.984796 0.297881 0.967435 0.301136 0.951126 0.318596 0.945865 0.347005 0.939026 0.379557 0.940604 0.414477 0.940078 0.441406 0.938500 0.461825 0.940604 0.466264 0.944813 0.478101 0.951126 0.482244 0.970065 0.486091 0.989005 0.491418 0.999000 0.493105 1.000000 0.510949 0.999000 0.519827 0.983744 0.522491 0.956387 0.526929 0.946391 0.531664 0.933239 0.531664 0.907986 0.528113 0.880629 0.529001 0.796454 0.525450 0.746475 0.523970 0.734375 0.517756 0.715962 0.521307 0.689131 0.520123 0.669665 0.509470 0.660722 0.498816 0.625473 0.490826 0.594960 0.480469 0.562342 0.456203 0.551294 0.439039 0.547085 0.407966 0.546559 0.404119 0.546033 0.396129 0.544455 0.394650 0.534459 0.387547 0.533933 0.385772 0.541298 0.384292 0.547612 0.358546 0.549190 0.331025 0.558660 0.315637 0.559712 0.301728 0.568129
6 0.530812 0.733078 0.530588 0.738665 0.530026 0.742257 0.527220 0.743255 0.525200 0.740860 0.523292 0.733477 0.523292 0.727490 0.523628 0.719907 0.523516 0.710528 0.523516 0.702147 0.524414 0.694564 0.523179 0.693566 0.521496 0.689176 0.522169 0.682990 0.524863 0.682192 0.526322 0.683788 0.526547 0.686981 0.528231 0.681194 0.529241 0.674409 0.532720 0.669420 0.537323 0.667625 0.544731 0.667026 0.549333 0.666826 0.554160 0.666826 0.559548 0.667625 0.565385 0.672613 0.567967 0.679199 0.570548 0.689176 0.572905 0.702347 0.574589 0.719309 0.573467 0.730883 0.572344 0.735073 0.572344 0.741858 0.568752 0.745251 0.563140 0.742058 0.562130 0.736071 0.558874 0.734475 0.552252 0.734076 0.544170 0.732479 0.537098 0.732479 0.532720 0.731681
8 0.565160 0.644875 0.565160 0.646073 0.563252 0.651461 0.562915 0.660640 0.562915 0.668622 0.566956 0.677403 0.569762 0.689575 0.572120 0.703145 0.572793 0.714919 0.574028 0.721703 0.578406 0.723898 0.580875 0.720307 0.581324 0.716515 0.587947 0.715717 0.593896 0.715717 0.594345 0.718710 0.597937 0.719508 0.598723 0.715318 0.600519 0.717712 0.601866 0.721703 0.606805 0.722302 0.609835 0.719309 0.608825 0.711526 0.608488 0.703544 0.608151 0.689176 0.610060 0.679199 0.612192 0.669221 0.613539 0.663633 0.612529 0.655452 0.612978 0.646073 0.610396 0.636893 0.603549 0.632104 0.594682 0.632304 0.586263 0.633102 0.580538 0.633900 0.575375 0.637093 0.568752 0.639687 0.566171 0.640884
8 0.550568 0.666627 0.549109 0.663434 0.549333 0.655851 0.549333 0.648867 0.549221 0.643479 0.548996 0.640086 0.550231 0.633501 0.552813 0.629709 0.555395 0.628512 0.559660 0.627514 0.565048 0.627514 0.572681 0.626317 0.576722 0.627913 0.579304 0.630907 0.578967 0.635097 0.575150 0.635896 0.568640 0.637692 0.565946 0.641084 0.564487 0.649465 0.563813 0.658246 0.563701 0.664432 0.562915 0.668223 0.559660 0.667425 0.556629 0.665230 0.552252 0.664033
8 0.668990 0.668223 0.668317 0.660241 0.667082 0.654654 0.665511 0.648268 0.664051 0.641882 0.660459 0.636893 0.654735 0.636494 0.646765 0.635496 0.639132 0.635696 0.633183 0.637891 0.625550 0.639887 0.620836 0.643678 0.616795 0.653456 0.613988 0.661638 0.610284 0.678600 0.608376 0.690972 0.606917 0.707735 0.608600 0.718111 0.610621 0.722502 0.611519 0.730883 0.614662 0.734475 0.617468 0.733477 0.618142 0.729486 0.618142 0.727490 0.621734 0.726094 0.622407 0.730683 0.624540 0.734874 0.627570 0.735073 0.629254 0.729486 0.629591 0.721105 0.630826 0.711327 0.630826 0.708533 0.630264 0.703544 0.630377 0.701748 0.627683 0.699553 0.626785 0.693367 0.628356 0.689974 0.631611 0.689575 0.633295 0.690972 0.635877 0.684587 0.639918 0.673611 0.644857 0.669620 0.650020 0.669420 0.656531 0.670219 0.657316 0.667824 0.657653 0.666427 0.660459 0.665230 0.663266 0.664232 0.665960 0.667026 0.667419 0.670418 0.668766 0.670418
6 0.684032 0.762013 0.683246 0.762213 0.683134 0.756027 0.682572 0.752634 0.682123 0.750439 0.680552 0.749042 0.679429 0.751636 0.675388 0.751237 0.671123 0.751636 0.661806 0.749042 0.657878 0.748044 0.655857 0.747446 0.653388 0.746448 0.650357 0.748044 0.644857 0.747446 0.641377 0.746847 0.639918 0.747246 0.639469 0.753632 0.637897 0.755029 0.636663 0.758222 0.634979 0.761614 0.630826 0.760616 0.628693 0.759618 0.628356 0.756226 0.628468 0.748643 0.628132 0.744452 0.628581 0.734874 0.628805 0.726692 0.628917 0.718511 0.629815 0.708533 0.629815 0.702546 0.627795 0.699753 0.626785 0.695163 0.628693 0.689974 0.630489 0.689775 0.632060 0.689775 0.633183 0.691970 0.634530 0.693167 0.635428 0.686582 0.638459 0.678999 0.642387 0.671616 0.648000 0.670418 0.653388 0.670817 0.656306 0.671616 0.657429 0.668822 0.657765 0.667625 0.658888 0.666826 0.660684 0.666427 0.663939 0.666028 0.665174 0.668423 0.666745 0.670418 0.671460 0.671017 0.674603 0.672214 0.677970 0.672813 0.680327 0.674609 0.682685 0.676205 0.683919 0.679997 0.685827 0.686782 0.687511 0.693966 0.688072 0.701349 0.688634 0.712125 0.687960 0.721105 0.686838 0.732679 0.685154 0.746847 0.684705 0.757423
8 0.997997 0.147436 0.921875 0.150285 0.877003 0.155983 0.813702 0.171652 0.800080 0.197293 0.786458 0.212963 0.779247 0.218661 0.770433 0.248575 0.743189 0.328348 0.715946 0.393875 0.697516 0.448006 0.685497 0.489316 0.689503 0.530627 0.683093 0.539174 0.677484 0.574786 0.676683 0.606125 0.680689 0.623219 0.687901 0.627493 0.689503 0.651709 0.688702 0.667379 0.691106 0.740028 0.691106 0.787037 0.694311 0.819801 0.700721 0.838319 0.710337 0.831197 0.725561 0.852564 0.739984 0.888177 0.734375 0.913818 0.751202 0.936610 0.760817 0.926638 0.788061 0.929487 0.856170 0.943732 0.933894 0.940883 1.000000 0.940883 1.000000 0.144587
