6 0.000499 0.629039 0.065880 0.658589 0.088043 0.687155 0.157303 0.796493 0.162289 0.787628 0.178358 0.796493 0.182236 0.798463 0.186115 0.820134 0.189993 0.825059 0.203291 0.841805 0.214373 0.855595 0.227117 0.875296 0.238198 0.905831 0.234320 0.950158 0.233766 0.994484 0.233766 0.996454 0.000000 0.997423 0.000000 0.634949
6 0.234867 0.995771 0.291872 0.998688 0.309219 1.000000 0.311147 0.987022 0.313197 0.985564 0.343955 0.974628 0.345595 0.985564 0.352977 0.995042 0.361590 0.995771 0.367331 0.986293 0.370202 0.967337 0.372252 0.946194 0.375123 0.922864 0.375123 0.897346 0.373073 0.870370 0.361179 0.857976 0.361179 0.852873 0.364460 0.842666 0.362000 0.831729 0.355438 0.824439 0.350107 0.824439 0.347236 0.827355 0.333702 0.792359 0.324270 0.777049 0.305405 0.765383 0.290231 0.765383 0.264805 0.761009 0.243889 0.765383 0.229536 0.765383 0.210671 0.766113 0.194677 0.770487 0.182374 0.776320 0.170891 0.781423 0.162689 0.787985 0.165149 0.790901 0.174582 0.787985 0.183194 0.798921 0.181964 0.814232 0.185244 0.825897 0.193857 0.830271 0.209441 0.843395 0.219283 0.862351 0.229126 0.877661 0.234457 0.898804 0.236918 0.928696 0.240198 0.960047 0.236508 0.978274
6 0.330208 0.791564 0.332523 0.784568 0.337153 0.782922 0.339931 0.781276 0.356366 0.780864 0.367477 0.779218 0.392014 0.780041 0.411227 0.781687 0.436921 0.792387 0.435301 0.798971 0.432523 0.805556 0.429514 0.815844 0.429051 0.822840 0.424884 0.825309 0.425579 0.831070 0.426968 0.844239 0.426736 0.911317 0.425347 0.928601 0.423495 0.966049 0.419560 0.969753 0.410301 0.966461 0.401736 0.961934 0.399190 0.949177 0.398495 0.938477 0.388773 0.933128 0.383449 0.934774 0.372569 0.933539 0.375347 0.924897 0.372569 0.905556 0.370949 0.883333 0.368866 0.873045 0.365856 0.864815 0.361227 0.853704 0.362847 0.848354 0.362384 0.834362 0.357986 0.826955 0.353588 0.828189 0.350810 0.836008 0.348727 0.835597 0.346875 0.828601 0.342940 0.817490 0.336458 0.804733
6 0.629798 0.998688 0.629388 0.979003 0.629798 0.954214 0.629388 0.930884 0.625697 0.907553 0.624877 0.884223 0.623237 0.845582 0.630208 0.843395 0.632669 0.833917 0.630208 0.822980 0.625697 0.816419 0.620366 0.816419 0.608063 0.755906 0.602731 0.718723 0.598630 0.710703 0.600271 0.705599 0.598630 0.696121 0.596580 0.696121 0.596990 0.675707 0.588378 0.666229 0.546957 0.670604 0.544086 0.654564 0.532193 0.646544 0.503896 0.644357 0.483801 0.647273 0.474779 0.652377 0.469857 0.663313 0.466576 0.676436 0.464936 0.690289 0.468627 0.692476 0.460835 0.697579 0.452223 0.715806 0.441970 0.761738 0.428847 0.825168 0.425156 0.884952 0.423515 0.957130 0.422289 1.000000
6 0.630460 0.954464 0.637002 0.957595 0.642286 0.955806 0.643795 0.945518 0.643292 0.935677 0.642537 0.929862 0.645305 0.924495 0.645808 0.915996 0.642537 0.890499 0.642537 0.874843 0.640273 0.856951 0.638511 0.841743 0.639266 0.837717 0.644802 0.839953 0.646815 0.835480 0.646563 0.824298 0.641531 0.822061 0.634989 0.817141 0.631466 0.804616 0.629957 0.791197 0.627944 0.779567 0.625679 0.767490 0.621402 0.760333 0.612344 0.761675 0.609576 0.762122 0.612596 0.785829 0.614860 0.798354 0.617125 0.812220 0.619389 0.817141 0.628950 0.828323 0.629957 0.835033 0.627189 0.838612 0.625931 0.848005 0.625176 0.866792 0.626686 0.883342 0.625428 0.900787 0.628699 0.924047 0.629202 0.943729
10 0.604167 0.725926 0.604167 0.735185 0.605729 0.737963 0.605729 0.738889 0.606250 0.739815 0.623958 0.739815 0.624479 0.738889 0.624479 0.725926
1 0.676463 0.766747 0.686052 0.748362 0.675899 0.727637 0.662737 0.747359
6 0.644531 0.902932 0.648003 0.902623 0.648003 0.897685 0.648698 0.892130 0.651649 0.883179 0.652691 0.874228 0.653038 0.865278 0.651823 0.854167 0.651649 0.850772 0.648872 0.847685 0.644705 0.843364 0.641406 0.839969 0.638455 0.840895 0.639323 0.852932 0.641059 0.862191 0.641927 0.871759 0.642969 0.887809 0.642101 0.898920
4 0.797735 0.850900 0.796275 0.839073 0.795788 0.826670 0.795950 0.817440 0.793516 0.812536 0.790920 0.808498 0.790271 0.800421 0.788000 0.794652 0.783132 0.794941 0.780861 0.801863 0.779563 0.809075 0.776155 0.811671 0.773884 0.820613 0.772586 0.830132 0.774370 0.841093 0.774695 0.848304 0.774857 0.854938 0.774370 0.861573 0.776967 0.864169 0.780212 0.865899 0.779238 0.867053 0.779400 0.873976 0.779238 0.884937 0.779400 0.898783 0.779725 0.905417 0.779076 0.911763 0.780374 0.915224 0.783619 0.915801 0.789785 0.917532 0.793354 0.916378 0.794490 0.911763 0.793030 0.906282 0.793030 0.898206 0.794490 0.867630 0.795788 0.867630 0.798222 0.869938 0.799520 0.867053 0.797897 0.859553 0.797410 0.855227
4 0.822049 0.865266 0.821782 0.888058 0.821514 0.902066 0.821381 0.910138 0.821247 0.913936 0.819378 0.917023 0.816173 0.916548 0.815772 0.913462 0.814837 0.907051 0.814971 0.879511 0.813101 0.879986 0.812834 0.892094 0.812834 0.903015 0.811765 0.911562 0.810564 0.916311 0.806691 0.915598 0.804821 0.912512 0.805622 0.909900 0.807492 0.904915 0.807492 0.895893 0.807759 0.876662 0.806958 0.873575 0.805489 0.871439 0.803753 0.867640 0.803619 0.862417 0.802818 0.854582 0.803218 0.848409 0.803486 0.842236 0.805088 0.835351 0.805889 0.830603 0.806958 0.826092 0.808694 0.823481 0.809095 0.819444 0.809896 0.815408 0.811765 0.811135 0.814704 0.810185 0.817909 0.812559 0.819645 0.817308 0.819645 0.821581 0.820179 0.827991 0.823518 0.831553 0.825654 0.834639 0.825654 0.841762 0.825788 0.847460 0.826589 0.852920 0.828860 0.857194 0.830729 0.860043 0.830996 0.864316 0.829260 0.867165 0.827257 0.866928 0.825387 0.865978
4 0.941375 0.953485 0.940145 0.946194 0.940350 0.939268 0.940555 0.933071 0.940145 0.916667 0.939120 0.900627 0.938710 0.890055 0.938300 0.871464 0.939735 0.872922 0.943836 0.867819 0.943426 0.856153 0.944451 0.840114 0.940350 0.821158 0.935224 0.806576 0.931328 0.801837 0.929482 0.786527 0.927842 0.779600 0.923126 0.776684 0.919435 0.777049 0.915744 0.785433 0.915744 0.794182 0.915744 0.801837 0.913283 0.804754 0.909592 0.810586 0.908772 0.817148 0.908772 0.834646 0.908362 0.844853 0.907132 0.853237 0.903031 0.852508 0.899955 0.858341 0.898314 0.867090 0.898314 0.875838 0.894829 0.881307 0.893393 0.888597 0.896264 0.891514 0.896674 0.897346 0.896879 0.907189 0.898725 0.912292 0.898109 0.929061 0.899545 0.941820 0.900775 0.952391 0.903236 0.951662 0.907952 0.949475 0.910002 0.941820 0.911233 0.932706 0.912668 0.919218 0.914309 0.907553 0.915539 0.902814 0.916564 0.902085 0.917794 0.914479 0.917179 0.926145 0.917384 0.935623 0.916769 0.940362 0.913898 0.948017 0.915744 0.950933 0.921690 0.948746 0.928252 0.949840 0.929482 0.942184 0.929072 0.931613 0.929072 0.923228 0.927842 0.908282 0.927842 0.901721 0.932148 0.915209 0.932148 0.929425 0.931533 0.943278 0.932558 0.950933 0.936864 0.955308
4 0.998675 0.792195 0.996391 0.784885 0.993878 0.784885 0.989309 0.784885 0.987025 0.780824 0.985883 0.771889 0.983598 0.764985 0.979486 0.754833 0.974689 0.753208 0.969892 0.757269 0.967379 0.769046 0.968522 0.777575 0.968978 0.782854 0.966694 0.785697 0.961897 0.790570 0.954815 0.807627 0.951389 0.823871 0.953902 0.839303 0.960069 0.853111 0.963039 0.857578 0.962354 0.870980 0.962354 0.884381 0.961212 0.898189 0.960983 0.909560 0.961668 0.932302 0.963724 0.933520 0.963724 0.942048 0.965095 0.961948 0.967836 0.963572 0.981086 0.962760 0.981999 0.956262 0.980629 0.949764 0.979943 0.942455 0.981086 0.931896 0.981542 0.921743 0.983370 0.909154 0.983370 0.898189 0.988167 0.909560 0.989309 0.931896 0.990680 0.953826 0.990908 0.962354 0.999817 0.961948
