6 0.617636 0.728821 0.625120 0.707535 0.631106 0.697957 0.639188 0.697424 0.662536 0.696360 0.682292 0.697424 0.689775 0.699021 0.695761 0.712324 0.702347 0.729885 0.706837 0.742124 0.709830 0.752767 0.710429 0.764474 0.712225 0.778310 0.712524 0.791081 0.713123 0.804385 0.713422 0.824606 0.711925 0.834185 0.705340 0.836845 0.699054 0.834717 0.698755 0.824606 0.698455 0.820881 0.692170 0.820881 0.687680 0.826735 0.654454 0.824606 0.641882 0.824074 0.631406 0.822478 0.626018 0.819817 0.627814 0.831524 0.625120 0.832588 0.620929 0.832056 0.617337 0.830992 0.617636 0.813963 0.617636 0.807046 0.616140 0.803321 0.616140 0.817156 0.614344 0.818753 0.610453 0.817688 0.608357 0.801192 0.609555 0.778310 0.610453 0.766071 0.611650 0.759153 0.614643 0.747978
4 0.779579 0.703966 0.774420 0.708333 0.771718 0.717068 0.769507 0.728861 0.768033 0.745458 0.767296 0.753756 0.770735 0.757687 0.772455 0.753319 0.770735 0.746331 0.772209 0.737596 0.774912 0.726240 0.775894 0.732792 0.775649 0.744584 0.774666 0.754630 0.774420 0.770790 0.774420 0.786950 0.774175 0.795248 0.770735 0.803110 0.774666 0.807041 0.776386 0.802673 0.779579 0.796558 0.778842 0.790444 0.780562 0.782145 0.782528 0.777778 0.783510 0.770353 0.786704 0.780835 0.784002 0.796122 0.783510 0.807041 0.787195 0.808788 0.790635 0.808788 0.789406 0.802673 0.787932 0.798742 0.789898 0.783019 0.794320 0.783892 0.794074 0.771663 0.792600 0.759434 0.790143 0.745894 0.790881 0.732792 0.790881 0.727551 0.792846 0.727551 0.795057 0.739780 0.793583 0.747205 0.794566 0.749825 0.796777 0.749825 0.796777 0.758560 0.800216 0.750699 0.798496 0.743711 0.795794 0.726677 0.794074 0.714448 0.790635 0.708333 0.787441 0.705713 0.787441 0.693047 0.784984 0.686495 0.780316 0.686495 0.777860 0.694794
6 0.487817 0.686576 0.494970 0.688166 0.503465 0.687371 0.511065 0.687371 0.512183 0.694921 0.513971 0.698100 0.515983 0.714394 0.517100 0.721149 0.517994 0.737045 0.517324 0.753338 0.514418 0.755722 0.509500 0.756915 0.509724 0.749364 0.501006 0.748569 0.498771 0.750556 0.496982 0.750159 0.490053 0.747377 0.490053 0.756517 0.485135 0.757312 0.482006 0.756120 0.482006 0.746582 0.480217 0.742608 0.481335 0.739429 0.481335 0.722341 0.482453 0.710420 0.484017 0.698895 0.483570 0.693729 0.485806 0.690153
6 0.047009 0.811755 0.083892 0.810563 0.093504 0.807781 0.095292 0.812550 0.102669 0.814934 0.115410 0.813344 0.120999 0.806986 0.139552 0.801423 0.154529 0.795064 0.157882 0.794667 0.161905 0.793475 0.161905 0.775592 0.161458 0.764863 0.160341 0.765260 0.159447 0.758107 0.157882 0.744993 0.159223 0.732276 0.159670 0.723534 0.160788 0.714791 0.163023 0.707638 0.166153 0.701280 0.167941 0.694127 0.165258 0.683397 0.155646 0.681807 0.146035 0.676244 0.141340 0.675449 0.138658 0.675449 0.121222 0.675052 0.104010 0.672667 0.085457 0.679026 0.076963 0.682205 0.073610 0.683397 0.067127 0.686973 0.056398 0.697306 0.049915 0.713599 0.045221 0.719957 0.046115 0.728302 0.045221 0.737840 0.046115 0.746185 0.048797 0.752146 0.049915 0.759696 0.049692 0.768439 0.047456 0.783143 0.046562 0.800230
4 0.161011 0.820100 0.161458 0.810960 0.161458 0.803410 0.161682 0.791885 0.161905 0.777579 0.161905 0.768042 0.158999 0.757312 0.158329 0.747775 0.158552 0.736648 0.159223 0.727110 0.159894 0.720752 0.160788 0.715188 0.164588 0.706048 0.167941 0.699690 0.167270 0.692140 0.167494 0.681410 0.171070 0.676641 0.176435 0.678231 0.178000 0.686576 0.177553 0.692934 0.177776 0.700485 0.183812 0.706843 0.187388 0.718368 0.187835 0.721944 0.188506 0.725521 0.190518 0.741019 0.189400 0.750159 0.185823 0.762478 0.184929 0.781156 0.185376 0.797449 0.186494 0.814537 0.186718 0.818908 0.184706 0.819703 0.182470 0.818908 0.179565 0.812947 0.178670 0.804204 0.178223 0.797051 0.177776 0.787514 0.176435 0.777976 0.173082 0.774400 0.171517 0.788706 0.170847 0.800628 0.168164 0.817716 0.163917 0.826458
6 0.186494 0.787911 0.196777 0.787514 0.199906 0.793077 0.204600 0.795462 0.207730 0.789103 0.213765 0.787911 0.217565 0.789501 0.223154 0.790296 0.229413 0.788309 0.230307 0.780361 0.242378 0.780361 0.243272 0.783143 0.247966 0.783540 0.253107 0.782348 0.258025 0.781156 0.260707 0.779963 0.260707 0.770426 0.261601 0.760889 0.262048 0.747775 0.261154 0.739032 0.259590 0.725918 0.256907 0.715983 0.253331 0.710022 0.251542 0.700882 0.247966 0.692934 0.242378 0.687768 0.242378 0.681410 0.236119 0.674654 0.228071 0.675449 0.223824 0.676244 0.216224 0.675449 0.205494 0.675846 0.199906 0.676244 0.194765 0.680218 0.194765 0.684589 0.193424 0.690153 0.187612 0.693332 0.183141 0.696908 0.179788 0.702472 0.184259 0.708035 0.187388 0.720354 0.188953 0.731481 0.189847 0.739429 0.189847 0.748569 0.187165 0.762081 0.185153 0.773605
6 0.256907 0.714791 0.262272 0.703267 0.264954 0.699293 0.266743 0.695716 0.271213 0.691345 0.275237 0.688563 0.282837 0.688563 0.292673 0.689755 0.308096 0.691742 0.313685 0.700485 0.315920 0.708433 0.320167 0.719957 0.322850 0.724328 0.324414 0.735058 0.324414 0.743403 0.324191 0.753735 0.323744 0.764465 0.320614 0.771221 0.316367 0.771618 0.311002 0.770426 0.307873 0.768042 0.305190 0.768042 0.303179 0.772016 0.300720 0.775990 0.293567 0.776784 0.289990 0.771221 0.279261 0.771618 0.277696 0.773605 0.276578 0.776784 0.274566 0.779566 0.266296 0.778374 0.265849 0.773605 0.259813 0.772016 0.261378 0.762478 0.261378 0.753735 0.261825 0.746980 0.261378 0.737045 0.259590 0.727905
6 0.315170 0.706586 0.325161 0.703966 0.335315 0.704257 0.341211 0.705422 0.346616 0.706004 0.350219 0.710372 0.353331 0.715030 0.354642 0.718233 0.357098 0.731918 0.357917 0.737159 0.358900 0.742692 0.359719 0.753465 0.359555 0.756668 0.358900 0.759580 0.354642 0.761035 0.353495 0.760744 0.349564 0.761618 0.346452 0.763074 0.340556 0.765403 0.337936 0.765694 0.333186 0.767150 0.327290 0.767732 0.323195 0.764529 0.324505 0.754921 0.324178 0.748515 0.324342 0.742109 0.324833 0.737451 0.324178 0.729007 0.322540 0.725804 0.319428 0.721436
6 0.351262 0.710213 0.359831 0.709224 0.365062 0.709619 0.368957 0.710015 0.372741 0.710411 0.373631 0.710411 0.377192 0.712785 0.378305 0.714566 0.381199 0.719907 0.382534 0.723667 0.384204 0.725843 0.385205 0.727623 0.385762 0.735933 0.385873 0.742066 0.385984 0.747210 0.384649 0.754729 0.381533 0.756905 0.377526 0.756509 0.375078 0.756311 0.373631 0.757498 0.369736 0.760070 0.365618 0.760466 0.362391 0.760664 0.360054 0.760268 0.358941 0.757301 0.359164 0.751365 0.359052 0.743649 0.358385 0.736329 0.357383 0.731185 0.356715 0.728019 0.355825 0.724656 0.353822 0.718127 0.352375 0.713774
6 0.545295 0.743832 0.545295 0.737480 0.545216 0.732258 0.545295 0.727882 0.546089 0.723648 0.547121 0.722095 0.547756 0.719837 0.548233 0.718002 0.548947 0.715602 0.553314 0.714473 0.557204 0.714050 0.560777 0.714897 0.562524 0.714897 0.564429 0.715179 0.565144 0.719131 0.566494 0.724212 0.567049 0.727035 0.567764 0.731129 0.568161 0.734798 0.568240 0.739033 0.568637 0.743973 0.568637 0.745808 0.566811 0.746373 0.565461 0.743126 0.565064 0.742562 0.561174 0.742562 0.556013 0.742844 0.550535 0.742985 0.549821 0.742703 0.549741 0.743550 0.548630 0.743408 0.548471 0.745526 0.547042 0.745949
8 0.581102 0.735645 0.581182 0.721107 0.581420 0.709674 0.581261 0.703464 0.579117 0.706146 0.579117 0.703605 0.579276 0.700923 0.579911 0.697253 0.580308 0.694148 0.581579 0.690619 0.582690 0.689208 0.584199 0.687938 0.586263 0.687232 0.588407 0.686667 0.597061 0.686103 0.602539 0.685397 0.605556 0.685256 0.607541 0.687655 0.608256 0.697959 0.608017 0.709533 0.607938 0.721672 0.608335 0.728447 0.607938 0.735786 0.606271 0.741150 0.604921 0.743126 0.601904 0.742279 0.600554 0.740303 0.600475 0.736351 0.596426 0.735786 0.590550 0.735786 0.589042 0.736069 0.588883 0.739174 0.588169 0.741150 0.585469 0.741715 0.582611 0.741856 0.581023 0.741574 0.580944 0.734234
6 0.815309 0.745006 0.815309 0.739180 0.818703 0.733770 0.827013 0.733354 0.830056 0.731481 0.832631 0.728360 0.836376 0.725239 0.845037 0.723159 0.851007 0.723159 0.858263 0.727112 0.861891 0.730025 0.864466 0.731898 0.871372 0.737724 0.872776 0.738348 0.881320 0.741053 0.882959 0.745839 0.883661 0.752289 0.882257 0.759571 0.880150 0.764565 0.874415 0.766646 0.873127 0.762276 0.870318 0.758531 0.870084 0.759988 0.869148 0.762692 0.864115 0.764981 0.862594 0.760820 0.860019 0.758323 0.858380 0.754786 0.858497 0.749168 0.824321 0.748543 0.818703 0.748543
6 0.389996 0.725335 0.391343 0.729326 0.392511 0.739224 0.392690 0.744812 0.393229 0.750239 0.399964 0.748643 0.404544 0.743215 0.403376 0.736989 0.404454 0.731721 0.404813 0.727091 0.403556 0.722941 0.403197 0.720067 0.403376 0.718151 0.404813 0.714639 0.406340 0.713522 0.407058 0.713202 0.407956 0.710169 0.407687 0.705540 0.408854 0.703145 0.410920 0.702985 0.411458 0.705220 0.412356 0.708413 0.413434 0.711127 0.414242 0.713522 0.416038 0.717193 0.416487 0.720546 0.415769 0.724697 0.414871 0.729167 0.415050 0.735073 0.415948 0.740501 0.416397 0.744333 0.420259 0.746568 0.422593 0.746408 0.425377 0.745450 0.425826 0.742896 0.431124 0.744492 0.432471 0.741140 0.433818 0.735552 0.433190 0.728528 0.430675 0.720865 0.428430 0.715278 0.424749 0.711287 0.420618 0.709850 0.415589 0.709850 0.412626 0.709690 0.409124 0.709052 0.403376 0.708732 0.400503 0.709052 0.398168 0.710169 0.395923 0.711287 0.394756 0.714480 0.393588 0.718151 0.391074 0.722941
