6 0.875397 0.997881 0.878928 0.979049 0.876280 0.954724 0.876280 0.918628 0.872308 0.886456 0.862597 0.869193 0.847149 0.851930 0.831259 0.833098 0.822431 0.804065 0.811838 0.789940 0.793741 0.779739 0.774762 0.777385 0.746954 0.774247 0.717823 0.775816 0.690016 0.776601 0.679423 0.787586 0.670595 0.806419 0.658236 0.831529 0.655588 0.829959 0.646760 0.832313 0.639257 0.835452 0.635284 0.846438 0.641905 0.863701 0.653381 0.863701 0.650733 0.869978 0.646319 0.878610 0.640581 0.895088 0.641022 0.922552 0.644112 0.949231 0.638374 0.986896 0.643229 0.998666 0.658236 0.999451 0.662209 0.991604 0.672666 1.000000
6 0.599923 0.801000 0.598759 0.806325 0.598093 0.812241 0.596096 0.822299 0.595098 0.835315 0.595098 0.847740 0.597427 0.856023 0.600090 0.854840 0.600090 0.850698 0.609075 0.851290 0.615565 0.851881 0.618228 0.851290 0.620058 0.856615 0.622554 0.856910 0.624551 0.851290 0.624884 0.841232 0.624218 0.823778 0.623552 0.814312 0.622055 0.803071 0.618061 0.800704 0.617895 0.796563 0.616896 0.795971 0.610739 0.792125 0.602586 0.791534
6 0.585243 0.839339 0.585130 0.844762 0.583435 0.846569 0.581740 0.844561 0.580724 0.834920 0.581853 0.825882 0.582418 0.817446 0.584339 0.811420 0.586485 0.809412 0.591908 0.808408 0.595298 0.808609 0.596767 0.809814 0.597105 0.811621 0.596315 0.819856 0.595637 0.829095 0.594733 0.839540 0.594620 0.841548 0.592021 0.840745 0.587728 0.840745
8 0.630321 0.842552 0.630660 0.847775 0.627723 0.847775 0.624446 0.844762 0.624333 0.833112 0.623656 0.825681 0.623656 0.817446 0.623091 0.810014 0.623204 0.805997 0.625124 0.799369 0.626367 0.794147 0.628401 0.791536 0.633259 0.789327 0.638908 0.789126 0.645122 0.790934 0.648624 0.794951 0.651335 0.804591 0.651561 0.814634 0.651335 0.826083 0.650996 0.831506 0.647155 0.832108 0.640715 0.833916 0.638343 0.837129 0.636874 0.842151 0.634389 0.844561 0.628401 0.842151
4 0.559935 0.841347 0.559032 0.835723 0.558580 0.829497 0.558467 0.818450 0.557224 0.814031 0.555981 0.812023 0.554625 0.811822 0.554399 0.810818 0.553722 0.809010 0.551801 0.808809 0.550897 0.812425 0.550445 0.818651 0.549993 0.824476 0.551349 0.831506 0.551010 0.834518 0.552931 0.837129 0.554286 0.832510 0.554173 0.837129 0.556207 0.842151 0.556772 0.839540 0.556659 0.835924 0.556659 0.833715 0.558015 0.839138 0.558693 0.840745
4 0.490566 0.836728 0.491357 0.840544 0.492487 0.844159 0.492939 0.846770 0.491470 0.847373 0.490340 0.843758 0.489211 0.838134 0.488420 0.837732 0.487403 0.842954 0.487403 0.845766 0.485821 0.846770 0.485369 0.842954 0.486612 0.836728 0.486725 0.829899 0.486047 0.825480 0.485482 0.826484 0.484578 0.823070 0.485256 0.821664 0.486386 0.820258 0.487290 0.818651 0.487968 0.816241 0.488420 0.813831 0.490453 0.812826 0.491583 0.818049 0.491131 0.822266 0.490792 0.827689 0.491470 0.835322
4 0.482536 0.813338 0.481382 0.814979 0.480074 0.818398 0.479305 0.821817 0.478690 0.825237 0.478228 0.828793 0.478997 0.831528 0.483690 0.832212 0.485229 0.832485 0.486075 0.829203 0.485537 0.826878 0.484075 0.822228 0.484998 0.819903 0.486845 0.817578 0.487999 0.814569 0.487922 0.812244 0.484690 0.812244
6 0.497769 0.835358 0.499461 0.835494 0.500769 0.836588 0.503000 0.837956 0.504308 0.836725 0.504924 0.835221 0.504077 0.828929 0.502770 0.822228 0.501923 0.817714 0.500462 0.814979 0.497461 0.814158 0.494076 0.814432 0.492384 0.816347 0.491999 0.819082 0.491460 0.823048 0.491076 0.827698 0.490845 0.831254 0.491230 0.834537 0.492230 0.836725 0.493384 0.836452 0.494230 0.835084
6 0.170498 0.845342 0.171806 0.846983 0.176191 0.849171 0.179114 0.845752 0.182115 0.843427 0.184423 0.843153 0.186192 0.843153 0.189193 0.847256 0.191500 0.848214 0.193039 0.843700 0.194193 0.839871 0.195886 0.833853 0.194962 0.827972 0.192578 0.821681 0.190347 0.816210 0.184038 0.814158 0.179037 0.813885 0.174421 0.813201 0.173498 0.817030 0.172960 0.824416 0.168498 0.824963 0.163728 0.825373 0.160727 0.828246 0.160343 0.833990 0.159958 0.841239 0.161881 0.845889 0.167344 0.847256
7 0.100542 0.796738 0.096485 0.802787 0.094130 0.806742 0.088895 0.811860 0.088502 0.817676 0.088110 0.828145 0.088110 0.840476 0.087717 0.848618 0.088633 0.855830 0.090989 0.856761 0.093344 0.855132 0.094653 0.851642 0.095700 0.849316 0.101458 0.848153 0.107477 0.850014 0.110356 0.853504 0.114413 0.857459 0.119648 0.856295 0.121742 0.848618 0.129332 0.846757 0.135875 0.845594 0.145035 0.843733 0.146344 0.844430 0.150008 0.852806 0.156551 0.853271 0.160084 0.849781 0.161524 0.836055 0.161524 0.829774 0.163356 0.826052 0.169245 0.822795 0.174610 0.820003 0.176050 0.808603 0.174872 0.765564 0.129332 0.762540 0.128023 0.771380 0.127238 0.779755 0.125406 0.783012 0.120695 0.781849 0.111796 0.781384 0.106431 0.781151 0.101589 0.781384 0.100149 0.790922 0.100018 0.799065
4 0.012416 0.868579 0.011951 0.861690 0.013036 0.853698 0.013501 0.843502 0.013656 0.835510 0.013966 0.829999 0.011951 0.825314 0.011021 0.818700 0.007146 0.822558 0.003426 0.827519 0.002031 0.831928 0.001411 0.834408 0.001876 0.844604 0.001256 0.848462 0.005131 0.855076 0.005441 0.858659 0.007146 0.864446 0.011486 0.872437 0.013346 0.871059
