9 0.555491 0.357217 0.557438 0.372793 0.586643 0.366736 0.586157 0.352025
4 0.127976 0.998866 0.122662 0.953515 0.100340 0.893046 0.091837 0.842026 0.091837 0.798564 0.087585 0.745654 0.084396 0.694633 0.100340 0.717309 0.119473 0.734316 0.149235 0.760771 0.165179 0.764550 0.180060 0.745654 0.171556 0.730537 0.159864 0.719199 0.142857 0.679516 0.121599 0.653061 0.097151 0.617158 0.087585 0.594482 0.086522 0.554800 0.079082 0.505669 0.063138 0.475435 0.037628 0.462207 0.005740 0.475435 0.000000 0.500945 0.000000 1.000000
5 0.181166 0.737321 0.183512 0.734818 0.191488 0.736486 0.192427 0.745662 0.184919 0.747331 0.179758 0.751502 0.173189 0.759009 0.166620 0.768185 0.160051 0.781532 0.153951 0.791542 0.147851 0.805722 0.146443 0.814898 0.156297 0.815732 0.169904 0.820737 0.177412 0.824908 0.176473 0.834084 0.168966 0.834918 0.163804 0.838255 0.155828 0.839923 0.147851 0.834918 0.145036 0.848265 0.143159 0.852436 0.146913 0.893310 0.147382 0.919169 0.151136 0.949199 0.154420 0.973390 0.155828 0.997581 0.151405 1.000000 0.149259 0.988405 0.149728 0.963380 0.140343 0.925843 0.136120 0.908325 0.126736 0.922506 0.121105 0.934184 0.115006 0.925843 0.107498 0.904154 0.098583 0.873290 0.095298 0.841592 0.092483 0.823240 0.094360 0.805722 0.094829 0.787371 0.092483 0.767351 0.107498 0.781532 0.114067 0.788205 0.124390 0.788205 0.128613 0.779029 0.124859 0.757341 0.122044 0.737321 0.129551 0.743160 0.138936 0.755672 0.148320 0.758175 0.160989 0.762346 0.167558 0.757341 0.175066 0.745662
6 0.152842 0.677356 0.146331 0.693015 0.138289 0.678717 0.145182 0.667824 0.155905 0.656931 0.175437 0.647399 0.194202 0.648761 0.217946 0.648761 0.254328 0.648080 0.275391 0.650123 0.271944 0.669867 0.261987 0.698461 0.252796 0.735226 0.245136 0.750885 0.237860 0.767225 0.226371 0.796501 0.221009 0.831904 0.219095 0.857094 0.215265 0.882285 0.210286 0.905433 0.201095 0.910880 0.191138 0.904752 0.192670 0.877519 0.190755 0.835989 0.185011 0.799905 0.171990 0.772672 0.168543 0.773352 0.177734 0.755651 0.191138 0.743396 0.196117 0.739311 0.191138 0.734545 0.183862 0.735226 0.178883 0.735226 0.173905 0.733864 0.168926 0.725014 0.159735 0.717525 0.149778 0.700504 0.155139 0.689611
6 0.302198 0.592933 0.281901 0.636506 0.263902 0.693015 0.234030 0.768587 0.221775 0.835308 0.209138 0.919730 0.206894 1.000000 0.627242 0.996953 0.618671 0.932489 0.598233 0.800047 0.596915 0.767229 0.596915 0.760197 0.596915 0.743788 0.577795 0.702766 0.532305 0.577356 0.427479 0.570323 0.422205 0.562119 0.422864 0.549226 0.416930 0.549226 0.414953 0.562119 0.412975 0.567979
4 0.599854 0.638594 0.594546 0.642722 0.590234 0.645081 0.587911 0.662184 0.584926 0.679877 0.582935 0.704058 0.585589 0.725879 0.586584 0.731776 0.587911 0.735315 0.592556 0.737674 0.595541 0.757726 0.600849 0.761854 0.604498 0.749469 0.600518 0.737084 0.600518 0.713494 0.605494 0.700519 0.618100 0.693442 0.629711 0.693442 0.638999 0.701699 0.644639 0.708186 0.643644 0.687544 0.640990 0.659236 0.633360 0.640363 0.625066 0.633876 0.623408 0.625029 0.620754 0.604978 0.620090 0.589644 0.614782 0.580797 0.602508 0.579618 0.592224 0.587874 0.590234 0.609106 0.591561 0.621491 0.595873 0.625619
4 0.603503 0.576669 0.594214 0.575490 0.589238 0.575490 0.583599 0.579618 0.578291 0.585515 0.575969 0.602029 0.579286 0.621491 0.583930 0.636235 0.578623 0.643902 0.571324 0.649210 0.569002 0.665723 0.573315 0.685775 0.579618 0.702878 0.580945 0.705827 0.583267 0.694032 0.583599 0.678108 0.587248 0.650979 0.595210 0.643902 0.599191 0.634466 0.592887 0.625029 0.590234 0.615593 0.589902 0.597900 0.595210 0.583156
5 0.619127 0.925860 0.621712 0.926517 0.628731 0.929144 0.634641 0.926517 0.634641 0.908786 0.630947 0.887773 0.639812 0.861505 0.642767 0.849685 0.646092 0.847058 0.642398 0.832611 0.642398 0.810284 0.646831 0.788613 0.644245 0.770226 0.642398 0.755122 0.646831 0.743958 0.648308 0.725571 0.645353 0.713751 0.637227 0.700617 0.623559 0.699961 0.611739 0.700617 0.606198 0.705871 0.599919 0.733452 0.603243 0.748555 0.600658 0.770226 0.598072 0.777449 0.604351 0.814224 0.609153 0.832611 0.611739 0.858878 0.616172 0.909443
8 0.671579 0.831954 0.667147 0.867415 0.657912 0.873982 0.648308 0.865445 0.646831 0.860192 0.643137 0.845088 0.640551 0.813567 0.646092 0.785330 0.646461 0.766286 0.648678 0.738705 0.650155 0.714408 0.644614 0.695364 0.642767 0.669753 0.638335 0.649396 0.633902 0.633635 0.626514 0.630352 0.625406 0.606711 0.618019 0.583071 0.610262 0.571250 0.601396 0.571250 0.588837 0.571250 0.585143 0.574534 0.579972 0.580444 0.577756 0.583071 0.577756 0.576504 0.577756 0.569280 0.574431 0.574534 0.569999 0.577817 0.563719 0.576504 0.562611 0.565340 0.566674 0.560743 0.574801 0.560743 0.578125 0.563370 0.579233 0.553520 0.582558 0.531193 0.590684 0.510179 0.609153 0.489165 0.641659 0.455017 0.685247 0.407079 0.693373 0.397885 0.716275 0.390005 0.750628 0.380812 0.811946 0.373588 0.853317 0.379498 0.865137 0.385408 0.883607 0.406422 0.889517 0.454360 0.900598 0.516745 0.896166 0.517402 0.879174 0.512805 0.869570 0.525939 0.875111 0.545640 0.888409 0.546953 0.889147 0.554833 0.861444 0.661873 0.847038 0.730825 0.847407 0.770226 0.848515 0.805687 0.845191 0.814880 0.838911 0.817507 0.841866 0.847715 0.840019 0.860848 0.837064 0.870042 0.827829 0.879236 0.817117 0.881862 0.796432 0.881206 0.784981 0.866102 0.777962 0.835894 0.774638 0.826701 0.758016 0.833268 0.736222 0.837208 0.717753 0.835238 0.709626 0.834581 0.698914 0.833268 0.688202 0.836551 0.678967 0.833268
8 0.998393 0.333530 0.991744 0.340426 0.973460 0.369976 0.944648 0.414303 0.921376 0.454689 0.913619 0.486210 0.904754 0.505910 0.896443 0.517730 0.879266 0.514775 0.869293 0.529551 0.872617 0.545311 0.887578 0.553191 0.872617 0.613278 0.847684 0.710796 0.847684 0.787628 0.851562 0.885146 0.857657 0.944247 0.874834 0.978723 0.896997 0.987589 0.904851 1.000000 1.000000 1.000000
