6 0.027808 0.522882 0.038284 0.522882 0.051754 0.524479 0.062829 0.525011 0.066421 0.528203 0.070612 0.533525 0.073605 0.538846 0.077496 0.538846 0.082585 0.538846 0.091864 0.542039 0.102640 0.546296 0.112219 0.550021 0.115212 0.552682 0.118205 0.558536 0.121498 0.571307 0.119403 0.580885 0.118505 0.586207 0.122695 0.591528 0.125988 0.595785 0.134968 0.608025 0.140356 0.614410 0.149036 0.628778 0.158615 0.648467 0.167595 0.663367 0.167595 0.656982 0.169989 0.655917 0.173282 0.656450 0.181663 0.663367 0.185255 0.669221 0.185554 0.677203 0.181663 0.683057 0.187051 0.686249 0.193038 0.693167 0.197228 0.701682 0.202915 0.708067 0.206807 0.718178 0.208902 0.730417 0.209501 0.749042 0.210099 0.769796 0.208902 0.792678 0.206807 0.807046 0.205609 0.817156 0.203514 0.832056 0.201419 0.849617 0.195732 0.859195 0.187051 0.865049 0.175377 0.865581 0.171187 0.853874 0.167295 0.840038 0.164003 0.831524 0.159213 0.831524 0.108028 0.858131 0.104735 0.890592 0.100545 0.904427 0.093062 0.915070 0.084082 0.920392 0.076000 0.916667 0.066421 0.903363 0.062829 0.892720 0.057142 0.885270 0.045767 0.879417 0.038883 0.879949 0.029005 0.879949 0.027508 0.879949 0.000000 0.882751 0.000000 0.520944
6 0.306416 0.758727 0.305033 0.758317 0.297198 0.758317 0.288210 0.759546 0.286827 0.759546 0.285675 0.764872 0.283601 0.768150 0.276917 0.766511 0.273921 0.762414 0.268160 0.762004 0.265625 0.762414 0.264473 0.771018 0.261246 0.777983 0.258942 0.779621 0.252950 0.777573 0.248341 0.769789 0.247419 0.760365 0.247188 0.755859 0.244884 0.743568 0.244884 0.730867 0.247188 0.723902 0.247188 0.717347 0.247188 0.709153 0.248802 0.700959 0.252258 0.697271 0.255254 0.691945 0.257559 0.684161 0.258942 0.679245 0.261938 0.671460 0.265625 0.665724 0.273921 0.658350 0.278531 0.659169 0.282448 0.658350 0.289362 0.659169 0.298119 0.657940 0.308029 0.656301 0.317478 0.657530 0.316787 0.665315 0.314943 0.675147 0.312177 0.691945 0.311256 0.709153 0.309873 0.722673 0.308260 0.738651 0.308029 0.753401
6 0.329508 0.808160 0.329780 0.821181 0.328695 0.829379 0.325168 0.837577 0.316216 0.840953 0.311334 0.831790 0.308621 0.807195 0.308892 0.794174 0.309435 0.773920 0.307807 0.757041 0.307807 0.734375 0.309977 0.716532 0.312690 0.692419 0.317030 0.664931 0.320557 0.643711 0.324626 0.632137 0.334663 0.627797 0.346598 0.625868 0.362874 0.625868 0.366130 0.625868 0.382948 0.624904 0.404650 0.624904 0.414958 0.628279 0.424995 0.631655 0.433675 0.647569 0.438287 0.666860 0.439643 0.684221 0.441813 0.688561 0.445068 0.682774 0.451579 0.681809 0.455648 0.684703 0.455105 0.692901 0.454020 0.697724 0.449680 0.701582 0.446425 0.701582 0.443983 0.701100 0.446696 0.707851 0.448324 0.719425 0.449409 0.731481 0.448595 0.748360 0.448595 0.755112 0.448324 0.762828 0.447510 0.782118 0.448052 0.795139 0.446425 0.807195 0.442627 0.811535 0.438829 0.811535 0.439372 0.826485 0.437473 0.831790 0.430962 0.835648 0.427979 0.835166 0.425266 0.832272 0.422824 0.824556 0.419298 0.815394 0.417128 0.805748 0.413330 0.803819 0.401937 0.804784 0.390544 0.800926 0.385932 0.806713 0.384576 0.813465 0.382677 0.822627 0.372640 0.821181 0.367215 0.814429 0.362603 0.804302 0.353923 0.805266 0.350939 0.812982 0.344428 0.813465 0.335205 0.811053
6 0.434621 0.648670 0.443240 0.650300 0.446908 0.650300 0.451860 0.651278 0.454060 0.651604 0.459379 0.654212 0.461213 0.657473 0.462680 0.661059 0.465981 0.669210 0.468915 0.677360 0.468915 0.679317 0.470199 0.677686 0.472583 0.676708 0.473867 0.677360 0.475884 0.676382 0.475884 0.683881 0.475150 0.688445 0.472766 0.691054 0.472766 0.698226 0.473133 0.701487 0.473867 0.704095 0.475884 0.722679 0.473867 0.730503 0.474600 0.745501 0.474600 0.754630 0.472216 0.758868 0.470566 0.762780 0.469282 0.768323 0.465431 0.769301 0.457912 0.765389 0.457545 0.756912 0.451860 0.753652 0.450209 0.749413 0.449292 0.743219 0.449292 0.726265 0.449292 0.718766 0.446908 0.707681 0.445441 0.702791 0.452410 0.702465 0.455344 0.696922 0.456261 0.689424 0.455894 0.683555 0.452593 0.681925 0.448008 0.680295 0.442323 0.685837 0.441406 0.681925 0.441590 0.675730 0.439939 0.671166 0.438472 0.659429 0.436271 0.650952
5 0.504676 0.787885 0.503943 0.795057 0.504310 0.802882 0.502843 0.807447 0.498625 0.809403 0.494407 0.807447 0.493306 0.798970 0.492756 0.790819 0.487254 0.786907 0.485237 0.782668 0.488538 0.776474 0.488355 0.769953 0.488171 0.761150 0.486154 0.749413 0.485971 0.732460 0.487804 0.728547 0.488171 0.722679 0.489088 0.715506 0.492573 0.711268 0.496607 0.707029 0.501559 0.706051 0.504860 0.708333 0.507427 0.710616 0.508895 0.714528 0.509811 0.719418 0.509261 0.727243 0.509261 0.732134 0.510728 0.734090 0.509261 0.738328 0.508711 0.743219 0.510362 0.746479 0.513113 0.746153 0.516780 0.749413 0.517147 0.751043 0.517697 0.760824 0.517331 0.770279 0.516597 0.773213 0.513113 0.780060 0.508711 0.782994 0.507244 0.784950 0.509261 0.788211 0.508344 0.789515
4 0.485054 0.770931 0.485054 0.774844 0.484137 0.779408 0.480836 0.781364 0.476067 0.778430 0.478085 0.770279 0.479919 0.765063 0.480102 0.761150 0.480102 0.750717 0.480469 0.738980 0.481019 0.730503 0.480285 0.720722 0.482669 0.713550 0.484503 0.708333 0.481386 0.708985 0.477718 0.708333 0.473683 0.703443 0.472216 0.698552 0.472216 0.694314 0.472216 0.693336 0.472950 0.685511 0.474417 0.678339 0.477351 0.674100 0.480285 0.663667 0.483220 0.658451 0.486154 0.656168 0.488721 0.652908 0.487071 0.648670 0.487438 0.640845 0.487804 0.633020 0.490189 0.626826 0.492939 0.623239 0.498441 0.622261 0.502109 0.624544 0.503760 0.631390 0.505043 0.637911 0.504860 0.645736 0.504493 0.651604 0.508711 0.655516 0.511095 0.660081 0.513663 0.666275 0.515863 0.674752 0.517331 0.679643 0.517697 0.685837 0.516230 0.688119 0.512562 0.686163 0.510178 0.680295 0.509261 0.680295 0.511279 0.696922 0.511829 0.706051 0.513663 0.715180 0.515130 0.726265 0.515497 0.734742 0.516414 0.741588 0.515680 0.746153 0.513663 0.745827 0.511645 0.744849 0.510362 0.743219 0.509995 0.741588 0.508711 0.729199 0.509078 0.727243 0.509445 0.720396 0.507061 0.710942 0.505777 0.707029 0.501009 0.705073 0.495324 0.705073 0.490189 0.710942 0.487988 0.717462 0.486337 0.724635 0.486887 0.729525 0.485604 0.736046 0.485971 0.747457 0.485604 0.759520
6 0.511095 0.653560 0.513296 0.652908 0.517514 0.652256 0.523016 0.652256 0.526133 0.652908 0.536953 0.652908 0.539888 0.652908 0.545023 0.653234 0.551992 0.654212 0.554376 0.656168 0.556760 0.659429 0.559694 0.668884 0.562078 0.675730 0.563545 0.683229 0.565746 0.695292 0.567763 0.709311 0.568314 0.719092 0.565929 0.728221 0.565379 0.738654 0.565012 0.746153 0.561161 0.748435 0.554926 0.747131 0.552725 0.743545 0.551441 0.739958 0.551808 0.736372 0.550158 0.732786 0.543739 0.733112 0.540988 0.733112 0.533286 0.733764 0.527784 0.733438 0.522466 0.733764 0.516964 0.732786 0.516964 0.730829 0.515863 0.723983 0.514946 0.720070 0.514396 0.715180 0.514213 0.709311 0.513296 0.701813 0.513846 0.696270 0.510362 0.686163 0.515130 0.692032 0.517697 0.689424 0.519348 0.684533 0.519715 0.680947 0.518981 0.678991 0.517881 0.676056 0.516780 0.667254 0.515313 0.663667 0.512012 0.658125
6 0.602424 0.760824 0.602424 0.767671 0.600224 0.773865 0.597289 0.777452 0.591238 0.776148 0.589954 0.767345 0.589587 0.756586 0.588120 0.754630 0.586836 0.757890 0.585552 0.761802 0.585186 0.767671 0.582251 0.769301 0.580417 0.768323 0.579134 0.768323 0.577667 0.765389 0.576566 0.761150 0.576199 0.748435 0.576199 0.737024 0.577116 0.729199 0.577300 0.724309 0.577300 0.715506 0.577667 0.707355 0.579867 0.701161 0.580968 0.697574 0.580968 0.695944 0.578583 0.695944 0.576933 0.695292 0.576383 0.691054 0.576750 0.685511 0.580234 0.682903 0.583168 0.682903 0.586469 0.685185 0.593255 0.664319 0.594355 0.659755 0.596006 0.659429 0.598940 0.657799 0.600957 0.657799 0.604625 0.657147 0.611777 0.654212 0.614528 0.653886 0.616362 0.652908 0.616729 0.651278 0.618380 0.648018 0.620030 0.647040 0.622781 0.647040 0.624798 0.647040 0.628283 0.650626 0.629016 0.652908 0.632501 0.653560 0.641120 0.652582 0.642221 0.652582 0.649006 0.652582 0.655792 0.655190 0.660193 0.663993 0.663494 0.674426 0.668629 0.689750 0.676882 0.695618 0.678899 0.701813 0.680549 0.710290 0.680549 0.721049 0.681833 0.734742 0.682017 0.739958 0.679266 0.746805 0.677615 0.752673 0.675965 0.757890 0.675965 0.765389 0.675965 0.770605 0.674864 0.777778 0.672297 0.782668 0.666245 0.781690 0.661477 0.775170 0.661477 0.766693 0.658909 0.761476 0.653774 0.761476 0.653591 0.765389 0.652307 0.769301 0.646439 0.768323 0.643321 0.767019 0.641854 0.765063 0.640937 0.761150 0.634335 0.758868 0.623331 0.759194 0.621130 0.758542
6 0.673838 0.649087 0.686066 0.648551 0.687274 0.647746 0.689085 0.648282 0.700106 0.648819 0.701766 0.649087 0.704937 0.652845 0.706295 0.657139 0.708409 0.663043 0.709617 0.669216 0.709617 0.670558 0.711579 0.670827 0.714749 0.674852 0.715051 0.677268 0.713089 0.679415 0.714749 0.686125 0.714900 0.690150 0.714146 0.698739 0.713693 0.702228 0.713693 0.705180 0.713693 0.708669 0.713542 0.712158 0.713089 0.716452 0.712334 0.722893 0.711579 0.725309 0.710371 0.726114 0.710220 0.727992 0.709918 0.730408 0.707050 0.733360 0.704333 0.734165 0.701615 0.734434 0.701011 0.729871 0.700257 0.725845 0.697992 0.722625 0.694520 0.723162 0.690444 0.721820 0.687575 0.722356 0.685764 0.722893 0.685009 0.727187 0.682594 0.728261 0.680480 0.725845 0.680480 0.719941 0.680480 0.715915 0.680480 0.712963 0.679725 0.706253 0.678518 0.700081 0.677914 0.697665 0.677008 0.696592 0.674894 0.694176 0.674139 0.693371
4 0.748216 0.697853 0.747908 0.699493 0.748011 0.703139 0.747601 0.706784 0.747293 0.710247 0.746883 0.713893 0.745345 0.715715 0.744012 0.713346 0.744935 0.709518 0.745038 0.704050 0.745038 0.702227 0.744935 0.699311 0.745550 0.695483 0.744935 0.693661 0.743192 0.696395 0.743090 0.699858 0.743807 0.705326 0.744218 0.708242 0.743397 0.712252 0.742167 0.714804 0.741142 0.714622 0.740629 0.710429 0.740629 0.702774 0.740527 0.697853 0.739706 0.693661 0.739501 0.686917 0.740322 0.681813 0.739809 0.681631 0.736938 0.683454 0.737246 0.681084 0.737553 0.679261 0.738374 0.673793 0.738886 0.670148 0.739604 0.665591 0.741552 0.664133 0.742475 0.661946 0.742577 0.659941 0.743192 0.657754 0.745345 0.656113 0.747396 0.657754 0.747703 0.661399 0.749036 0.663951 0.750267 0.667596 0.750882 0.672517 0.751087 0.675616 0.751702 0.681266 0.751907 0.686917 0.751292 0.687464 0.752010 0.690562 0.750984 0.694390 0.749959 0.696030
6 0.765543 0.708242 0.765851 0.712070 0.765133 0.714075 0.762467 0.714439 0.761237 0.710976 0.760314 0.707513 0.759904 0.709518 0.760417 0.714075 0.758674 0.715897 0.757033 0.715351 0.756008 0.714075 0.754675 0.706055 0.753650 0.696759 0.753855 0.680902 0.754675 0.663040 0.756623 0.649552 0.759391 0.648458 0.765440 0.648093 0.766978 0.648093 0.770567 0.648640 0.775385 0.647911 0.777333 0.648276 0.780512 0.648823 0.784100 0.649369 0.786971 0.651557 0.789842 0.657025 0.790457 0.664680 0.791790 0.670695 0.793328 0.672700 0.795173 0.670148 0.797121 0.670330 0.798454 0.673793 0.797941 0.676345 0.796813 0.677439 0.794968 0.678350 0.794148 0.682360 0.794660 0.686188 0.794660 0.691473 0.794353 0.698582 0.794148 0.702045 0.794045 0.706420 0.794455 0.709154 0.794660 0.711523 0.793225 0.714075 0.790662 0.712070 0.790559 0.714986 0.788099 0.716080 0.785536 0.715168 0.784613 0.709700 0.783895 0.705690 0.779076 0.705508 0.773745 0.706420 0.767901 0.706055 0.767388 0.706055
8 0.574038 0.716275 0.575939 0.721344 0.573468 0.726413 0.571187 0.728102 0.567385 0.721006 0.567385 0.710192 0.566055 0.697013 0.565674 0.685861 0.565484 0.670992 0.564534 0.656123 0.564154 0.651054 0.562253 0.645985 0.562253 0.636523 0.564154 0.623006 0.566055 0.621655 0.567955 0.620641 0.569096 0.601379 0.572898 0.594958 0.578220 0.590903 0.584683 0.587524 0.598559 0.578400 0.605972 0.572317 0.615857 0.570289 0.632584 0.571303 0.654444 0.572993 0.664899 0.575358 0.670031 0.580765 0.672122 0.584820 0.672882 0.601041 0.674023 0.644296 0.673643 0.679440 0.672692 0.691606 0.669081 0.689578 0.666990 0.680116 0.663378 0.668965 0.659386 0.660854 0.655775 0.654096 0.652163 0.652744 0.647791 0.650716 0.643990 0.650716 0.640188 0.650716 0.637717 0.652406 0.630493 0.652744 0.627832 0.649703 0.624601 0.648013 0.618328 0.645647 0.613006 0.649027 0.610344 0.653082 0.608253 0.654772 0.597799 0.656461 0.593427 0.661530 0.590576 0.668289 0.587914 0.679102 0.586014 0.683496 0.582022 0.681806 0.575559 0.684509 0.574418 0.689916 0.575939 0.698026 0.579551 0.699716 0.579361 0.703433 0.576699 0.709854
8 0.533712 0.652182 0.533583 0.642785 0.531907 0.643014 0.530489 0.642098 0.529974 0.638660 0.531521 0.636826 0.534228 0.634993 0.535517 0.628346 0.537064 0.624450 0.539514 0.621241 0.546475 0.617345 0.559367 0.615053 0.566071 0.614136 0.568392 0.614595 0.568392 0.619179 0.567747 0.621929 0.565040 0.623075 0.563364 0.628117 0.562203 0.636139 0.562075 0.643702 0.562977 0.648286 0.564782 0.649661 0.566329 0.653557 0.566071 0.664558 0.565813 0.675788 0.565040 0.690915 0.564137 0.688852 0.563879 0.681289 0.562332 0.672809 0.560914 0.669142 0.558981 0.663183 0.557820 0.657912 0.555242 0.654703 0.551374 0.652411 0.546346 0.652411 0.541576 0.652640 0.537451 0.652640
4 0.949189 0.705418 0.948478 0.704294 0.948557 0.703451 0.949031 0.701624 0.949742 0.697690 0.950612 0.693615 0.950691 0.691648 0.950691 0.689822 0.950849 0.687855 0.950928 0.686871 0.952509 0.687855 0.953062 0.686731 0.952983 0.685185 0.952271 0.683078 0.951955 0.675631 0.951639 0.671978 0.951402 0.667903 0.951165 0.666077 0.950612 0.664390 0.949505 0.661299 0.949031 0.659754 0.949268 0.658630 0.949347 0.656522 0.948873 0.653853 0.947529 0.652167 0.945949 0.651605 0.944605 0.652869 0.944447 0.655117 0.944447 0.657787 0.945158 0.660175 0.944763 0.661440 0.943657 0.662564 0.943104 0.662845 0.942708 0.665374 0.942471 0.669027 0.942629 0.671978 0.942945 0.675350 0.943024 0.679424 0.943499 0.684061 0.943894 0.689260 0.943815 0.696004 0.943262 0.699236 0.942392 0.702748 0.942392 0.704996 0.943578 0.706401 0.944605 0.705418 0.944921 0.704575 0.945079 0.703029 0.945237 0.699938 0.946107 0.698533 0.946581 0.696004 0.946976 0.694037 0.947371 0.694740 0.947134 0.698112 0.946581 0.702608 0.946344 0.702748 0.947055 0.706261 0.948320 0.707806 0.949189 0.707385
4 0.980433 0.661457 0.978671 0.660065 0.978671 0.658672 0.978344 0.656352 0.976582 0.655539 0.975668 0.657628 0.975668 0.658440 0.975342 0.659948 0.973971 0.661457 0.973319 0.663429 0.972927 0.666794 0.972601 0.667490 0.973253 0.672712 0.974232 0.677121 0.974428 0.680138 0.974755 0.684431 0.975081 0.691277 0.975995 0.693133 0.977235 0.693713 0.978344 0.693133 0.978671 0.691973 0.979976 0.692205 0.981086 0.690929 0.980824 0.687332 0.980172 0.682691 0.980172 0.679094 0.980694 0.674916 0.980824 0.672596 0.981281 0.670507 0.981086 0.665982
6 0.999948 0.659832 0.997272 0.659716 0.996358 0.662153 0.995510 0.664358 0.995249 0.665402 0.994857 0.666330 0.994726 0.667490 0.994335 0.668535 0.993552 0.670855 0.992442 0.673640 0.992181 0.674684 0.991789 0.676077 0.991202 0.680602 0.990941 0.682691 0.990810 0.687912 0.990876 0.691393 0.991659 0.693017 0.993617 0.693481 0.994792 0.692669 0.995966 0.690465 0.997859 0.690465 1.000000 0.690465
