4 0.004883 0.571181 0.008138 0.587384 0.004883 0.616319 0.003581 0.633681 0.004883 0.656829 0.013997 0.674190 0.023763 0.696181 0.033189 0.707841 0.048703 0.731481 0.071421 0.777778 0.096354 0.809299 0.106882 0.814224 0.121842 0.833924 0.134031 0.839835 0.140126 0.851655 0.141234 0.863475 0.140126 0.869385 0.130153 0.862490 0.124058 0.858550 0.110206 0.870370 0.104111 0.879236 0.091367 0.882191 0.075299 0.876281 0.068650 0.871355 0.052582 0.869385 0.042055 0.855595 0.033743 0.849685 0.018229 0.835894 0.008810 0.820134 0.003823 0.819149 0.004377 0.857565 0.002715 0.898936 0.013242 0.908786 0.029311 0.917652 0.040392 0.927502 0.048703 0.960993 0.052582 0.974783 0.054244 0.995469 0.049258 0.998424 0.000000 0.999227 0.000000 0.571907
5 0.111314 0.821119 0.118517 0.804374 0.125166 0.791568 0.125720 0.765957 0.127383 0.758077 0.133477 0.740347 0.141234 0.733452 0.152316 0.730496 0.165060 0.739362 0.165060 0.748227 0.162289 0.767928 0.157303 0.772853 0.150654 0.786643 0.144559 0.792553 0.132369 0.798463 0.124058 0.807329 0.117963 0.823089 0.120734 0.833924 0.141789 0.844760 0.146221 0.863475 0.144005 0.877266 0.127937 0.879236 0.114639 0.890071 0.106328 0.908786 0.109652 0.936367 0.116855 0.960008 0.122950 0.977738 0.116301 0.986604 0.107990 0.993499 0.087877 1.000000 0.057569 0.999409 0.055352 0.998424 0.053690 0.962963 0.047595 0.947203 0.038730 0.925532 0.029865 0.918637 0.017121 0.912727 0.006039 0.898936 0.001053 0.882191 0.000000 0.859732 0.000499 0.841805 0.008810 0.854610 0.023770 0.863475 0.041500 0.876281 0.052582 0.894996 0.061447 0.894011 0.065326 0.883176 0.074745 0.881206 0.089151 0.876281
6 0.018229 0.676320 0.127383 0.683215 0.187777 0.696020 0.242631 0.715721 0.288619 0.741332 0.320202 0.822104 0.329067 0.825059 0.333500 0.830969 0.325742 0.881206 0.325188 0.966903 0.322603 1.000000 0.110206 1.000000 0.112977 0.991529 0.124058 0.983649 0.125166 0.976753 0.116855 0.957053 0.111314 0.937352 0.100787 0.915682 0.102449 0.896966 0.115747 0.891056 0.132923 0.887116 0.147329 0.868400 0.149546 0.856580 0.145113 0.839835 0.126274 0.828014 0.122396 0.827029 0.129045 0.798463 0.147329 0.787628 0.165060 0.764972 0.171155 0.739362 0.163952 0.732467 0.154532 0.728526 0.139018 0.731481 0.124612 0.756107 0.124612 0.784673 0.116301 0.802403 0.107436 0.819149 0.085827 0.859535 0.070867 0.885146 0.054244 0.896966 0.037068 0.894996 0.024324 0.883176 0.008256 0.851655 0.004377 0.834909 0.000000 0.799892 0.000000 0.676320
6 0.715464 0.953042 0.721664 0.994929 0.356014 1.000000 0.321739 0.998236 0.323599 0.964065 0.324219 0.942019 0.324219 0.907848 0.324219 0.880291 0.325459 0.851631 0.326079 0.827381 0.326699 0.819665 0.332899 0.788801 0.342200 0.759039 0.354601 0.744709 0.368242 0.680776 0.393043 0.593695 0.396763 0.580467 0.410404 0.576058 0.424665 0.566138 0.426525 0.545194 0.427145 0.525353 0.435826 0.522046 0.444506 0.513228 0.453187 0.502205 0.473028 0.493386 0.510231 0.488977 0.558594 0.501102 0.570995 0.520944 0.579675 0.527557 0.632378 0.527557 0.649740 0.530864 0.657800 0.540785 0.658420 0.562831 0.657800 0.578263 0.672681 0.610229 0.677641 0.630071 0.690042 0.702822 0.694382 0.738095 0.703683 0.766755 0.712984 0.793210 0.716704 0.820767 0.714224 0.871473 0.716084 0.905644
6 0.725466 0.996264 0.733233 0.997076 0.732319 0.975958 0.732319 0.950780 0.731405 0.928038 0.733690 0.906920 0.733233 0.886615 0.725923 0.869558 0.725009 0.855750 0.723639 0.841943 0.728664 0.841131 0.730948 0.823262 0.724552 0.814327 0.717699 0.811079 0.709932 0.836257 0.713587 0.858999 0.712217 0.882554 0.714501 0.913418 0.714501 0.945906 0.718156 0.971085 0.720897 0.997076
1 0.747047 0.684358 0.731934 0.710400 0.746350 0.739749 0.741234 0.739335 0.740769 0.765790 0.746582 0.766617 0.749605 0.905919 0.754023 0.906333 0.750070 0.768271 0.757743 0.768271 0.757045 0.740162 0.750535 0.740575 0.764486 0.714947
6 0.716588 0.810847 0.735189 0.814980 0.741234 0.819527 0.747280 0.829034 0.757278 0.843502 0.762626 0.847222 0.766578 0.852183 0.769834 0.857143 0.773089 0.866650 0.773321 0.875331 0.771926 0.884425 0.767508 0.888972 0.764718 0.895172 0.758208 0.898479 0.748442 0.896825 0.745652 0.890212 0.744954 0.886905 0.735654 0.885251 0.729608 0.881944 0.726353 0.870370 0.724726 0.856729 0.723796 0.843089 0.727748 0.840195 0.730539 0.832341 0.730539 0.823247 0.727051 0.814153
6 0.933931 0.913409 0.936246 0.910322 0.936825 0.907236 0.941647 0.907579 0.944734 0.902092 0.944734 0.892147 0.943576 0.887346 0.939140 0.881516 0.926794 0.867455 0.908854 0.851680 0.889757 0.838649 0.868731 0.833848 0.845004 0.835219 0.842303 0.840021 0.835937 0.854424 0.835552 0.867455 0.834008 0.890432 0.841725 0.892147 0.839603 0.896605 0.842496 0.903464 0.846547 0.906207 0.854456 0.908951 0.860243 0.908265 0.863908 0.903121 0.864294 0.900034 0.909433 0.906207 0.909819 0.910322 0.912905 0.912723 0.918885 0.914781 0.925637 0.915123
6 0.828634 0.855315 0.822876 0.855196 0.820132 0.861504 0.818190 0.862813 0.817588 0.864598 0.817454 0.868050 0.816985 0.871382 0.817253 0.874476 0.819195 0.877214 0.819596 0.875666 0.820333 0.875666 0.820868 0.877452 0.822140 0.877690 0.822743 0.876262 0.822609 0.875309 0.825420 0.875309 0.828902 0.874952
4 0.999179 0.794887 0.996065 0.786836 0.991253 0.786836 0.986158 0.795390 0.985026 0.806461 0.983611 0.812500 0.979365 0.818035 0.975685 0.808977 0.972854 0.798913 0.970024 0.793378 0.970024 0.781804 0.966910 0.769726 0.962381 0.765197 0.955871 0.773752 0.954738 0.785326 0.948794 0.794384 0.943699 0.800423 0.939453 0.810990 0.936906 0.825584 0.936906 0.842190 0.940302 0.858796 0.945397 0.874396 0.944831 0.883454 0.947096 0.882448 0.945964 0.899054 0.945114 0.915157 0.940585 0.930757 0.940585 0.950886 0.940868 0.954408 0.946530 0.960447 0.950209 0.955415 0.952757 0.937802 0.953606 0.928241 0.957003 0.910628 0.960117 0.891002 0.961532 0.913144 0.959834 0.928744 0.960683 0.946860 0.963513 0.958937 0.970307 0.960950 0.972571 0.956924 0.972288 0.947363 0.973421 0.934279 0.979931 0.933776 0.987007 0.935286 0.987007 0.946860 0.986724 0.952395 0.985309 0.956924 0.986724 0.961957 0.994650 0.962460 0.999179 0.956421 0.999462 0.946357
4 0.977718 0.821008 0.977028 0.812423 0.972199 0.803839 0.968405 0.798933 0.968060 0.788509 0.968750 0.775632 0.960817 0.767047 0.954953 0.773179 0.953228 0.787282 0.950124 0.792801 0.943916 0.798933 0.940811 0.810584 0.939432 0.828366 0.937362 0.843083 0.941156 0.858413 0.944605 0.871290 0.945985 0.878035 0.947020 0.893978 0.946330 0.914214 0.942536 0.936902 0.941846 0.951619 0.944950 0.959590 0.949434 0.955298 0.951504 0.938742 0.953573 0.927091 0.955643 0.907469 0.959092 0.891526 0.961162 0.882328 0.959782 0.933836 0.960472 0.947326 0.961162 0.959590 0.966680 0.958977 0.971164 0.956524 0.970475 0.943647 0.968750 0.930770 0.972544 0.915440 0.972199 0.911148 0.972544 0.893365 0.975304 0.884167 0.974614 0.868837 0.974959 0.856573 0.975993 0.841857
4 0.998628 0.792659 0.993280 0.788938 0.987235 0.791419 0.985840 0.802166 0.984910 0.813327 0.979562 0.822007 0.977237 0.825314 0.976074 0.839368 0.975144 0.853836 0.974912 0.868717 0.976307 0.879051 0.978632 0.887318 0.977237 0.883185 0.974679 0.891865 0.972121 0.895585 0.971424 0.907573 0.971656 0.919974 0.971191 0.932788 0.978632 0.932788 0.986305 0.934028 0.986537 0.944775 0.988398 0.952629 0.984910 0.963790 0.990723 0.966683 0.994908 0.964616 0.997698 0.960483 0.998163 0.950149 0.997001 0.940642 0.997001 0.933201 0.997001 0.921627 0.997233 0.912946 0.997233 0.907573 0.998163 0.924107 0.997931 0.937335 0.998628 0.944775 0.998861 0.948909 0.999558 0.951802
