6 0.335737 0.765116 0.335292 0.774612 0.333957 0.780152 0.328170 0.782526 0.325499 0.782526 0.320157 0.777778 0.319712 0.769864 0.318821 0.761950 0.315260 0.753245 0.315260 0.742165 0.314815 0.732669 0.314815 0.722381 0.315705 0.710510 0.317041 0.695473 0.321937 0.685977 0.326389 0.680437 0.330840 0.675689 0.333957 0.666983 0.338408 0.661443 0.341079 0.654321 0.344195 0.650364 0.349092 0.645616 0.355769 0.643242 0.359330 0.640076 0.364672 0.640076 0.363337 0.632953 0.367343 0.632953 0.370014 0.639285 0.375356 0.642450 0.384704 0.642450 0.391827 0.642450 0.398949 0.644824 0.404736 0.647990 0.410969 0.655112 0.415865 0.663818 0.418091 0.673314 0.419427 0.675689 0.422988 0.677271 0.425659 0.678854 0.426994 0.686768 0.424769 0.690725 0.421652 0.690725 0.424769 0.693099 0.428775 0.702596 0.429665 0.710510 0.430556 0.725546 0.430110 0.731086 0.429220 0.745331 0.428775 0.757993 0.427885 0.765116 0.424769 0.768281 0.421652 0.769072 0.417201 0.765907 0.415865 0.754036 0.413640 0.754036 0.411859 0.759576 0.411414 0.768281 0.410524 0.776195 0.408298 0.777778 0.403401 0.778569 0.399840 0.777778 0.396278 0.771447 0.394498 0.765907 0.393162 0.761159 0.384704 0.761159 0.376246 0.763533 0.361556 0.760367 0.358440 0.762741 0.356660 0.766698 0.350427 0.768281 0.347756 0.761950 0.344640 0.762741
6 0.410273 0.650737 0.413236 0.648982 0.416691 0.647665 0.420888 0.647665 0.424837 0.645910 0.430761 0.645910 0.434464 0.645471 0.440141 0.645471 0.445572 0.646788 0.449521 0.646788 0.454705 0.649421 0.456926 0.659953 0.458654 0.666096 0.460135 0.670046 0.462357 0.667413 0.465566 0.670484 0.466059 0.674434 0.464085 0.677506 0.463838 0.681894 0.466306 0.687160 0.467540 0.693303 0.467540 0.700325 0.466553 0.706907 0.466553 0.712173 0.465566 0.720950 0.464578 0.727093 0.462851 0.730165 0.460135 0.726654 0.459148 0.729726 0.457914 0.732798 0.453964 0.734553 0.448781 0.728410 0.448287 0.726216 0.443844 0.726216 0.438907 0.725338 0.435204 0.724460 0.429774 0.724460 0.427305 0.717000 0.427799 0.709979 0.427305 0.703835 0.426318 0.696814 0.425084 0.692865 0.427799 0.687599 0.429033 0.680139 0.426565 0.676628 0.423850 0.673556 0.420888 0.672679 0.419653 0.670046 0.416445 0.663024 0.414717 0.657758
6 0.528010 0.696759 0.527707 0.699182 0.527102 0.700797 0.526042 0.701604 0.524225 0.698643 0.523771 0.695413 0.523771 0.690030 0.524225 0.684109 0.524528 0.680879 0.526193 0.674957 0.527556 0.671189 0.529070 0.668497 0.532401 0.666882 0.535126 0.666344 0.539214 0.666613 0.542091 0.666882 0.545724 0.669574 0.547238 0.675764 0.547995 0.678187 0.547995 0.681148 0.547995 0.688953 0.548147 0.695413 0.547541 0.700797 0.545876 0.702412 0.544362 0.699720 0.544059 0.697298 0.541788 0.697298 0.539517 0.697298 0.534975 0.697298
6 0.522862 0.683839 0.521500 0.683839 0.519380 0.684109 0.518169 0.684378 0.516957 0.684916 0.516957 0.687339 0.514535 0.687069 0.513778 0.684378 0.513929 0.681417 0.514232 0.676034 0.515292 0.671996 0.515595 0.667420 0.516655 0.665267 0.519531 0.664729 0.522711 0.664729 0.524982 0.664729 0.526647 0.668497 0.527253 0.670650 0.525436 0.672804 0.524528 0.676572 0.524376 0.680340
8 0.529978 0.666075 0.529675 0.662306 0.530584 0.659076 0.531189 0.652885 0.531492 0.647771 0.533461 0.643196 0.536034 0.641311 0.541031 0.640773 0.547844 0.643465 0.548450 0.641850 0.551175 0.642926 0.553900 0.645618 0.555111 0.650732 0.555111 0.663383 0.555717 0.669843 0.555263 0.680071 0.556171 0.689223 0.555414 0.694875 0.553900 0.696221 0.550115 0.695144 0.549661 0.692722 0.548752 0.687877 0.547844 0.681417 0.547844 0.677649 0.547087 0.673611 0.546179 0.668497 0.545270 0.666882 0.543302 0.665267 0.539971 0.664460 0.536034 0.664729
8 0.569192 0.685454 0.567829 0.688146 0.567375 0.692183 0.564499 0.690299 0.562833 0.687877 0.561622 0.683839 0.561470 0.676841 0.561016 0.673073 0.561016 0.668766 0.561016 0.663652 0.561470 0.658538 0.560259 0.652078 0.561319 0.645618 0.561622 0.641581 0.562833 0.638620 0.565710 0.637005 0.569949 0.635659 0.572372 0.635121 0.577519 0.635121 0.580547 0.635659 0.584484 0.638081 0.587815 0.640235 0.589480 0.647771 0.590692 0.655577 0.591146 0.663114 0.590389 0.669035 0.589329 0.672804 0.589329 0.672804 0.589935 0.682763 0.589329 0.686531 0.587966 0.687069 0.587058 0.687069 0.585695 0.689761 0.581759 0.689492 0.580396 0.685454 0.579033 0.685454 0.575551 0.685724
4 0.606487 0.728960 0.607261 0.733086 0.608163 0.736524 0.608163 0.739045 0.606100 0.741107 0.604296 0.742024 0.603909 0.739961 0.603522 0.735836 0.603264 0.734232 0.602749 0.730336 0.602749 0.726669 0.601846 0.720710 0.601202 0.715438 0.600686 0.708792 0.599654 0.701916 0.599397 0.698020 0.598107 0.698020 0.596560 0.698478 0.593466 0.697791 0.592435 0.695499 0.593209 0.688852 0.593853 0.681060 0.595013 0.676018 0.597076 0.673267 0.598365 0.672351 0.597076 0.670517 0.595400 0.669371 0.595142 0.665475 0.595142 0.661120 0.595787 0.654703 0.595529 0.648973 0.596947 0.647140 0.599783 0.644848 0.600815 0.644160 0.600428 0.640264 0.600041 0.635680 0.600686 0.632701 0.602877 0.631555 0.604940 0.630867 0.608808 0.638431 0.607261 0.640493 0.607261 0.643702 0.610226 0.644160 0.612289 0.646223 0.613449 0.650807 0.614609 0.656536 0.615125 0.661349 0.616156 0.667538 0.615125 0.670059 0.613062 0.670059 0.614996 0.679455 0.613578 0.685873 0.612675 0.688852 0.611386 0.693436 0.611902 0.700770 0.611128 0.705583 0.609968 0.709021 0.609839 0.715209 0.609839 0.716813 0.609839 0.720939 0.608550 0.725981
8 0.802323 0.679864 0.812201 0.683057 0.817289 0.681460 0.822079 0.680928 0.822677 0.669221 0.823276 0.656982 0.823276 0.640485 0.822378 0.621860 0.820582 0.615475 0.817289 0.614943 0.813398 0.612282 0.812201 0.604300 0.801724 0.606428 0.788853 0.605896 0.781370 0.609621 0.770295 0.618668 0.758022 0.621328 0.752634 0.622393 0.744852 0.629310 0.741559 0.633567 0.729885 0.651660 0.733178 0.658046 0.734076 0.672946 0.737967 0.679864 0.742457 0.688378 0.747545 0.687314 0.753532 0.686249 0.756525 0.677735 0.758920 0.670817 0.766104 0.671882 0.769097 0.672414 0.772689 0.675607 0.777778 0.683057 0.786758 0.687314 0.791547 0.687314 0.801125 0.685717
6 0.949033 0.698082 0.948661 0.682209 0.948661 0.673611 0.946429 0.659722 0.944940 0.646495 0.939732 0.639881 0.931920 0.633267 0.925223 0.629960 0.915923 0.628638 0.908482 0.631283 0.900670 0.630622 0.893601 0.631944 0.885417 0.636574 0.879836 0.639881 0.873884 0.647817 0.869792 0.651786 0.865699 0.653108 0.865699 0.657738 0.868676 0.660384 0.869792 0.663029 0.877976 0.664352 0.882812 0.665013 0.890625 0.668320 0.894717 0.670304 0.898065 0.673611 0.900670 0.677579 0.901786 0.687500 0.901042 0.696759 0.906250 0.702712 0.908482 0.702712 0.912946 0.701389 0.914807 0.694114 0.921875 0.696098 0.928199 0.695437 0.937500 0.695437
8 0.002264 0.576087 0.011322 0.579308 0.016304 0.578502 0.028080 0.582528 0.039855 0.585749 0.047554 0.588164 0.052989 0.587359 0.073822 0.590580 0.086051 0.592995 0.106884 0.599436 0.122283 0.601852 0.134511 0.604267 0.137228 0.609098 0.139493 0.631643 0.140399 0.650966 0.139040 0.657407 0.133152 0.659018 0.115942 0.657407 0.103261 0.660628 0.099185 0.663849 0.096014 0.671095 0.083786 0.680757 0.076540 0.685588 0.067029 0.693639 0.063406 0.703301 0.057518 0.732287 0.052536 0.741948 0.046196 0.741143 0.039855 0.732287 0.038043 0.726651 0.031703 0.723430 0.010870 0.720209 0.001359 0.724235
6 0.103714 0.740338 0.107790 0.743559 0.122736 0.743559 0.127717 0.738728 0.127717 0.734702 0.135417 0.733897 0.142663 0.732287 0.144022 0.723430 0.144928 0.714573 0.148098 0.704911 0.150362 0.701691 0.156250 0.688808 0.152627 0.679952 0.146286 0.671095 0.141304 0.664654 0.134964 0.662238 0.126812 0.659823 0.118207 0.659823 0.109601 0.662238 0.103261 0.663849 0.097373 0.666264 0.093297 0.671900 0.087862 0.679147 0.084692 0.683977 0.075181 0.687198 0.069746 0.688003 0.063406 0.699275 0.059783 0.708937 0.057971 0.723430 0.059330 0.736312 0.062500 0.743559 0.070652 0.746779 0.076540 0.740338 0.089674 0.740338
6 0.241395 0.719404 0.243659 0.706522 0.242754 0.701691 0.241395 0.693639 0.238678 0.684783 0.233696 0.677536 0.229167 0.671095 0.224638 0.665459 0.217844 0.665459 0.211504 0.665459 0.209692 0.660628 0.199275 0.669485 0.193841 0.667069 0.188859 0.667874 0.182971 0.676731 0.176630 0.682367 0.175272 0.692834 0.179348 0.704106 0.188859 0.707327 0.192935 0.707327 0.195652 0.712158 0.199728 0.712963 0.200181 0.722625 0.202446 0.728261 0.213315 0.728261 0.219656 0.723430 0.226902 0.721820
6 0.295743 0.708132 0.290308 0.711353 0.285779 0.706522 0.282156 0.696860 0.283514 0.687198 0.282156 0.677536 0.285326 0.668680 0.291667 0.664654 0.299819 0.663043 0.304801 0.667874 0.307518 0.674316 0.309783 0.680757 0.311141 0.687198 0.308877 0.702496 0.308877 0.708132 0.307518 0.712158 0.304801 0.710548 0.300272 0.705717
