6 0.007612 0.647080 0.011218 0.647080 0.014022 0.647792 0.018429 0.653490 0.020433 0.659900 0.022035 0.664174 0.024439 0.669872 0.028846 0.675570 0.032853 0.688390 0.034856 0.704060 0.035657 0.717593 0.034455 0.726140 0.031250 0.728989 0.029247 0.729701 0.026042 0.733974 0.024840 0.745370 0.023638 0.751781 0.020833 0.758191 0.017228 0.758903 0.012019 0.758903 0.007612 0.752493
8 0.010016 0.563746 0.025641 0.560185 0.033253 0.559473 0.038462 0.560897 0.044071 0.560185 0.050881 0.559473 0.059295 0.560897 0.066907 0.560897 0.070913 0.560897 0.075321 0.565883 0.080529 0.565883 0.086138 0.567308 0.092548 0.570157 0.102163 0.571581 0.110176 0.573006 0.118189 0.574430 0.124599 0.574430 0.131010 0.574430 0.143029 0.577279 0.153846 0.575142 0.159856 0.573718 0.162660 0.579416 0.165465 0.588675 0.167067 0.600783 0.165126 0.604982 0.165126 0.616067 0.165310 0.623891 0.165860 0.634650 0.165860 0.646062 0.165310 0.649322 0.161275 0.648996 0.157057 0.648996 0.153389 0.648996 0.148804 0.648670 0.145136 0.648018 0.140185 0.648018 0.136334 0.648018 0.130282 0.650300 0.125330 0.649974 0.122579 0.652908 0.121479 0.655842 0.119095 0.658777 0.111576 0.668884 0.105707 0.677034 0.103323 0.680621 0.098738 0.684533 0.095621 0.687793 0.093603 0.693336 0.093053 0.698552 0.091586 0.706377 0.092136 0.710942 0.091769 0.713876 0.090302 0.719092 0.087368 0.725613 0.084984 0.728873 0.082050 0.729851 0.079299 0.729851 0.076548 0.729199 0.074897 0.725939 0.073980 0.724309 0.073430 0.720722 0.072146 0.720396 0.071229 0.720396 0.072146 0.725939 0.069579 0.729851 0.067562 0.732786 0.065178 0.732786 0.062610 0.732786 0.060043 0.728873 0.061510 0.735068 0.059859 0.735068 0.057658 0.735068 0.053074 0.737024 0.051973 0.735720 0.050873 0.729199 0.049956 0.727243 0.048122 0.721701 0.047022 0.721049 0.043537 0.719744 0.040053 0.718766 0.036568 0.719418 0.035101 0.715832 0.034001 0.712246 0.033634 0.701813 0.034734 0.691380 0.032350 0.688445 0.031433 0.685511 0.029599 0.681599 0.029416 0.678013 0.028316 0.674100 0.027032 0.670514 0.025198 0.666927 0.024281 0.663341 0.022264 0.658777 0.020613 0.654864 0.017862 0.649648 0.014745 0.646062 0.012177 0.643779 0.010160 0.643453 0.005942 0.643453 0.003925 0.644105 0.000624 0.644431 0.000257 0.563250 0.003191 0.563250 0.005942 0.562598
6 0.105707 0.733438 0.104423 0.736046 0.102039 0.737676 0.099288 0.737350 0.096354 0.735068 0.094887 0.733764 0.092686 0.729199 0.092136 0.727243 0.091953 0.720396 0.093420 0.713224 0.093603 0.708333 0.093603 0.701161 0.094520 0.695944 0.094337 0.693662 0.096538 0.689098 0.099472 0.684859 0.101306 0.682903 0.105157 0.680295 0.109192 0.676708 0.111209 0.674426 0.117994 0.665623 0.122029 0.658451 0.126247 0.651278 0.133950 0.648018 0.139451 0.648670 0.150455 0.648344 0.154123 0.648996 0.159808 0.648996 0.167143 0.648018 0.173746 0.650300 0.178881 0.654538 0.183282 0.663667 0.188050 0.669210 0.190801 0.672796 0.193552 0.679643 0.193552 0.686815 0.194286 0.694640 0.193735 0.700183 0.193185 0.706703 0.191718 0.710616 0.191168 0.715832 0.191168 0.719418 0.136517 0.727243 0.131382 0.729525 0.128081 0.730829 0.124597 0.730503 0.120562 0.730503
8 0.197587 0.692358 0.195386 0.691706 0.193735 0.688119 0.192818 0.681925 0.191351 0.676056 0.190801 0.671166 0.191168 0.666275 0.191168 0.660733 0.191535 0.654212 0.192085 0.649974 0.192085 0.643127 0.194652 0.634977 0.194286 0.627152 0.195753 0.618349 0.197953 0.612480 0.200521 0.609546 0.205839 0.608894 0.209690 0.608242 0.213908 0.606286 0.221611 0.605960 0.225095 0.605308 0.230597 0.606612 0.233898 0.606612 0.238300 0.606286 0.242151 0.605960 0.248019 0.606612 0.255355 0.606286 0.260123 0.603678 0.264891 0.603678 0.269660 0.606286 0.272594 0.606938 0.274611 0.609872 0.275345 0.618023 0.276078 0.624544 0.276262 0.630086 0.276262 0.633346 0.276629 0.636607 0.276629 0.640519 0.276445 0.643127 0.276262 0.647692 0.276995 0.652256 0.277362 0.655190 0.277179 0.659755 0.276445 0.657799 0.274978 0.655842 0.274428 0.651278 0.273511 0.645083 0.271127 0.640519 0.268743 0.640193 0.267642 0.639541 0.264341 0.637259 0.260673 0.636281 0.255538 0.636281 0.251504 0.636281 0.246002 0.634977 0.241967 0.637259 0.237749 0.636607 0.235182 0.639215 0.229864 0.641171 0.225462 0.639541 0.222528 0.644431 0.218860 0.648344 0.215376 0.654212 0.210057 0.663667 0.208040 0.667580 0.203638 0.676056 0.200521 0.681599
6 0.214092 0.705725 0.213908 0.710942 0.211891 0.713876 0.208223 0.714528 0.206023 0.713550 0.205289 0.711594 0.203822 0.706703 0.201805 0.706703 0.200888 0.702465 0.199237 0.699857 0.198870 0.690402 0.200337 0.683555 0.203822 0.676056 0.204372 0.671492 0.206756 0.667580 0.210607 0.665297 0.213908 0.662689 0.217210 0.658777 0.219777 0.651604 0.224912 0.643453 0.226012 0.642149 0.227296 0.641171 0.230230 0.640845 0.234265 0.639541 0.238483 0.637585 0.242884 0.637911 0.246002 0.638237 0.249670 0.638563 0.253705 0.638237 0.257372 0.638563 0.261590 0.639215 0.265258 0.638237 0.270760 0.641171 0.272777 0.644757 0.274611 0.653886 0.276629 0.662689 0.277545 0.666275 0.277912 0.673774 0.277179 0.680621 0.276629 0.684207 0.274428 0.686163 0.274795 0.691054 0.274428 0.697248 0.274428 0.701813 0.272044 0.705073 0.269843 0.706051 0.265808 0.704747 0.265625 0.699531 0.267826 0.695618 0.264525 0.695618 0.261774 0.696922 0.256089 0.697900 0.252054 0.699531 0.251871 0.703769 0.251687 0.705725 0.248753 0.709311 0.245819 0.708007 0.243801 0.707681 0.241234 0.704421 0.240684 0.704095 0.238483 0.707355 0.237933 0.709311 0.236099 0.710290 0.231514 0.711268 0.229864 0.707029 0.229130 0.704421 0.226196 0.704095 0.222528 0.705073
6 0.290383 0.649322 0.288549 0.651278 0.285982 0.653886 0.283047 0.658125 0.280296 0.662363 0.279013 0.664645 0.275895 0.670840 0.277545 0.674100 0.277362 0.680621 0.275345 0.688772 0.276995 0.694966 0.276629 0.700835 0.278279 0.701487 0.282130 0.700835 0.283414 0.697900 0.283597 0.695618 0.286348 0.694966 0.289466 0.694966 0.292033 0.695944 0.293317 0.698878 0.295151 0.699531 0.297168 0.698878 0.298636 0.694640 0.301020 0.693988 0.304504 0.694314 0.305788 0.694314 0.306338 0.696922 0.309272 0.696922 0.311656 0.696596 0.313124 0.696270 0.313674 0.693988 0.314774 0.691706 0.318075 0.690728 0.320459 0.690402 0.321376 0.690402 0.323027 0.695292 0.326328 0.695618 0.328162 0.693662 0.329445 0.689424 0.329629 0.685837 0.328895 0.680947 0.328528 0.676382 0.327612 0.674100 0.326328 0.668232 0.324494 0.663667 0.323577 0.660733 0.322477 0.658125 0.321009 0.654538 0.317892 0.652256 0.315874 0.650626 0.312023 0.648670 0.307805 0.648996 0.304321 0.647040 0.300469 0.646062 0.297168 0.646388 0.292400 0.647692
6 0.327061 0.670188 0.327061 0.666601 0.328712 0.663667 0.331096 0.663341 0.332196 0.662363 0.334214 0.661711 0.339532 0.660407 0.342283 0.662363 0.345034 0.666275 0.345951 0.673122 0.345951 0.676708 0.344850 0.680621 0.342650 0.684859 0.342283 0.687793 0.340999 0.691054 0.339165 0.691706 0.338065 0.689424 0.337698 0.686489 0.334030 0.686163 0.332930 0.686163 0.331279 0.688445 0.330729 0.690076 0.328712 0.689424 0.327978 0.684533 0.327978 0.680621 0.328345 0.678665 0.327245 0.673774
6 0.541743 0.659995 0.541839 0.662888 0.542892 0.663739 0.544137 0.664420 0.545764 0.664420 0.545956 0.662377 0.546052 0.659654 0.546052 0.656420 0.546339 0.650803 0.546243 0.646718 0.545860 0.644506 0.544616 0.642123 0.543275 0.640251 0.542988 0.637357 0.541839 0.634293 0.541169 0.630549 0.540499 0.629698 0.539158 0.629187 0.536860 0.628336 0.533414 0.628847 0.531882 0.629017 0.528914 0.628336 0.527574 0.628676 0.526425 0.630889 0.525467 0.633102 0.525084 0.635995 0.524318 0.638378 0.523840 0.640761 0.523169 0.643825 0.523074 0.647740 0.523074 0.650803 0.523361 0.654037 0.523265 0.656590 0.523169 0.659144 0.522978 0.661867 0.523265 0.663569 0.524223 0.664760 0.525754 0.665441 0.527382 0.665441 0.528531 0.664590 0.528818 0.662718 0.528339 0.661526 0.531020 0.662037 0.533414 0.661016 0.535520 0.661186 0.538009 0.661186 0.540211 0.661016
6 0.557158 0.672249 0.557158 0.675994 0.557253 0.678207 0.556104 0.679909 0.553711 0.680079 0.552179 0.678888 0.551796 0.676675 0.551605 0.673611 0.551126 0.670888 0.551413 0.666973 0.551126 0.657782 0.551509 0.651484 0.552083 0.648250 0.553328 0.645867 0.554573 0.641782 0.555147 0.638548 0.556009 0.636166 0.557541 0.632932 0.558785 0.632761 0.561179 0.632421 0.563572 0.632421 0.564913 0.632421 0.565008 0.630719 0.565774 0.629017 0.567115 0.628847 0.568455 0.629017 0.569221 0.630719 0.570370 0.632251 0.573051 0.632251 0.575061 0.632761 0.577263 0.633442 0.578125 0.635655 0.578987 0.637868 0.580231 0.641782 0.580519 0.645867 0.581955 0.648420 0.582816 0.651314 0.583104 0.653697 0.583199 0.656761 0.583487 0.660675 0.583104 0.664420 0.583295 0.669696 0.583487 0.673100 0.583487 0.675143 0.582146 0.678377 0.583487 0.675994 0.583582 0.677015 0.583582 0.677866 0.583104 0.678717 0.581572 0.680590 0.580040 0.680590 0.578125 0.680590 0.578891 0.677356 0.579561 0.675994 0.578604 0.673952 0.577263 0.673611 0.575253 0.672930 0.573051 0.672420 0.571232 0.673271 0.567881 0.673781 0.564625 0.672760 0.562232 0.672930 0.559168 0.672249
6 0.549977 0.651314 0.549977 0.653356 0.549498 0.654718 0.547966 0.654888 0.547775 0.652505 0.547392 0.650463 0.547009 0.647569 0.547009 0.645187 0.547488 0.642974 0.548062 0.639400 0.548445 0.637697 0.549020 0.636166 0.549786 0.635485 0.550551 0.635315 0.553041 0.634293 0.554956 0.634293 0.556200 0.634464 0.556296 0.634464 0.555339 0.636846 0.555243 0.638378 0.554956 0.640421 0.554573 0.641953 0.553711 0.643825 0.552849 0.645697 0.552179 0.647399 0.551126 0.649272
8 0.566062 0.628336 0.565679 0.625953 0.565966 0.624251 0.566540 0.620507 0.566636 0.617613 0.567785 0.614039 0.570561 0.611826 0.572476 0.611826 0.574583 0.612166 0.577263 0.612507 0.579561 0.612166 0.582050 0.613358 0.583295 0.613188 0.585784 0.613868 0.586837 0.617443 0.587699 0.622889 0.587699 0.627996 0.587891 0.631740 0.587891 0.634804 0.588178 0.640080 0.588178 0.643314 0.587699 0.647399 0.587603 0.651484 0.587986 0.654208 0.587603 0.657612 0.587412 0.659144 0.586550 0.660675 0.584635 0.660846 0.583965 0.659144 0.583582 0.656590 0.583582 0.652335 0.583487 0.650123 0.582338 0.647910 0.581189 0.644676 0.580423 0.641272 0.579753 0.638719 0.579274 0.635825 0.578508 0.633783 0.577455 0.632251 0.576019 0.631910 0.572859 0.630719 0.570944 0.631230 0.569795 0.630379 0.568168 0.627485
4 0.617570 0.675313 0.617283 0.678717 0.617283 0.680249 0.617283 0.683143 0.617570 0.685866 0.618528 0.686547 0.619294 0.686547 0.620730 0.684334 0.620538 0.686377 0.621687 0.686717 0.622741 0.687568 0.623123 0.685015 0.622836 0.682121 0.622932 0.679058 0.623219 0.676334 0.624081 0.673441 0.624272 0.669356 0.625134 0.664931 0.625326 0.662037 0.625326 0.657441 0.625900 0.653356 0.625900 0.649101 0.627049 0.647229 0.627623 0.645527 0.627719 0.642804 0.627719 0.638208 0.627719 0.633783 0.627815 0.631059 0.627528 0.626634 0.627528 0.621528 0.627623 0.617953 0.626666 0.617613 0.625421 0.615741 0.623889 0.615060 0.623123 0.614379 0.622262 0.611145 0.621113 0.608252 0.619773 0.607911 0.618336 0.608422 0.617092 0.610805 0.617283 0.613188 0.617762 0.615230 0.617092 0.616592 0.616039 0.616592 0.614890 0.618294 0.614028 0.621017 0.613454 0.624932 0.612592 0.629528 0.612879 0.633442 0.613358 0.636166 0.613932 0.636846 0.614028 0.638038 0.613358 0.640591 0.612975 0.642974 0.612592 0.643995 0.611634 0.646718 0.611347 0.648761 0.611252 0.651654 0.611634 0.653356 0.613166 0.654378 0.614124 0.654718 0.615177 0.655910 0.615081 0.660165 0.615081 0.662888 0.615081 0.665441 0.615464 0.667313 0.615847 0.670888 0.616709 0.674292
8 0.600816 0.649272 0.600720 0.652165 0.599954 0.654888 0.597848 0.654888 0.596603 0.653867 0.595550 0.651484 0.595263 0.648420 0.595071 0.647569 0.594401 0.648761 0.594210 0.647740 0.593827 0.644336 0.593539 0.640251 0.593731 0.635655 0.593827 0.632251 0.593731 0.628506 0.593348 0.625102 0.593348 0.620677 0.593348 0.617613 0.593539 0.614379 0.593539 0.610464 0.595263 0.607571 0.596412 0.606720 0.600816 0.607401 0.600241 0.609103 0.600050 0.611656 0.600337 0.613868 0.601390 0.614379 0.605124 0.614719 0.606081 0.613868 0.607996 0.613528 0.610773 0.616422 0.612305 0.616422 0.613166 0.616592 0.613645 0.618464 0.613645 0.619826 0.613358 0.621698 0.612975 0.624762 0.612496 0.626974 0.612113 0.628676 0.611539 0.630889 0.612113 0.634293 0.612975 0.635315 0.612975 0.637868 0.612783 0.640591 0.611347 0.644165 0.611156 0.645527 0.611347 0.645697 0.610773 0.648250 0.610677 0.650633 0.609624 0.650293 0.608475 0.649782 0.604550 0.649612 0.602252 0.650123
6 0.380475 0.676876 0.377971 0.674798 0.377638 0.673314 0.376302 0.667972 0.376302 0.662631 0.376135 0.656695 0.377471 0.650760 0.378472 0.647495 0.380142 0.646605 0.380642 0.643934 0.384482 0.643934 0.387987 0.643340 0.391326 0.643340 0.393997 0.643934 0.397002 0.644231 0.400174 0.644824 0.401342 0.649869 0.400341 0.652540 0.399005 0.653431 0.397002 0.656992 0.395333 0.658773 0.393663 0.656102 0.391493 0.652837 0.387654 0.654915 0.386318 0.657585 0.384482 0.661740 0.383480 0.666785 0.382646 0.671237
6 0.862088 0.636948 0.860841 0.641938 0.860217 0.645265 0.858970 0.650255 0.856475 0.650809 0.853044 0.651364 0.850237 0.647483 0.847430 0.643602 0.841193 0.644711 0.839009 0.639166 0.836203 0.630295 0.834331 0.621424 0.833708 0.611998 0.832460 0.600355 0.835891 0.589266 0.843064 0.584830 0.847742 0.587048 0.851485 0.594256 0.856163 0.598137 0.858658 0.608672 0.860217 0.617543
6 0.746694 0.613107 0.750125 0.611998 0.753867 0.613107 0.758857 0.614216 0.763224 0.613107 0.766966 0.611998 0.770085 0.618097 0.770397 0.629741 0.770085 0.635839 0.767278 0.639166 0.761976 0.638612 0.760729 0.633622 0.756986 0.631404 0.756674 0.636394 0.755739 0.644156 0.753244 0.646928 0.747942 0.646928 0.746070 0.645265 0.744823 0.641384 0.742952 0.637503 0.741392 0.630849
8 0.774763 0.633622 0.787550 0.635839 0.790981 0.633067 0.798777 0.635285 0.801896 0.635839 0.802208 0.620869 0.798777 0.606454 0.797530 0.593147 0.798154 0.589820 0.793787 0.583167 0.787862 0.577623 0.784431 0.578177 0.775699 0.579840 0.770397 0.579840 0.766654 0.580949 0.760417 0.582613 0.756674 0.588157 0.751372 0.594810 0.749813 0.599800 0.748565 0.607008 0.753244 0.606454 0.757610 0.606454 0.761352 0.607563 0.766654 0.607563 0.769461 0.608672 0.768525 0.623642 0.771644 0.611444 0.772892 0.619206 0.774139 0.624750
