4 0.931275 0.717931 0.932457 0.722264 0.933517 0.722893 0.935638 0.723731 0.936345 0.722893 0.936581 0.720169 0.936699 0.715980 0.936817 0.714094 0.937170 0.710114 0.937288 0.707810 0.938348 0.701735 0.939055 0.698802 0.939880 0.694612 0.940941 0.691889 0.942001 0.689584 0.942944 0.687280 0.943180 0.686233 0.943533 0.684347 0.943769 0.676596 0.943769 0.674501 0.944005 0.671359 0.944594 0.669893 0.945890 0.672197 0.945772 0.676596 0.946008 0.682462 0.946479 0.686442 0.946715 0.691260 0.946833 0.695450 0.947657 0.698802 0.947540 0.705086 0.947422 0.709695 0.947422 0.715351 0.947422 0.716608 0.947422 0.718284 0.947540 0.720379 0.947775 0.722474 0.951075 0.724359 0.953903 0.724359 0.953667 0.720379 0.952842 0.717236 0.952371 0.713466 0.952489 0.708857 0.952724 0.704458 0.953196 0.701525 0.953549 0.695869 0.953549 0.691260 0.953549 0.688327 0.953549 0.683509 0.953314 0.679320 0.953314 0.675339 0.953314 0.671988 0.954021 0.668636 0.954374 0.666750 0.954963 0.661932 0.954845 0.657533 0.953431 0.652505 0.953314 0.648944 0.953785 0.645173 0.953785 0.640146 0.954728 0.646221 0.956142 0.648316 0.957320 0.652505 0.957438 0.655019 0.957438 0.658790 0.957556 0.662561 0.958734 0.663818 0.959794 0.663818 0.961326 0.663399 0.962151 0.660256 0.961562 0.656905 0.961091 0.651249 0.960502 0.649154 0.959677 0.647478 0.957556 0.642869 0.957084 0.640565 0.956731 0.639098 0.956259 0.635956 0.955788 0.633442 0.955552 0.632185 0.955435 0.625901 0.954728 0.620664 0.953667 0.614589 0.950957 0.609770 0.949425 0.608513 0.947893 0.607466 0.947085 0.606793 0.947468 0.605723 0.948617 0.605334 0.949383 0.604653 0.949328 0.602708 0.949273 0.600373 0.949328 0.599401 0.949875 0.598720 0.949985 0.598039 0.950094 0.597067 0.949711 0.596483 0.948836 0.592787 0.949383 0.592593 0.952009 0.591134 0.952228 0.589869 0.951845 0.588605 0.951024 0.588216 0.948781 0.588119 0.948343 0.588119 0.947523 0.587049 0.946429 0.585493 0.944787 0.584520 0.943474 0.583839 0.942052 0.583450 0.940301 0.583645 0.938003 0.585979 0.937237 0.591620 0.938715 0.596191 0.937566 0.598817 0.937347 0.600957 0.935651 0.602319 0.933134 0.603486 0.931931 0.607571 0.931383 0.609224 0.931055 0.610391 0.931438 0.611267 0.931493 0.613406 0.931110 0.616033 0.931110 0.621382 0.929961 0.625370 0.929961 0.626439 0.930727 0.628676 0.931419 0.630493 0.933668 0.630813 0.933398 0.633212 0.932678 0.636090 0.931959 0.641048 0.931869 0.643287 0.931869 0.647445 0.932049 0.652082 0.932319 0.656560 0.932858 0.660078 0.933938 0.662797 0.934568 0.665036 0.935197 0.667914 0.935557 0.669833 0.935917 0.671912 0.936816 0.675910 0.936816 0.677669 0.936816 0.682467 0.934927 0.685185 0.934747 0.686624 0.934568 0.689343 0.932858 0.701337 0.932678 0.705655 0.931869 0.709493 0.931779 0.712691
4 0.967342 0.713182 0.967870 0.717248 0.967870 0.719907 0.969806 0.721002 0.971565 0.722879 0.972005 0.721159 0.972093 0.719595 0.971565 0.717092 0.971565 0.715528 0.971917 0.712869 0.972093 0.711774 0.972093 0.709585 0.971565 0.708333 0.971565 0.707238 0.972621 0.705205 0.973237 0.703485 0.973501 0.702390 0.973853 0.701139 0.974205 0.699575 0.974469 0.698011 0.975348 0.701764 0.974996 0.708490 0.975172 0.711305 0.975172 0.716936 0.975172 0.718500 0.974996 0.719751 0.976140 0.720064 0.978076 0.720377 0.979307 0.720064 0.978428 0.716779 0.978252 0.713808 0.978428 0.710992 0.978780 0.708333 0.978956 0.705518 0.978956 0.703172 0.978956 0.700982 0.978956 0.698793 0.978956 0.697228 0.979219 0.695664 0.982563 0.693631 0.982915 0.691129 0.982739 0.685342 0.982123 0.682213 0.981947 0.679555 0.981947 0.677521 0.981331 0.670483 0.980803 0.666416 0.980187 0.662037 0.980099 0.659065 0.979835 0.654217 0.981419 0.661255 0.982915 0.664696 0.983970 0.670796 0.984322 0.674550 0.983882 0.677678 0.985290 0.676739 0.984322 0.680806 0.986434 0.679085 0.986786 0.675801 0.986082 0.668763 0.985466 0.662975 0.984674 0.656250 0.983706 0.649055 0.982475 0.643268 0.979219 0.637012 0.976580 0.637481 0.976580 0.634666 0.977372 0.629817 0.977020 0.621528 0.976844 0.619338 0.975788 0.617930 0.973941 0.616679 0.972269 0.616523 0.970422 0.616366 0.968574 0.618087 0.967518 0.619651 0.967166 0.621528 0.967430 0.623092 0.968398 0.629661 0.969894 0.633102 0.970070 0.634197 0.969102 0.635604 0.967430 0.636699 0.966023 0.638576 0.964791 0.641548 0.964351 0.643112 0.963559 0.645614 0.963207 0.646396 0.962591 0.647804 0.962240 0.649212 0.961800 0.650307 0.961360 0.652340 0.961360 0.656250 0.961448 0.658596 0.962943 0.659378 0.963647 0.657032 0.964439 0.654373 0.965055 0.653122 0.965759 0.652027 0.966375 0.655155 0.966375 0.658127 0.966375 0.660786 0.966375 0.664852 0.966375 0.666729 0.966375 0.669701 0.966639 0.673924 0.967166 0.677990 0.967606 0.682370 0.967694 0.688001 0.968926 0.690190 0.969542 0.692693 0.970070 0.695977 0.970158 0.697698 0.969718 0.702859 0.969102 0.706144 0.968486 0.709741 0.968046 0.711461
6 0.000000 0.703832 0.005498 0.706919 0.008247 0.710777 0.011863 0.715664 0.014178 0.716178 0.015625 0.711291 0.019965 0.713606 0.023003 0.717464 0.027344 0.720036 0.033420 0.720036 0.049624 0.718493 0.056858 0.716435 0.063223 0.715664 0.069444 0.719522 0.075666 0.722608 0.094039 0.723380 0.118634 0.722094 0.124421 0.719007 0.128038 0.709234 0.132957 0.706919 0.138166 0.708205 0.140046 0.703832 0.140914 0.698174 0.141204 0.684028 0.140914 0.674254 0.139612 0.666281 0.138744 0.658822 0.134404 0.651878 0.128617 0.642618 0.121672 0.634645 0.115017 0.627958 0.107494 0.624614 0.103443 0.623328 0.085359 0.621013 0.070023 0.621528 0.056713 0.622299 0.044560 0.623071 0.033275 0.629501 0.023293 0.644419 0.016348 0.654450 0.010272 0.664480 0.004340 0.669110 0.000868 0.672197
6 0.532765 0.659633 0.532842 0.662655 0.532842 0.667463 0.533228 0.670486 0.533460 0.675294 0.534387 0.677217 0.536474 0.677629 0.537633 0.677629 0.538715 0.676668 0.538792 0.674195 0.538792 0.670486 0.540338 0.668562 0.544279 0.668562 0.544819 0.669662 0.546674 0.669799 0.549379 0.668288 0.553552 0.667463 0.558497 0.667463 0.566147 0.667463 0.568002 0.667463 0.568929 0.668013 0.569084 0.671310 0.569084 0.674470 0.569161 0.675294 0.569084 0.677492 0.570629 0.677629 0.572948 0.677767 0.574029 0.677767 0.575266 0.677217 0.575343 0.674607 0.575343 0.672409 0.575266 0.669112 0.574879 0.665128 0.574879 0.660732 0.574957 0.652764 0.574570 0.648231 0.574416 0.642049 0.575498 0.637103 0.574570 0.632844 0.571943 0.628998 0.570784 0.624189 0.569779 0.618145 0.569084 0.615123 0.566843 0.614024 0.564293 0.613337 0.562825 0.612924 0.560197 0.612238 0.557183 0.612100 0.552547 0.612238 0.549920 0.612100 0.547138 0.613062 0.544047 0.613474 0.541960 0.613611 0.539488 0.613474 0.538019 0.613611 0.537556 0.621305 0.537092 0.626525 0.536087 0.632157 0.533769 0.640950 0.534156 0.650566 0.533615 0.652764 0.533383 0.654962 0.532378 0.657847
6 0.467878 0.660561 0.468590 0.662775 0.468649 0.664884 0.468649 0.666255 0.470488 0.666783 0.471141 0.666783 0.471912 0.665728 0.472268 0.664674 0.474463 0.663408 0.476005 0.662775 0.481581 0.662459 0.486149 0.661299 0.490538 0.661826 0.492852 0.661932 0.493089 0.664357 0.493445 0.665517 0.494869 0.665728 0.495462 0.665728 0.496648 0.664779 0.496708 0.661826 0.496886 0.658979 0.497360 0.656975 0.497360 0.651069 0.497360 0.645480 0.496708 0.639785 0.495403 0.635356 0.494809 0.630821 0.493445 0.626498 0.491784 0.622490 0.489708 0.622490 0.483776 0.622490 0.476717 0.621752 0.473691 0.621436 0.470903 0.625021 0.469836 0.629450 0.469420 0.632720 0.469124 0.636305 0.468056 0.641367 0.467878 0.642633 0.467048 0.648433 0.467048 0.650437 0.467285 0.654866 0.467344 0.657397 0.467403 0.659295
6 0.611529 0.659587 0.611675 0.661908 0.612327 0.662940 0.613053 0.665519 0.614866 0.665648 0.615664 0.665519 0.616390 0.664358 0.616752 0.662682 0.618421 0.658555 0.622265 0.658426 0.626255 0.659329 0.628213 0.659587 0.629084 0.659587 0.630027 0.662682 0.630390 0.662940 0.632638 0.663327 0.633436 0.662295 0.634234 0.660232 0.634379 0.658555 0.635758 0.656879 0.637716 0.656750 0.639385 0.657008 0.639530 0.659200 0.639457 0.661134 0.641126 0.662811 0.643084 0.663327 0.643519 0.661908 0.643809 0.660361 0.644172 0.659200 0.645623 0.655202 0.645623 0.649012 0.645623 0.642435 0.645623 0.639469 0.645478 0.634827 0.644970 0.631345 0.644027 0.629668 0.642286 0.627863 0.640545 0.626186 0.637716 0.621544 0.635830 0.618449 0.633146 0.615870 0.630970 0.614709 0.626835 0.614709 0.616462 0.615999 0.613488 0.616257 0.610659 0.620254 0.608193 0.624510 0.607322 0.626960 0.606814 0.630313 0.606162 0.630829 0.604856 0.630958 0.604275 0.631345 0.603623 0.632376 0.603550 0.633666 0.606669 0.634827 0.606814 0.637019 0.605799 0.637535 0.604348 0.638309 0.602825 0.640501 0.602825 0.644370 0.602825 0.646949 0.602825 0.649657 0.602825 0.651978 0.602825 0.654686 0.602897 0.656492 0.603042 0.658555 0.603187 0.662037 0.603985 0.663714 0.604711 0.663971 0.605799 0.664358 0.607322 0.662553 0.607540 0.661134 0.607757 0.659329 0.608120 0.658297 0.609861 0.658168 0.611022 0.658426
4 0.510039 0.646369 0.509443 0.650964 0.508780 0.655911 0.509045 0.662979 0.509509 0.666278 0.510039 0.669341 0.510105 0.670990 0.509708 0.673817 0.508515 0.675113 0.508382 0.676527 0.508250 0.677351 0.509906 0.677469 0.511894 0.676173 0.513816 0.673346 0.514214 0.668987 0.514677 0.663686 0.514810 0.658974 0.514015 0.654380 0.512756 0.649668 0.512888 0.645191 0.515075 0.642128 0.518057 0.639890 0.521768 0.635885 0.523225 0.637416 0.524484 0.640008 0.524882 0.642717 0.525147 0.644956 0.525876 0.642246 0.525743 0.640008 0.525743 0.637534 0.526009 0.635885 0.525743 0.631526 0.525743 0.627639 0.525611 0.621984 0.526406 0.622809 0.526472 0.625518 0.527400 0.630466 0.527798 0.626107 0.527798 0.620806 0.526737 0.615505 0.525942 0.611618 0.525611 0.610086 0.523358 0.609968 0.522695 0.606906 0.521966 0.602547 0.521304 0.598895 0.520509 0.596892 0.518653 0.596068 0.516864 0.596303 0.514810 0.599013 0.514545 0.601722 0.514677 0.605492 0.514280 0.607848 0.512888 0.609262 0.511629 0.610793 0.510569 0.612796 0.510105 0.613974 0.509774 0.615741 0.510370 0.622573 0.510768 0.624340 0.510900 0.626814 0.511298 0.628935 0.511497 0.630230 0.511033 0.634118 0.510105 0.637416 0.510238 0.639655 0.510635 0.643424
5 0.509973 0.678294 0.512491 0.680179 0.513551 0.682888 0.513551 0.686304 0.513882 0.689132 0.514479 0.691488 0.516864 0.693019 0.518985 0.692901 0.520840 0.692901 0.523225 0.689838 0.523689 0.686658 0.523689 0.682299 0.525412 0.680885 0.526605 0.679825 0.527930 0.679590 0.528063 0.675231 0.528063 0.670519 0.527599 0.665925 0.527334 0.661801 0.527201 0.657561 0.527466 0.651553 0.527466 0.648254 0.527533 0.645780 0.527599 0.642246 0.527400 0.639183 0.526406 0.637652 0.526141 0.641775 0.525876 0.644013 0.525412 0.644720 0.524551 0.642364 0.524286 0.640361 0.523623 0.638830 0.523027 0.637888 0.521304 0.637534 0.518388 0.638123 0.517063 0.640244 0.516135 0.642482 0.514015 0.644367 0.513286 0.645545 0.512888 0.647783 0.512888 0.649432 0.513418 0.652024 0.514280 0.655440 0.514677 0.657796 0.514744 0.659445 0.514744 0.661095 0.514744 0.665218 0.514744 0.666867 0.514744 0.668870 0.514545 0.671226 0.514214 0.672993 0.513418 0.675231 0.512690 0.675820 0.511298 0.676762
4 0.810309 0.652495 0.810245 0.655996 0.810563 0.659045 0.811071 0.661868 0.811388 0.664465 0.811515 0.667626 0.811515 0.670336 0.811388 0.672030 0.810626 0.672708 0.809102 0.673272 0.807641 0.674514 0.807069 0.675079 0.807006 0.676547 0.808149 0.677337 0.809102 0.676773 0.810817 0.676660 0.812151 0.676547 0.814183 0.676886 0.814501 0.676547 0.814564 0.674740 0.814437 0.673837 0.814374 0.671692 0.814374 0.669659 0.814374 0.666497 0.814374 0.663561 0.814564 0.662319 0.814691 0.658706 0.814310 0.655093 0.814310 0.650915 0.814374 0.647301 0.814818 0.643914 0.816089 0.640075 0.816660 0.639171 0.817423 0.640752 0.817677 0.643914 0.817931 0.645946 0.818629 0.648995 0.820535 0.654754 0.821488 0.656109 0.823901 0.659045 0.825108 0.661303 0.825616 0.662658 0.825870 0.664465 0.826251 0.668191 0.826251 0.670111 0.826251 0.672821 0.826251 0.673611 0.825362 0.673724 0.825235 0.675305 0.825235 0.676660 0.825362 0.677450 0.826696 0.676886 0.828220 0.676321 0.830126 0.674966 0.831587 0.673724 0.832031 0.672708 0.832095 0.671804 0.831333 0.670336 0.830062 0.669998 0.829237 0.668304 0.828919 0.664465 0.828284 0.661077 0.828093 0.660174 0.827712 0.657916 0.827649 0.657125 0.826061 0.651592 0.824727 0.649560 0.823965 0.647866 0.823520 0.642333 0.823520 0.639058 0.823520 0.636913 0.823647 0.633751 0.823647 0.630928 0.823647 0.625960 0.824346 0.619298 0.825553 0.615571 0.825807 0.609813 0.825934 0.604618 0.825680 0.601344 0.824727 0.597617 0.823711 0.596375 0.821932 0.594569 0.820344 0.593665 0.820217 0.591407 0.820789 0.588923 0.821170 0.586890 0.821106 0.584632 0.820535 0.583503 0.820154 0.582374 0.819519 0.581357 0.819010 0.581019 0.817804 0.581019 0.816406 0.581696 0.815390 0.582938 0.815009 0.584180 0.814818 0.585648 0.814818 0.587116 0.814310 0.589036 0.814310 0.590391 0.814437 0.592310 0.814755 0.592988 0.814691 0.594343 0.813612 0.595246 0.812659 0.596262 0.811770 0.598521 0.811515 0.600440 0.811452 0.604393 0.811325 0.608232 0.811134 0.613200 0.810499 0.624605 0.810055 0.627654 0.809610 0.629460 0.809356 0.631944 0.809356 0.634654 0.809292 0.636009 0.810309 0.634316 0.809102 0.642785 0.809102 0.645720 0.808975 0.648543 0.809546 0.650463
4 0.855788 0.666789 0.854667 0.669395 0.853546 0.673381 0.852252 0.674608 0.852511 0.676294 0.855615 0.676141 0.856564 0.675374 0.858547 0.674301 0.858375 0.675221 0.858116 0.676141 0.859841 0.676907 0.861738 0.675681 0.862945 0.674608 0.862945 0.670315 0.862255 0.667709 0.862772 0.661730 0.862772 0.655292 0.862341 0.650846 0.862428 0.643335 0.862341 0.635056 0.863807 0.629844 0.864928 0.624632 0.867084 0.620953 0.868981 0.616661 0.869585 0.612521 0.869585 0.607309 0.869498 0.602404 0.869412 0.598725 0.868205 0.596732 0.866135 0.595505 0.864842 0.595045 0.864842 0.593512 0.865963 0.591673 0.866308 0.588760 0.865359 0.586307 0.864670 0.585694 0.863721 0.584928 0.863290 0.584468 0.861738 0.584468 0.860186 0.584928 0.857944 0.587380 0.857944 0.591213 0.858288 0.594279 0.859065 0.595659 0.859927 0.595965 0.859754 0.597651 0.859151 0.598111 0.857599 0.600104 0.857081 0.603630 0.856133 0.607922 0.855702 0.611448 0.855270 0.616047 0.854839 0.622486 0.854667 0.626318 0.854667 0.630151 0.854667 0.633983 0.854667 0.636130 0.854667 0.640575 0.854667 0.645174 0.854753 0.650693 0.855098 0.654832 0.855443 0.659124 0.855702 0.662190 0.855960 0.664183
6 0.133295 0.646822 0.139001 0.635638 0.146755 0.629135 0.150413 0.621593 0.155826 0.620032 0.167237 0.618732 0.180697 0.619772 0.192255 0.620552 0.199716 0.620813 0.202642 0.622893 0.206153 0.629396 0.210396 0.636938 0.212006 0.643440 0.211859 0.649163 0.210542 0.657225 0.211274 0.663728 0.211274 0.671270 0.210542 0.680373 0.206300 0.690257 0.203227 0.693638 0.196790 0.695719 0.193572 0.697800 0.183769 0.700140 0.174552 0.701441 0.162556 0.707943 0.152461 0.707943 0.147048 0.708203 0.141927 0.706383 0.140318 0.703001 0.141342 0.692858 0.141488 0.680373 0.141342 0.670490 0.138416 0.655925 0.135782 0.652544
6 0.173190 0.618606 0.182730 0.608750 0.197814 0.605542 0.215218 0.604625 0.230688 0.608521 0.245127 0.610813 0.246932 0.612647 0.247963 0.617001 0.252991 0.628690 0.254796 0.633961 0.255054 0.639691 0.255054 0.647483 0.254667 0.655734 0.254280 0.662381 0.252862 0.669944 0.251057 0.675674 0.247447 0.682320 0.239712 0.684383 0.234427 0.680945 0.231977 0.673840 0.227078 0.673611 0.219472 0.672694 0.210705 0.672694 0.210963 0.661922 0.210577 0.658026 0.212124 0.648629 0.212252 0.643358 0.211737 0.641525 0.210448 0.637628 0.206451 0.628461 0.201810 0.620668 0.200134 0.620210 0.193430 0.620210 0.180667 0.619752
6 0.256590 0.683296 0.255315 0.678005 0.254571 0.671391 0.254677 0.664588 0.254996 0.657785 0.255208 0.651361 0.255952 0.645692 0.256590 0.640212 0.257759 0.636999 0.259247 0.633598 0.260629 0.629819 0.261905 0.625661 0.262861 0.621693 0.263818 0.617158 0.264349 0.615079 0.265519 0.611867 0.267963 0.608655 0.271046 0.605820 0.277849 0.605253 0.287521 0.605253 0.296875 0.604497 0.303359 0.604875 0.308461 0.609977 0.309949 0.623583 0.311012 0.634921 0.312181 0.644747 0.312075 0.646636 0.306229 0.646447 0.300170 0.646259 0.298682 0.649282 0.295387 0.654384 0.293686 0.657029 0.292942 0.663076 0.292517 0.668367 0.291241 0.674981 0.286671 0.679327 0.281037 0.681217 0.271152 0.680083 0.266688 0.679138 0.261905 0.677816 0.262011 0.679138 0.260842 0.684807 0.258610 0.685374
6 0.414641 0.669072 0.414045 0.664685 0.413705 0.659541 0.413535 0.655607 0.413109 0.647286 0.413620 0.638965 0.413620 0.634577 0.413280 0.633367 0.411067 0.630189 0.411322 0.627012 0.411748 0.625045 0.412343 0.622625 0.413960 0.621414 0.415067 0.620355 0.415748 0.617632 0.415833 0.614757 0.415918 0.611429 0.417194 0.610067 0.418896 0.609008 0.420088 0.609916 0.420854 0.613547 0.420684 0.616422 0.420428 0.618842 0.421279 0.621414 0.422981 0.624592 0.422981 0.627769 0.422471 0.630946 0.422215 0.632761 0.423407 0.640024 0.423492 0.644562 0.421109 0.647134 0.421194 0.651068 0.420258 0.657725 0.419918 0.660600 0.419662 0.665744 0.419918 0.668467 0.420343 0.671342 0.417875 0.672552 0.417790 0.668316 0.418130 0.665139 0.418216 0.660751 0.418216 0.658330 0.418130 0.655910 0.417535 0.650614 0.415833 0.648194 0.415407 0.651825 0.415748 0.656363 0.416003 0.660902 0.416173 0.663928 0.416428 0.668164 0.415577 0.670888
4 0.709467 0.630156 0.709656 0.653668 0.711419 0.656355 0.712994 0.658930 0.713120 0.662737 0.713120 0.665536 0.714379 0.665648 0.715387 0.663968 0.715765 0.667663 0.717402 0.666767 0.718347 0.664080 0.718347 0.657251 0.718158 0.652996 0.719040 0.649077 0.719481 0.644151 0.719669 0.640456 0.720488 0.637881 0.720866 0.626685 0.720866 0.622430 0.720677 0.617728 0.719481 0.612690 0.717528 0.610786 0.716395 0.610562 0.716080 0.610451 0.716143 0.608099 0.716269 0.604517 0.715009 0.600822 0.713938 0.598247 0.711230 0.598359 0.710223 0.601606 0.710160 0.604629 0.710727 0.608211 0.710978 0.611906 0.708648 0.613250 0.708081 0.617280 0.707704 0.621087 0.707704 0.624782 0.707200 0.631164 0.706570 0.635418 0.705751 0.641240 0.706381 0.641800 0.707767 0.641016 0.707892 0.638665 0.707767 0.635866 0.708081 0.633403
4 0.736800 0.625789 0.736296 0.631052 0.736611 0.635306 0.737555 0.641128 0.738248 0.644823 0.738689 0.650533 0.738941 0.655571 0.739193 0.660945 0.739319 0.664304 0.739508 0.666655 0.740956 0.666320 0.741775 0.667327 0.742783 0.668335 0.743853 0.667215 0.744105 0.665984 0.743979 0.660610 0.743853 0.657027 0.744042 0.650309 0.744798 0.645942 0.745743 0.639001 0.746121 0.634075 0.746498 0.629372 0.745743 0.622542 0.745428 0.620079 0.745365 0.617728 0.746183 0.618960 0.747380 0.619855 0.747947 0.618400 0.747632 0.615825 0.746813 0.612466 0.746121 0.609107 0.744231 0.606308 0.742468 0.602053 0.741775 0.600150 0.741460 0.598471 0.738059 0.597351 0.736422 0.600598 0.735792 0.604740 0.736044 0.609891 0.737492 0.614145 0.737366 0.614593 0.736485 0.615377 0.735918 0.618512 0.735855 0.623550
4 0.702552 0.654167 0.701042 0.659907 0.701250 0.664074 0.701250 0.667407 0.700417 0.669907 0.698333 0.669167 0.697760 0.668056 0.697448 0.661667 0.697135 0.656481 0.696510 0.648241 0.695990 0.644444 0.695260 0.636481 0.695573 0.635741 0.695521 0.629722 0.695260 0.631389 0.694271 0.634444 0.692396 0.636759 0.691458 0.638981 0.690156 0.640185 0.690156 0.636574 0.692396 0.632315 0.693438 0.629167 0.694323 0.626019 0.694948 0.622037 0.695833 0.618056 0.697448 0.615926 0.697917 0.614259 0.697760 0.611852 0.697448 0.608889 0.697448 0.607500 0.697969 0.604630 0.700313 0.604630 0.701406 0.605926 0.701927 0.609074 0.701615 0.612500 0.701302 0.615093 0.702500 0.615278 0.703646 0.617315 0.704323 0.620556 0.704635 0.622593 0.704531 0.625833 0.703594 0.630000 0.703646 0.633704 0.703125 0.638333 0.703594 0.643611 0.703438 0.645833 0.703073 0.650370
