1 0.234756 0.739612 0.234248 0.773939 0.385671 0.773487 0.491902 0.768126 0.494885 0.767857 0.452702 0.734426
5 0.343750 0.586043 0.335844 0.620701 0.330264 0.632275 0.328404 0.703373 0.323933 0.717028 0.328506 0.752258 0.323171 0.776197 0.331809 0.780262 0.338923 0.792457 0.344512 0.790199 0.345020 0.815944 0.351118 0.819106 0.356961 0.750452 0.364837 0.742773 0.374746 0.778004 0.379319 0.808717 0.390498 0.808717 0.383892 0.789295 0.382622 0.761743 0.375000 0.731481 0.378049 0.723803 0.368394 0.634824 0.358740 0.618564 0.361789 0.601852 0.357724 0.583333
5 0.482884 0.584577 0.475707 0.587194 0.470738 0.613369 0.463928 0.625474 0.459542 0.650463 0.454892 0.698413 0.460615 0.723629 0.461352 0.752748 0.463744 0.753076 0.468529 0.769762 0.475523 0.767799 0.475891 0.780886 0.485829 0.784158 0.487117 0.764854 0.497675 0.756283 0.501840 0.732790 0.510122 0.757329 0.518588 0.749477 0.514171 0.741624 0.507178 0.708579 0.500552 0.692220 0.500184 0.672261 0.499264 0.656230 0.503681 0.654594 0.497607 0.623839 0.490246 0.613041 0.488958 0.595046
10 0.253557 0.392728 0.253049 0.423893 0.300305 0.422087 0.301067 0.395438
11 0.812035 0.562831 0.743211 0.544643 0.705078 0.556217 0.637703 0.579720 0.637195 0.598238 0.656250 0.597787 0.655996 0.607724 0.645071 0.625790 0.642530 0.662376 0.647612 0.785682 0.655742 0.798780 0.662295 0.824074 0.676829 0.815944 0.677591 0.800136 0.699695 0.801942 0.707063 0.851174 0.724848 0.857498 0.736026 0.808717 0.791574 0.799272 0.799944 0.842262 0.821646 0.845303 0.831047 0.813686 0.830636 0.734788 0.821336 0.721561
6 0.058271 0.604080 0.075893 0.589460 0.183315 0.584325 0.205636 0.602513 0.222377 0.665344 0.231678 0.705026 0.230576 0.817112 0.215695 0.820593 0.215867 0.795966 0.210286 0.804233 0.211779 0.863757 0.198073 0.864453 0.191685 0.819114 0.118578 0.826859 0.120144 0.748190 0.115836 0.714773 0.106046 0.678571 0.072368 0.649332
4 0.951985 0.577690 0.958691 0.580472 0.962491 0.586830 0.961597 0.592394 0.964056 0.598752 0.972103 0.610674 0.977244 0.637299 0.974338 0.657169 0.974115 0.665117 0.970091 0.672667 0.967185 0.685781 0.970762 0.735058 0.954667 0.733866 0.957797 0.724726 0.954667 0.700882 0.949303 0.677039 0.950420 0.661143 0.948632 0.644850 0.945950 0.658759 0.945055 0.669091 0.942373 0.665514 0.941926 0.648029 0.946844 0.613058 0.950644 0.604316 0.949079 0.587228
3 0.432812 0.905556 0.439063 0.853704 0.506771 0.901852 0.483333 0.901852 0.501563 0.928704 0.525521 0.923148 0.516667 0.899074 0.603125 0.926852 0.585938 0.949074 0.471875 0.925926 0.461979 0.900000
4 0.565625 0.632407 0.562500 0.622222 0.561458 0.605556 0.555208 0.605556 0.555208 0.621296 0.551562 0.625000 0.551562 0.638889 0.548958 0.701852 0.559375 0.697222 0.559375 0.675000
6 0.621354 0.619444 0.593229 0.618519 0.559375 0.639815 0.558854 0.672222 0.561458 0.698148 0.563542 0.698148 0.569271 0.710185 0.578125 0.713889 0.583333 0.696296 0.621875 0.690741
4 0.369888 0.649863 0.370853 0.637860 0.373939 0.629630 0.372975 0.613855 0.375675 0.613855 0.377797 0.620027 0.381655 0.628944 0.382812 0.640261 0.380498 0.652606 0.379340 0.670096 0.380112 0.691015 0.374132 0.688615 0.373939 0.666324 0.371238 0.657064
6 0.341917 0.620027 0.324942 0.622771 0.321663 0.642661 0.321084 0.666324 0.320505 0.682442 0.324171 0.683813 0.329379 0.672154 0.330150 0.633059
4 0.323013 0.627229 0.311439 0.627572 0.306809 0.641289 0.306809 0.674897 0.314718 0.676955 0.316454 0.671468 0.320312 0.670782
4 0.454958 0.629973 0.452836 0.624486 0.451100 0.629973 0.451100 0.632030 0.447627 0.635460 0.445505 0.662551 0.446663 0.662894 0.448399 0.646091 0.448206 0.660837 0.451678 0.687243 0.454958 0.688272 0.454186 0.657064 0.456115 0.674211 0.459201 0.656379 0.458044 0.634088
4 0.449942 0.625171 0.449942 0.616941 0.447049 0.612483 0.446470 0.622771 0.439718 0.635117 0.440683 0.650892 0.442612 0.653292 0.441840 0.683813 0.446470 0.685528 0.450521 0.685528 0.449749 0.664266
6 0.000183 0.464263 0.062317 0.602339 0.075110 0.657570 0.105263 0.677063 0.117142 0.738791 0.115314 0.841131 0.107091 0.936972 0.065058 0.946719 0.051352 0.945094 0.054094 0.927225 0.033077 0.946719 0.000183 0.943470
