0 0.003125 0.812963 0.001042 0.836420 0.823958 0.809259 0.784133 0.792659
2 0.466983 0.812500 0.443731 0.842262 0.456752 0.840608 0.444215 0.908043 0.490171 0.905320 0.473320 0.843137 0.489149 0.843137
3 0.690197 0.805886 0.701358 0.852183 0.715309 0.847222 0.793434 0.906746 0.827846 0.898479 0.776693 0.865410 0.793434 0.860450 0.811105 0.868717 0.830636 0.853836 0.766462 0.838955 0.778553 0.850529 0.762742 0.858796 0.733910 0.840608 0.751581 0.835648
6 0.413781 0.646271 0.411106 0.653278 0.410121 0.660285 0.408713 0.663539 0.407587 0.669795 0.407869 0.679805 0.408432 0.684309 0.412796 0.684309 0.414344 0.680556 0.431095 0.679555 0.431095 0.683058 0.434896 0.682808 0.434896 0.674049 0.434755 0.662538 0.430954 0.645771
4 0.358319 0.642267 0.361557 0.641517 0.363668 0.643769 0.363246 0.650025 0.366061 0.653028 0.367328 0.665541 0.366061 0.678053 0.364794 0.686061 0.362824 0.687062 0.362401 0.692568 0.360853 0.692317 0.360572 0.687312 0.359445 0.688063 0.359305 0.693569 0.357615 0.694319 0.357193 0.691066 0.357193 0.686812 0.355785 0.684309 0.355645 0.671296 0.356489 0.663288 0.354519 0.662287 0.357193 0.655531 0.357334 0.651527
4 0.339175 0.646021 0.338331 0.642267 0.335656 0.642017 0.335797 0.647022 0.333685 0.652528 0.333404 0.656532 0.334248 0.658283 0.333685 0.668043 0.335234 0.667793 0.336219 0.680556 0.338612 0.684560 0.339316 0.680305 0.340301 0.667543 0.341005 0.659535 0.340442 0.653028 0.342694 0.666291 0.343257 0.666291 0.342131 0.653779 0.341005 0.648273
6 0.454040 0.646522 0.465301 0.647272 0.467553 0.655781 0.468680 0.664039 0.468539 0.678053 0.466005 0.677553 0.466005 0.674049 0.453758 0.673799 0.453618 0.678053 0.450099 0.677052 0.450662 0.658033
6 0.512458 0.644019 0.528787 0.644269 0.532447 0.650776 0.533573 0.657032 0.534980 0.667292 0.534980 0.685310 0.529490 0.685561 0.529631 0.681306 0.511613 0.680806 0.511613 0.685310 0.507812 0.685811 0.506968 0.683058 0.507249 0.659284
11 0.484868 0.642518 0.491624 0.640265 0.499226 0.642768 0.500493 0.673549 0.499226 0.680806 0.497818 0.678804 0.497959 0.673048 0.492469 0.674550 0.492469 0.679054 0.491343 0.679054 0.491202 0.673298 0.486416 0.673298 0.485853 0.678303 0.484868 0.678303 0.484164 0.671046
6 0.464633 0.646918 0.472609 0.647126 0.473430 0.652548 0.474838 0.657345 0.475542 0.667355 0.474955 0.673611 0.472609 0.673403 0.472609 0.670274 0.468973 0.669649 0.468504 0.664227
5 0.368560 0.661307 0.368677 0.681119 0.370320 0.682161 0.371023 0.685707 0.372548 0.685498 0.373956 0.681327 0.374660 0.686958 0.376419 0.687792 0.377123 0.681744 0.379821 0.680076 0.380408 0.669232 0.380290 0.662767 0.379821 0.655468 0.379587 0.646918 0.376067 0.640453 0.370789 0.640661 0.371375 0.651089
4 0.342401 0.647335 0.343105 0.643998 0.344864 0.643790 0.347093 0.652965 0.346624 0.656302 0.347328 0.665478 0.345099 0.666938 0.344982 0.680702 0.340172 0.680284 0.340172 0.667146 0.341697 0.657136
