1 0.421048 0.714947 0.398624 0.734788 0.755456 0.737728 0.717427 0.716417
6 0.489769 0.589286 0.453704 0.660567 0.451637 0.719356 0.456597 0.739932 0.456184 0.788433 0.472305 0.790638 0.475612 0.759774 0.577195 0.761243 0.578538 0.792842 0.594659 0.792108 0.597140 0.670855 0.572545 0.592593
9 0.580459 0.300402 0.580213 0.323987 0.618047 0.322676 0.618293 0.298218
2 0.432622 0.796517 0.383019 0.834730 0.401207 0.836934 0.339203 0.919974 0.400484 0.933201 0.421462 0.835464 0.444196 0.833995
3 0.721974 0.802396 0.728795 0.843915 0.741815 0.838955 0.824901 0.936141 0.891038 0.936875 0.820767 0.878086 0.837612 0.873677 0.863653 0.895172 0.882254 0.863757 0.809710 0.843915 0.821594 0.856041 0.800926 0.863389 0.769717 0.840608 0.791419 0.839874
4 0.756881 0.572357 0.752397 0.570518 0.748948 0.579409 0.750500 0.586154 0.750328 0.591979 0.748086 0.595352 0.746016 0.606390 0.747051 0.615587 0.749465 0.617734 0.748776 0.640115 0.750155 0.651153 0.751880 0.663723 0.753949 0.676294 0.753432 0.681199 0.751018 0.685492 0.752742 0.687945 0.758433 0.686105 0.757744 0.679053 0.757226 0.649926 0.759641 0.668629 0.760503 0.677520 0.758088 0.607922
1 0.344739 0.717124 0.053336 0.728258 0.004879 0.748183 0.318697 0.737635
6 0.332542 0.619843 0.355617 0.619257 0.358914 0.635080 0.360245 0.646923 0.360019 0.664598 0.356606 0.664967 0.356276 0.660279 0.331553 0.661451 0.331435 0.667410 0.326938 0.667311 0.326351 0.660581 0.326279 0.643870
11 0.385614 0.611053 0.410997 0.612225 0.415612 0.632150 0.412315 0.659107 0.410338 0.659693 0.409391 0.665803 0.403745 0.666725 0.401437 0.660279 0.386274 0.658521 0.383858 0.666406 0.381329 0.666725 0.380670 0.657935 0.382648 0.627461
6 0.480714 0.599362 0.449268 0.601109 0.439687 0.640418 0.437475 0.667933 0.437967 0.688461 0.440424 0.705494 0.447302 0.706805 0.448040 0.697196 0.450742 0.695012 0.452953 0.666623 0.465974 0.649589
6 0.445337 0.615522 0.438212 0.615086 0.430105 0.639107 0.430105 0.665749 0.437475 0.668370 0.437475 0.662255 0.438949 0.660508 0.441161 0.639981
3 0.312426 0.616833 0.316603 0.621637 0.317094 0.632993 0.318323 0.645659 0.317340 0.651773 0.316357 0.651336 0.315374 0.655704 0.312672 0.654831 0.312672 0.650900 0.309724 0.650900 0.310215 0.643038 0.308250 0.638671 0.308741 0.630372 0.310461 0.623384
4 0.756672 0.578068 0.752928 0.573832 0.749523 0.582910 0.750204 0.589567 0.746800 0.599250 0.746800 0.609538 0.749523 0.613774 0.748502 0.632534 0.750885 0.651295 0.753268 0.680344 0.750545 0.685185 0.755310 0.687001 0.758374 0.686396
6 1.000000 0.711934 0.942130 0.738683 0.922454 0.804527 0.935185 0.899177 0.947917 0.938272 0.991898 0.962963
