1 0.005673 0.716601 0.002883 0.741402 0.548847 0.736686 0.476732 0.718606
2 0.260975 0.782738 0.238183 0.812624 0.257224 0.815611 0.246094 0.911706 0.309308 0.903226 0.273065 0.812500 0.292507 0.813620
3 0.493000 0.782756 0.504200 0.812624 0.521561 0.810633 0.614397 0.885251 0.645889 0.877340 0.583165 0.838511 0.595796 0.835648 0.621887 0.849003 0.626510 0.828183 0.576276 0.815034 0.579985 0.824074 0.560454 0.827381 0.529402 0.808642 0.554043 0.811629
11 0.310853 0.606183 0.322545 0.604451 0.335602 0.607569 0.336771 0.617269 0.335472 0.652260 0.336641 0.668773 0.330860 0.668889 0.328521 0.663577 0.314101 0.661960 0.312161 0.666600 0.305997 0.662765 0.305997 0.655642 0.304812 0.639095 0.308709 0.631242
11 0.257055 0.611599 0.265389 0.610651 0.274382 0.614517 0.274206 0.640745 0.272736 0.650777 0.271149 0.650986 0.271443 0.644716 0.264978 0.645761 0.264214 0.649627 0.263214 0.650254 0.262921 0.644612 0.259100 0.644925 0.258747 0.650463 0.257160 0.650359 0.256925 0.647642 0.255205 0.642281
6 0.225253 0.615330 0.239737 0.616973 0.241895 0.631218 0.240354 0.645464 0.237888 0.646011 0.236964 0.642176 0.224328 0.642176 0.223404 0.645464 0.221554 0.645464 0.221729 0.629260
4 0.400911 0.636073 0.397371 0.643030 0.399886 0.647337 0.399048 0.655122 0.400352 0.667379 0.399048 0.676489 0.401284 0.676820 0.404079 0.676820 0.403986 0.673839 0.404172 0.664066 0.404359 0.653134 0.406408 0.639386 0.404731 0.635576 0.405756 0.631932 0.404731 0.627294 0.402495 0.624975 0.400818 0.627625 0.402029 0.634748
4 0.403706 0.623816 0.406595 0.613215 0.407247 0.609405 0.408551 0.600626 0.412185 0.598970 0.413396 0.603608 0.412278 0.609902 0.413303 0.619343 0.412185 0.631601 0.412837 0.640048 0.411347 0.674005 0.414514 0.676158 0.409856 0.677317 0.406688 0.673508 0.404265 0.672679 0.404359 0.654625 0.406502 0.639386 0.404731 0.635410 0.406129 0.633257
6 0.182304 0.618960 0.186398 0.614257 0.187154 0.613026 0.208944 0.611458 0.214360 0.611906 0.220847 0.622990 0.222737 0.623102 0.221666 0.640009 0.215431 0.639897 0.212975 0.642472 0.211211 0.642808 0.210582 0.639561 0.203276 0.638777 0.201828 0.642920 0.198868 0.643031 0.197608 0.639449 0.192885 0.638441 0.190743 0.642696 0.186902 0.642136 0.185327 0.637097 0.181863 0.635866
6 0.240012 0.617021 0.247096 0.618267 0.249587 0.625602 0.249821 0.639166 0.248108 0.638750 0.247408 0.636674 0.241335 0.635429
4 0.708230 0.776829 0.698821 0.773344 0.699213 0.768465 0.696273 0.760102 0.693137 0.750692 0.690196 0.741980 0.693529 0.738147 0.696273 0.735708 0.695489 0.724208 0.696077 0.716192 0.695685 0.707480 0.692745 0.694238 0.691961 0.682738 0.690784 0.673329 0.689412 0.663223 0.690980 0.648238 0.690980 0.637783 0.689429 0.624031 0.689278 0.613286 0.691015 0.604019 0.692980 0.598109 0.694642 0.595423 0.695322 0.593006 0.694491 0.589245 0.693659 0.584410 0.693584 0.579843 0.693584 0.574874 0.694944 0.570307 0.696530 0.568427 0.698797 0.566681 0.701819 0.565338 0.704916 0.565204 0.706503 0.565607 0.708165 0.568427 0.709751 0.573799 0.710356 0.577829 0.709676 0.582664 0.708769 0.588439 0.708240 0.593006 0.708845 0.599721 0.711565 0.605631 0.713302 0.611540 0.716551 0.615167 0.718288 0.617181 0.719422 0.620270 0.720253 0.626449 0.718591 0.631418 0.716777 0.635984 0.719271 0.640417 0.719195 0.648475 0.719799 0.660294 0.719422 0.668756 0.719119 0.677486 0.719573 0.687559 0.721008 0.702064 0.721159 0.708914 0.720479 0.718853 0.717533 0.726643 0.713151 0.732956 0.710356 0.743432
4 0.720031 0.629318 0.722615 0.630902 0.723417 0.635972 0.723506 0.641993 0.722972 0.647222 0.722883 0.650707 0.723863 0.655619 0.725200 0.658788 0.726626 0.664016 0.727428 0.668136 0.728141 0.676375 0.728141 0.682237 0.729389 0.683821 0.730012 0.688258 0.729834 0.691426 0.728586 0.694278 0.729389 0.695071 0.730458 0.698081 0.731082 0.699665 0.731438 0.702676 0.731706 0.709647 0.731528 0.715193 0.728586 0.716460 0.726537 0.715351 0.727339 0.722005 0.726537 0.728185 0.726180 0.733888 0.726537 0.739275 0.727874 0.741969 0.726358 0.743236 0.723685 0.744029 0.723061 0.745930 0.722170 0.752109 0.722081 0.755912 0.722615 0.758922 0.724130 0.762091 0.725913 0.766686 0.722794 0.769221 0.720209 0.769062 0.718248 0.768904 0.715485 0.765735 0.716644 0.730720 0.717446 0.726600 0.720655 0.718995 0.721189 0.709172 0.720922 0.702517 0.719674 0.687782 0.718961 0.677008 0.718961 0.668769 0.719585 0.659105 0.718961 0.647855 0.719229 0.639616 0.717001 0.635022
