1 0.423082 0.739760 0.418620 0.745122 0.410320 0.753250 0.710058 0.748958 0.690742 0.742826 0.423082 0.740986
2 0.423427 0.807211 0.458609 0.791268 0.470337 0.810890 0.451637 0.808780 0.439983 0.847682 0.401352 0.848295 0.439294 0.808438
2 0.689363 0.790655 0.688673 0.811504 0.705574 0.811504 0.736962 0.850748 0.774214 0.851361 0.719216 0.812327 0.732823 0.810277
4 0.756967 0.606083 0.752483 0.607922 0.753173 0.620800 0.755243 0.626318 0.755243 0.647167 0.749724 0.645327 0.748344 0.649620 0.755243 0.655752 0.759382 0.679666 0.761796 0.714619 0.756278 0.720751 0.766970 0.720751 0.768005 0.702968 0.765246 0.683346 0.766625 0.666176 0.768350 0.674148 0.769040 0.669242 0.765246 0.629998 0.762141 0.622639 0.761451 0.606696
4 0.692122 0.647167 0.688673 0.642875 0.682119 0.647780 0.682119 0.653912 0.677635 0.661884 0.677635 0.679053 0.676256 0.683959 0.674531 0.704807 0.676600 0.704807 0.676945 0.693770 0.675566 0.738533 0.681429 0.742212 0.681429 0.740373 0.681774 0.720137 0.684534 0.709713 0.687983 0.718298 0.692467 0.744665 0.700745 0.742212 0.700055 0.737307 0.696951 0.737307 0.689363 0.696836 0.689363 0.677827 0.689363 0.668016 0.687293 0.659431
1 0.076090 0.762448 0.358582 0.753863 0.367205 0.743439 0.121620 0.750797
2 0.262693 0.761835 0.280284 0.762448 0.246137 0.778391 0.257519 0.779004 0.214749 0.790655 0.225786 0.778391 0.239583 0.778391
2 0.493933 0.731360 0.500205 0.731360 0.492433 0.736450 0.506885 0.737662 0.506340 0.731845 0.511794 0.732087 0.506204 0.726755
3 0.606144 0.729906 0.612552 0.729421 0.614324 0.738147 0.628368 0.735723 0.626459 0.734269 0.629731 0.732815 0.632594 0.735481 0.639821 0.731360 0.627413 0.729906 0.627413 0.732330 0.621278 0.732815 0.619778 0.729906 0.624005 0.729421 0.610916 0.724573
3 0.120643 0.771397 0.064553 0.786829 0.072399 0.789500 0.010133 0.801074 0.042518 0.790391 0.054370 0.790984 0.065054 0.785939 0.049529 0.786533 0.036008 0.790984 0.038845 0.783268 0.066390 0.780597 0.057375 0.783862 0.072399 0.783268 0.102280 0.772288
