1 0.409553 0.693541 0.398882 0.706188 0.712652 0.710705 0.670478 0.693541
2 0.454014 0.750452 0.432927 0.773487 0.447409 0.773487 0.431148 0.823622 0.473577 0.824526 0.462398 0.772584 0.479929 0.772132
3 0.696138 0.753162 0.706008 0.779431 0.723679 0.776124 0.795732 0.834011 0.833841 0.830397 0.782273 0.800926 0.795294 0.795966 0.814278 0.809169 0.825203 0.793812 0.768039 0.779810 0.784299 0.788844 0.764482 0.790199 0.740854 0.776649 0.755589 0.776649
6 0.523628 0.593270 0.514482 0.617209 0.514990 0.644761 0.519309 0.649277 0.524644 0.649729 0.525661 0.641599 0.543191 0.641599 0.544207 0.649277 0.550813 0.650632 0.554624 0.649729 0.554878 0.621274 0.547898 0.594246
6 0.328843 0.595374 0.316144 0.621875 0.304918 0.634308 0.301605 0.646741 0.301421 0.672261 0.304365 0.672589 0.305838 0.681750 0.314304 0.681750 0.315040 0.671934 0.358473 0.670298 0.359761 0.678805 0.366203 0.677169 0.366571 0.667354 0.381478 0.665718 0.382214 0.678805 0.386999 0.678478 0.389024 0.637253 0.381846 0.611078 0.370068 0.594065
6 0.169657 0.591049 0.155189 0.601680 0.142265 0.630487 0.131776 0.653770 0.131269 0.698045 0.150945 0.695645 0.151910 0.686728 0.193383 0.681927 0.195120 0.694959 0.199942 0.692558 0.202643 0.680898 0.209201 0.677812 0.209201 0.686385 0.216146 0.685014 0.219201 0.650463 0.219039 0.625000 0.207079 0.593793
5 0.769817 0.605014 0.754371 0.599206 0.739490 0.610780 0.726880 0.613595 0.717226 0.624887 0.735772 0.627145 0.736026 0.641147 0.744665 0.650181 0.740600 0.661924 0.744157 0.698509 0.750508 0.731481 0.758384 0.736450 0.757161 0.711640 0.759654 0.707543 0.772972 0.748016 0.782273 0.748016 0.779217 0.705285 0.769309 0.670958 0.776169 0.657859 0.774898 0.633921 0.754371 0.632275 0.751524 0.615854
11 0.616362 0.585140 0.612805 0.605014 0.612072 0.632275 0.614862 0.660384 0.618648 0.668248 0.620935 0.653794 0.636433 0.652439 0.638211 0.667344 0.642785 0.667796 0.646087 0.629404 0.645071 0.584688
10 0.471399 0.320970 0.472303 0.340238 0.504215 0.340238 0.504817 0.320435
1 0.087910 0.704545 0.353693 0.696128 0.340120 0.712963 0.042456 0.726431
6 0.385022 0.615320 0.390230 0.611392 0.398280 0.603255 0.418640 0.604097 0.424953 0.612233 0.431581 0.611111 0.433160 0.624299 0.427004 0.628788 0.423848 0.636644 0.419113 0.636644 0.419113 0.632435 0.414220 0.631594 0.412169 0.635522 0.408065 0.636083 0.405540 0.630471 0.400331 0.631313 0.396701 0.636644 0.394018 0.636364 0.392756 0.631033 0.387863 0.632997
6 0.467408 0.604377 0.480824 0.603255 0.486506 0.602413 0.492030 0.608305 0.495344 0.608305 0.497396 0.617565 0.496449 0.621493 0.468671 0.631874 0.456045 0.629349 0.454940 0.625701 0.456045 0.616162 0.463778 0.613356
11 0.998328 0.834931 0.993489 0.835437 0.991782 0.838473 0.980113 0.836449 0.979543 0.842015 0.976982 0.847580 0.968444 0.848086 0.962752 0.847580 0.956490 0.844039 0.950513 0.838473 0.951652 0.828859 0.927460 0.821776 0.928029 0.814186 0.929168 0.802043 0.929168 0.792935 0.930022 0.780286 0.930306 0.762577 0.930306 0.750434 0.934006 0.731713 0.932298 0.716028 0.930875 0.700849 0.930875 0.682128 0.931160 0.669985 0.930591 0.651264 0.932367 0.635392 0.930760 0.629395 0.928511 0.612830 0.928993 0.602548 0.928511 0.595693 0.921924 0.593123 0.915820 0.588268 0.913249 0.579700 0.913571 0.569418 0.913249 0.561135 0.912285 0.554852 0.912928 0.547712 0.918229 0.543714 0.919033 0.548854 0.919836 0.557708 0.924816 0.568275 0.930278 0.569989 0.933491 0.560564 0.933331 0.545713 0.933009 0.539715 0.932367 0.535431 0.928993 0.531433 0.927065 0.521151 0.926262 0.510012 0.926423 0.505728 0.932206 0.500016 0.940560 0.494875 0.956947 0.490020 0.969799 0.486879 0.999841 0.479453 0.999680 0.818178 0.999841 0.836743
