1 0.196181 0.804070 0.114519 0.897805 0.867477 0.892090 0.852688 0.814358
2 0.395921 0.732105 0.369616 0.748005 0.384873 0.746758 0.363128 0.774504 0.396447 0.774193 0.395746 0.747693 0.409950 0.747693
3 0.594083 0.736781 0.593557 0.754552 0.606709 0.753616 0.634242 0.784792 0.664054 0.784169 0.639678 0.767334 0.652480 0.767334 0.661599 0.772010 0.678960 0.766710 0.639327 0.756110 0.647394 0.762657 0.631787 0.763593 0.620037 0.757046 0.630384 0.756110
4 0.222069 0.551676 0.213309 0.551670 0.210984 0.570685 0.214550 0.583953 0.213083 0.592756 0.209782 0.634161 0.212166 0.650137 0.212716 0.681762 0.214239 0.721974 0.217494 0.749256 0.225187 0.751206 0.226104 0.719907 0.223075 0.704613 0.227388 0.666764 0.233806 0.661222 0.233256 0.599276 0.225004 0.580366 0.227204 0.565369
4 0.703860 0.609586 0.697855 0.610893 0.696875 0.623529 0.692463 0.625490 0.689035 0.636822 0.689154 0.652505 0.691115 0.657081 0.690012 0.663181 0.691605 0.667102 0.692586 0.681699 0.694615 0.693039 0.697733 0.698475 0.696140 0.705664 0.701164 0.703486 0.698100 0.688889 0.701042 0.689107 0.701164 0.704357 0.703248 0.704793 0.703983 0.689325 0.706066 0.686928 0.706556 0.669281 0.709375 0.656209 0.708395 0.630719 0.703860 0.624183 0.705208 0.617865
4 0.827992 0.595803 0.828752 0.585327 0.821909 0.579244 0.815446 0.581948 0.808603 0.596479 0.808413 0.605603 0.801570 0.617768 0.799479 0.634665 0.796818 0.673865 0.795868 0.717457 0.791115 0.737733 0.787694 0.740099 0.793016 0.761388 0.797768 0.765443 0.800810 0.763754 0.798149 0.751588 0.801190 0.737395 0.807083 0.720161 0.817157 0.695830 0.819818 0.714078 0.816967 0.758685 0.825521 0.760036 0.833314 0.756995 0.827422 0.747195 0.830653 0.704616 0.827802 0.684340 0.830273 0.670485 0.827612 0.640410 0.827802 0.625541 0.826281 0.618444 0.828372 0.609996
11 0.252458 0.604297 0.278207 0.604037 0.278207 0.611579 0.279231 0.630046 0.278792 0.650073 0.276598 0.658396 0.272794 0.661777 0.268990 0.658396 0.269429 0.651633 0.257286 0.652934 0.256262 0.662297 0.251580 0.661257 0.250702 0.654754 0.248069 0.643050 0.250995 0.604557
6 0.288741 0.612099 0.308784 0.610019 0.310540 0.613400 0.314929 0.626144 0.315660 0.628225 0.316977 0.637849 0.316099 0.653714 0.308638 0.655795 0.307906 0.652154 0.290935 0.653454 0.287717 0.656055 0.282450 0.655535 0.281426 0.650853 0.281133 0.635768 0.285229 0.626665
6 0.387570 0.618560 0.396585 0.618263 0.398254 0.624792 0.399255 0.631618 0.399255 0.641115 0.397252 0.640818 0.397085 0.638147 0.387570 0.637553 0.387570 0.642302 0.384565 0.641708 0.385233 0.630728
5 0.464527 0.614108 0.462690 0.624199 0.461021 0.635476 0.462690 0.643192 0.463358 0.646753 0.466029 0.647644 0.467031 0.644973 0.467865 0.642895 0.468867 0.642302 0.469034 0.632805 0.468867 0.628057 0.469535 0.627166 0.468700 0.622715
6 0.468700 0.619747 0.469702 0.615889 0.480552 0.618263 0.484559 0.628354 0.485393 0.637257 0.483724 0.645863 0.480886 0.645566 0.480552 0.643192 0.468366 0.642302 0.469201 0.633695
6 0.433644 0.628650 0.432976 0.634586 0.435647 0.635179 0.436482 0.638147 0.438986 0.638147 0.439487 0.636366 0.442491 0.636663 0.441991 0.641115 0.444161 0.640224 0.447332 0.637257 0.450003 0.639631 0.452340 0.639928 0.452841 0.636960 0.454010 0.636960 0.454511 0.639334 0.456514 0.639037 0.457515 0.634882 0.458183 0.630134 0.455011 0.620637 0.442157 0.621528
