0 0.399554 0.706680 0.386533 0.716601 0.692522 0.721561 0.686942 0.701720
6 0.443640 0.612699 0.436036 0.651223 0.438317 0.684678 0.443260 0.684002 0.445351 0.672851 0.471962 0.673189 0.472153 0.684002 0.477095 0.682989 0.478425 0.664740 0.475818 0.637235 0.470632 0.611348
6 0.366655 0.604251 0.311721 0.609658 0.295767 0.660722 0.292712 0.697182 0.294043 0.719147 0.306588 0.716444 0.306018 0.706644 0.357531 0.704278 0.358862 0.714754 0.366655 0.712051 0.367035 0.701575 0.370457 0.698533 0.371407 0.706644 0.377870 0.704616 0.377300 0.667106 0.377612 0.640880
2 0.448743 0.774838 0.420222 0.799089 0.434689 0.799089 0.410714 0.854203 0.458664 0.852734 0.452050 0.797619 0.468585 0.797619
3 0.683945 0.777043 0.690972 0.802763 0.708747 0.799089 0.770647 0.862103 0.812087 0.851999 0.763207 0.820767 0.770647 0.815807 0.792969 0.825728 0.804233 0.811581 0.752976 0.796884 0.762483 0.807172 0.741815 0.813051 0.725694 0.800558 0.738922 0.799089
8 0.000079 0.288159 0.239978 0.456510 0.247313 0.560749 0.246931 0.706125 0.207623 0.724467 0.199732 0.763749 0.181581 0.770763 0.165009 0.769360 0.166588 0.744108 0.026910 0.794613 0.011127 0.863356 0.000000 0.866521
4 0.717110 0.622428 0.713059 0.602195 0.713638 0.592936 0.710166 0.586077 0.704572 0.587791 0.703029 0.594650 0.705343 0.602881 0.704572 0.609396 0.703607 0.615569 0.702257 0.690672 0.695120 0.695473 0.708237 0.699246 0.709587 0.665638 0.714988 0.691015 0.710552 0.693759 0.712481 0.697874 0.722319 0.699588 0.717689 0.670439
4 0.590409 0.623563 0.590766 0.614351 0.592642 0.614192 0.595144 0.622451 0.596126 0.632933 0.597645 0.641668 0.594965 0.639921 0.594608 0.645798 0.598092 0.668509 0.595680 0.668509 0.592374 0.651674 0.591034 0.654215 0.589337 0.668827 0.585227 0.668191 0.586746 0.661680 0.588711 0.641351 0.589426 0.630233
4 0.589783 0.626421 0.588711 0.622927 0.588175 0.618639 0.587103 0.616575 0.583977 0.617369 0.584066 0.623404 0.584513 0.626421 0.582994 0.631663 0.582547 0.640715 0.583887 0.643574 0.585049 0.648974 0.584602 0.662791 0.583709 0.667556 0.587103 0.667556 0.591392 0.666603 0.589962 0.659774 0.590766 0.654692
4 0.527806 0.634887 0.529692 0.632182 0.529692 0.629586 0.531274 0.626125 0.531213 0.623962 0.532004 0.622447 0.533404 0.624070 0.532917 0.625692 0.536020 0.630560 0.536203 0.637375 0.535290 0.639213 0.534499 0.656196 0.532674 0.655980 0.532735 0.646461 0.531883 0.657061 0.530118 0.656196 0.530179 0.643216
6 0.485627 0.626999 0.481358 0.638130 0.481643 0.653056 0.484773 0.653815 0.484773 0.651791 0.496869 0.650779 0.496727 0.653562 0.499858 0.653815 0.500000 0.647996 0.497723 0.624975
6 0.395892 0.613760 0.414426 0.612300 0.415716 0.639202 0.414543 0.645666 0.413840 0.651297 0.410320 0.651714 0.410320 0.650463 0.401875 0.650254 0.400936 0.652548 0.397065 0.651714 0.396830 0.649003
6 0.425101 0.623144 0.423224 0.637950 0.422989 0.653383 0.425218 0.653383 0.426039 0.651089 0.436479 0.649629 0.436362 0.653591 0.440820 0.634614 0.437066 0.621684
3 0.560280 0.635536 0.566083 0.623672 0.595970 0.619545 0.611058 0.631409 0.619618 0.634762 0.624550 0.644305 0.623825 0.652559 0.618167 0.654106 0.616426 0.656943 0.609317 0.658491 0.606125 0.654622 0.580156 0.654364 0.578705 0.658749 0.573337 0.659780 0.568260 0.659522 0.568260 0.655911 0.557669 0.653332
