0 0.367487 0.697476 0.560841 0.700344 0.560841 0.713455 0.346055 0.705261
6 0.575800 0.608714 0.562314 0.660797 0.563244 0.745122 0.574405 0.743469 0.574870 0.721147 0.636719 0.723628 0.638579 0.752563 0.649430 0.754630 0.649430 0.660935 0.631603 0.610367
6 0.467275 0.638889 0.463127 0.653638 0.460361 0.660193 0.457826 0.697476 0.466584 0.698296 0.468658 0.692560 0.492856 0.692150 0.494239 0.699525 0.502535 0.698296 0.500465 0.659144 0.493955 0.639302
2 0.509766 0.776538 0.496745 0.796379 0.508371 0.795552 0.507440 0.845155 0.542783 0.841022 0.523251 0.800513 0.534412 0.801339
6 0.779592 0.579694 0.717921 0.595817 0.706260 0.623917 0.698487 0.681961 0.696155 0.727105 0.697709 0.748756 0.701855 0.760733 0.709629 0.760733 0.714293 0.744150 0.721808 0.738622 0.733727 0.747374 0.740464 0.775014 0.748238 0.776396 0.755234 0.752441 0.818460 0.756127 0.820533 0.775474 0.833748 0.779620 0.838412 0.765801 0.838412 0.746914 0.844890 0.745992 0.846963 0.669062 0.841003 0.623457 0.828825 0.585222
2 0.224554 0.795283 0.278711 0.777778 0.271973 0.799429 0.250985 0.796665 0.207971 0.839967 0.169362 0.834439 0.239583 0.796665
3 0.766117 0.788834 0.785551 0.810024 0.803172 0.810024 0.882204 0.854247 0.916408 0.851483 0.854996 0.826147 0.870284 0.826147 0.888163 0.834439 0.901119 0.824304 0.839967 0.810024 0.853959 0.818776 0.838930 0.818316 0.814314 0.809563 0.825197 0.809103
4 0.976421 0.609460 0.979247 0.613767 0.978238 0.627405 0.985707 0.632070 0.990956 0.647143 0.993177 0.661858 0.990956 0.681596 0.993177 0.696311 0.987726 0.702053 0.986717 0.757321 0.978844 0.756604 0.979853 0.753374 0.978440 0.718562 0.974402 0.700258 0.973999 0.700617 0.971778 0.721792 0.971576 0.754809 0.968144 0.753374 0.961684 0.746196 0.961483 0.742607 0.964107 0.741171 0.964511 0.702771 0.959262 0.693440 0.959262 0.680161 0.961684 0.671189 0.957445 0.678725 0.957243 0.691645 0.953811 0.685544 0.956638 0.658628 0.961281 0.631711 0.968952 0.629199 0.968144 0.618073 0.972989 0.610537
6 0.071226 0.674220 0.069627 0.698587 0.071455 0.706303 0.079221 0.708333 0.083562 0.702648 0.094070 0.707521 0.123310 0.705897 0.128564 0.714425 0.134731 0.714019 0.137244 0.702648 0.148438 0.703460 0.148894 0.711582 0.155747 0.711176 0.159631 0.698181 0.158260 0.658382 0.155519 0.659194 0.147295 0.642950 0.133132 0.640107 0.102065 0.634422 0.082191 0.655133
6 0.195724 0.605588 0.192982 0.670159 0.185901 0.674626 0.184530 0.693307 0.179276 0.692089 0.177449 0.685591 0.165570 0.683561 0.163514 0.692495 0.158717 0.693307 0.158717 0.665692 0.147524 0.648635 0.137473 0.641326 0.146153 0.623457 0.150493 0.609649 0.176992 0.604776
6 0.256982 0.630593 0.247852 0.650226 0.239753 0.663839 0.238280 0.679022 0.239126 0.693307 0.243695 0.694932 0.266539 0.689246 0.276133 0.690058 0.296464 0.683561 0.297834 0.672190 0.294531 0.642373 0.292028 0.632163
4 0.314491 0.611623 0.311125 0.611868 0.310233 0.617851 0.308790 0.630305 0.309202 0.642028 0.309820 0.658145 0.309202 0.672432 0.311400 0.684032 0.312843 0.692213 0.316002 0.691358 0.315659 0.678903 0.317238 0.667914 0.319307 0.657732 0.322733 0.650209 0.323351 0.646179 0.323008 0.636899 0.321428 0.632259 0.318818 0.626886 0.316964 0.624444 0.316208 0.614920
4 0.370020 0.619802 0.373904 0.624675 0.375274 0.629955 0.376873 0.641732 0.375731 0.649042 0.373904 0.678281 0.372990 0.692901 0.375274 0.697368 0.366137 0.697775 0.363624 0.695744 0.364081 0.670565 0.365451 0.659194 0.364309 0.636046 0.366594 0.632797 0.367050 0.626706
4 0.365223 0.633203 0.367050 0.627518 0.364995 0.620208 0.360654 0.621020 0.360197 0.628330 0.356086 0.643762 0.355172 0.669753 0.356314 0.701429 0.362710 0.698993 0.364309 0.670565 0.365908 0.660006
4 0.658772 0.644585 0.656455 0.649675 0.655500 0.657674 0.657682 0.657916 0.659999 0.669793 0.659999 0.674156 0.661363 0.675368 0.662045 0.702758 0.664771 0.703486 0.664226 0.681671 0.665181 0.701304 0.666680 0.703243 0.668180 0.702758 0.667907 0.695729 0.669271 0.683367 0.668862 0.659856 0.672134 0.671975 0.673634 0.671490 0.674043 0.668097 0.671316 0.652584 0.667907 0.641192 0.666271 0.641192 0.665181 0.637071 0.664090 0.633193 0.660954 0.633435 0.661772 0.640949
6 0.496967 0.641864 0.508681 0.644095 0.511818 0.658225 0.513701 0.684256 0.509099 0.687602 0.508471 0.682396 0.501778 0.682768 0.500523 0.665291 0.495921 0.645954
6 0.510981 0.648185 0.522695 0.648929 0.527506 0.663803 0.529179 0.683140 0.524368 0.683140 0.523741 0.679421 0.512446 0.678678
4 0.334962 0.665701 0.333295 0.662923 0.331577 0.664497 0.330066 0.664868 0.330170 0.650238 0.331681 0.642646 0.333087 0.638664 0.334493 0.635053 0.335379 0.633386 0.333712 0.630794 0.333764 0.626905 0.334754 0.624405 0.336056 0.623386 0.337983 0.623571 0.339441 0.625886 0.339650 0.629683 0.340170 0.631812 0.342254 0.633849 0.343348 0.636720 0.344129 0.640516 0.344858 0.643849 0.345275 0.646534 0.345848 0.649868 0.346004 0.653942 0.345535 0.656442 0.344181 0.660238 0.343295 0.663016 0.343556 0.670886 0.343764 0.680146 0.343816 0.688016 0.343660 0.691349 0.343868 0.694127 0.341368 0.694775 0.340118 0.693201 0.338139 0.692460 0.336993 0.689127 0.336316 0.683386 0.334181 0.678109 0.333973 0.668294
