1 0.389207 0.696965 0.369483 0.704635 0.577817 0.707922 0.573194 0.700252
2 0.253069 0.837302 0.163307 0.881054 0.193545 0.878638 0.028630 0.993371 0.097749 0.996032 0.209843 0.880506 0.238196 0.879958
3 0.572269 0.835032 0.553470 0.876123 0.576730 0.878638 0.599051 0.991071 0.664725 0.986248 0.621887 0.915023 0.650549 0.909544 0.660411 0.925433 0.694619 0.901874 0.631603 0.878638 0.635324 0.888558 0.609282 0.893519 0.600911 0.876984 0.622196 0.876671
6 0.059358 0.450764 0.173032 0.444150 0.241650 0.480159 0.240410 0.663139 0.209821 0.670488 0.212715 0.696208 0.212302 0.727807 0.205274 0.735891 0.192460 0.735156 0.185020 0.728542 0.184193 0.706496 0.156085 0.710905 0.156498 0.734421 0.150711 0.743974 0.128390 0.752058 0.121362 0.732216 0.067212 0.735891 0.060185 0.763815 0.043651 0.755732 0.043651 0.721193 0.027530 0.718254 0.029183 0.641093 0.051918 0.560994 0.059358 0.532334
5 0.266038 0.621252 0.268519 0.638154 0.274719 0.641828 0.274306 0.655056 0.275546 0.674897 0.272239 0.689594 0.274719 0.702087 0.270585 0.716049 0.266038 0.712375 0.265625 0.706496 0.259011 0.708701 0.255704 0.719724 0.251157 0.717519 0.248677 0.698413 0.249917 0.679306 0.249504 0.665344 0.252397 0.657260 0.256944 0.638889 0.260251 0.638154 0.259838 0.623457
6 0.289187 0.639624 0.321842 0.639624 0.337136 0.654321 0.354911 0.660935 0.357804 0.678571 0.352431 0.685920 0.347470 0.697678 0.340030 0.693269 0.340030 0.687390 0.301174 0.687390 0.296627 0.697678 0.288773 0.697678 0.286706 0.689594 0.282159 0.683715 0.282573 0.664609
6 0.455214 0.640161 0.448060 0.653897 0.440333 0.659493 0.438044 0.673230 0.439475 0.683405 0.446915 0.682387 0.446915 0.680352 0.456073 0.679843 0.458648 0.683405 0.462941 0.679843 0.475818 0.677300 0.477249 0.682387 0.484690 0.680861 0.485548 0.672721 0.488124 0.667125 0.486693 0.649827 0.482687 0.638126
6 0.539349 0.647283 0.564246 0.645757 0.573689 0.653388 0.577696 0.657458 0.581416 0.668651 0.577982 0.678317 0.573689 0.675265 0.567680 0.675265 0.563959 0.678826 0.559381 0.673230 0.543069 0.673738 0.539921 0.679335 0.537918 0.674247 0.533053 0.671703 0.533625 0.659493
6 0.604771 0.637108 0.638825 0.640670 0.647697 0.652371 0.656282 0.653388 0.655996 0.673230 0.654278 0.677808 0.650272 0.680352 0.649127 0.677300 0.647410 0.681370 0.639398 0.676282 0.613356 0.672721 0.609636 0.680352 0.606202 0.674756 0.603769 0.672463
6 0.352080 0.655399 0.360696 0.648250 0.367781 0.638719 0.394206 0.635315 0.399567 0.637697 0.405695 0.650974 0.405120 0.673441 0.400908 0.675143 0.398418 0.685355 0.394397 0.685015 0.393057 0.679228 0.372377 0.679909 0.369504 0.687738 0.365675 0.684334 0.358015 0.684675 0.355909 0.688079 0.355143 0.683994 0.356292 0.663228
4 0.414503 0.641782 0.417375 0.636336 0.417375 0.640080 0.418907 0.647910 0.418141 0.652676 0.417375 0.667313 0.417375 0.676505 0.418141 0.677185 0.412588 0.677185 0.411631 0.673100 0.413354 0.668675 0.414120 0.656420
4 0.423311 0.643484 0.425800 0.639400 0.427715 0.639059 0.428290 0.643144 0.429822 0.643144 0.429439 0.656420 0.426949 0.676505 0.427907 0.678888 0.422545 0.679228 0.421971 0.673100 0.424652 0.662888 0.423120 0.653356
11 0.490905 0.643144 0.509670 0.644165 0.513117 0.644846 0.515414 0.652676 0.513883 0.667654 0.516180 0.672760 0.511393 0.674462 0.492245 0.674122 0.489564 0.672079
