1 0.118506 0.759740 0.019676 0.796296 0.929121 0.840680 0.849537 0.766461
6 0.521635 0.626603 0.510417 0.651175 0.505409 0.659722 0.503005 0.686075 0.504699 0.711377 0.505495 0.722987 0.513300 0.724119 0.513140 0.713926 0.558534 0.711377 0.558853 0.722987 0.564904 0.721688 0.566707 0.707443 0.571715 0.705306 0.571514 0.718483 0.578526 0.716346 0.580329 0.701033 0.579527 0.676104 0.562700 0.629095
2 0.346403 0.735331 0.329944 0.748036 0.319982 0.746304 0.316950 0.756699 0.345970 0.747844 0.336874 0.747266 0.358206 0.737064
2 0.472664 0.865194 0.428992 0.925006 0.451313 0.927306 0.449696 0.946285 0.473311 0.946285 0.473958 0.931332 0.502750 0.931907
4 0.298538 0.621054 0.296476 0.629361 0.294827 0.631560 0.290705 0.644264 0.289743 0.652814 0.291804 0.653059 0.292354 0.647195 0.293453 0.653547 0.293728 0.660144 0.294690 0.661854 0.294278 0.681643 0.296476 0.681398 0.297988 0.667473 0.297576 0.682131 0.299637 0.682131 0.302386 0.660632 0.303210 0.646951 0.304447 0.651349 0.304447 0.648173 0.302661 0.633270 0.300599 0.632781 0.300737 0.625941 0.300599 0.623009
4 0.312143 0.623742 0.308432 0.625208 0.308432 0.629850 0.305959 0.638400 0.304722 0.643042 0.304447 0.650371 0.305134 0.654036 0.305684 0.653547 0.305959 0.645974 0.307608 0.642554 0.307745 0.651104 0.306508 0.655258 0.308157 0.681398 0.309669 0.681398 0.311593 0.659899 0.312692 0.681887 0.314204 0.681154 0.315166 0.661609 0.315578 0.655258 0.315303 0.647440 0.315853 0.642554 0.317090 0.651104 0.316540 0.661365 0.316953 0.665274 0.317640 0.665274 0.318464 0.650860 0.316815 0.641821 0.315029 0.633026 0.313105 0.630338 0.313517 0.626185
6 0.858494 0.629445 0.875596 0.629445 0.878965 0.648332 0.880519 0.669523 0.879224 0.675051 0.875078 0.675051 0.873523 0.668141 0.860826 0.667219 0.859012 0.674590 0.854089 0.675051 0.852793 0.663534 0.853052 0.651096
3 0.795516 0.879932 0.828918 0.948370 0.856658 0.947363 0.886096 0.979569 0.899683 0.999698 0.941010 0.995672 0.973279 0.989634 0.988564 0.993659 0.997622 0.981582 0.942708 0.951389 0.961390 0.976550 0.924592 0.981582 0.880435 0.945350 0.900815 0.942331
6 0.935004 0.624644 0.959350 0.621357 0.961199 0.672310 0.953495 0.675597 0.948256 0.685459 0.939318 0.686555 0.935620 0.677789 0.926066 0.675049 0.925758 0.643272
8 0.741242 0.614244 0.765081 0.614244 0.767413 0.636816 0.757566 0.639580 0.756012 0.665377 0.749534 0.664456 0.748497 0.670444 0.742019 0.670905 0.742019 0.664456 0.738132 0.663074
11 0.757048 0.639119 0.773891 0.640501 0.774668 0.673208 0.758603 0.673669
4 0.792524 0.611000 0.783948 0.619180 0.782066 0.642607 0.784576 0.646698 0.786458 0.681653 0.782275 0.714376 0.782066 0.748959 0.786249 0.761602 0.795034 0.757883 0.802774 0.760858 0.819926 0.686487 0.821390 0.663432 0.816579 0.626989 0.811140 0.611000 0.806329 0.608768 0.806329 0.595382 0.801728 0.583854 0.792524 0.582367 0.789178 0.586829
