1 0.308748 0.783751 0.275146 0.824572 0.897905 0.841497 0.821181 0.800677
2 0.443653 0.747460 0.425217 0.757293 0.434435 0.757702 0.424756 0.772861 0.446188 0.774910 0.444114 0.758112 0.454254 0.758112
4 0.378665 0.613512 0.382716 0.611454 0.386767 0.612826 0.391011 0.625857 0.394290 0.644376 0.396412 0.676612 0.395448 0.692387 0.389082 0.696845 0.390046 0.715706 0.399884 0.762346 0.390818 0.765089 0.384452 0.762689 0.389468 0.757545 0.388310 0.744170 0.384452 0.717764 0.381559 0.740398 0.374421 0.760631 0.372492 0.765775 0.362654 0.754801 0.369020 0.754801 0.376350 0.721536 0.380594 0.703704 0.378665 0.699588 0.377508 0.684842 0.377315 0.670782 0.373650 0.670096 0.376157 0.652263 0.378279 0.642661 0.382909 0.638203 0.382137 0.633745 0.378472 0.629973 0.377508 0.623114
3 0.601852 0.753429 0.599344 0.766461 0.607639 0.766118 0.624228 0.784294 0.644290 0.783951 0.630980 0.774348 0.641975 0.774691 0.645833 0.777092 0.659529 0.773320 0.634645 0.766461 0.638117 0.770576 0.626543 0.772291 0.619406 0.765775 0.624035 0.764403
4 0.706365 0.651943 0.705154 0.643061 0.700460 0.637947 0.694555 0.646291 0.693496 0.658942 0.690922 0.668632 0.688802 0.677245 0.689105 0.690972 0.690770 0.702546 0.690922 0.713851 0.693798 0.745074 0.694404 0.763377 0.696372 0.770645 0.700157 0.772260 0.701974 0.767146 0.700612 0.749919 0.699552 0.736461 0.700612 0.727848 0.702277 0.722195 0.704548 0.734039 0.705457 0.746151 0.706668 0.762301 0.707425 0.770645 0.710604 0.771991 0.714238 0.769568 0.712573 0.742383 0.711664 0.710083 0.709090 0.677245 0.712724 0.702815 0.714844 0.701470 0.710302 0.671054 0.708182 0.660826
4 0.709847 0.659480 0.712118 0.651674 0.713784 0.650598 0.713178 0.645483 0.717115 0.639023 0.720597 0.644407 0.721354 0.651943 0.723777 0.662710 0.726199 0.672669 0.727259 0.683705 0.725745 0.696625 0.726048 0.708199 0.724685 0.714928 0.726199 0.725964 0.726048 0.731078 0.721808 0.732693 0.719537 0.712775 0.718629 0.713851 0.718023 0.732962 0.714390 0.731885 0.711664 0.706045 0.710604 0.668362
11 0.302577 0.642004 0.318027 0.640588 0.326787 0.643986 0.328858 0.651914 0.327583 0.681929 0.326628 0.683628 0.325035 0.694105 0.320416 0.693821 0.319460 0.687026 0.307037 0.685044 0.306400 0.692689 0.300984 0.692406 0.300825 0.686176 0.297321 0.683911 0.299073 0.657294
6 0.334592 0.647667 0.353386 0.647384 0.357050 0.658993 0.359279 0.660975 0.360235 0.669187 0.358642 0.687309 0.351634 0.689574 0.351793 0.686176 0.334592 0.685044 0.332521 0.690707 0.327902 0.688725 0.329335 0.666922
6 0.421397 0.653613 0.431432 0.654179 0.432706 0.660975 0.433024 0.672018 0.432865 0.675983 0.430794 0.676266 0.430794 0.673717 0.422353 0.673717 0.421079 0.677115 0.419327 0.676549 0.419167 0.666072 0.420919 0.657860
4 0.438599 0.650782 0.440829 0.654179 0.442581 0.661542 0.442899 0.667488 0.441307 0.670603 0.446085 0.679097 0.444174 0.684477 0.444333 0.681079 0.440032 0.675133 0.439714 0.683345 0.437006 0.683062 0.437803 0.677115 0.438280 0.666922 0.437643 0.658993
5 0.518556 0.649366 0.521423 0.658144 0.522060 0.662957 0.522060 0.673434 0.522219 0.683345 0.520626 0.687026 0.519193 0.691273 0.516644 0.691273 0.515211 0.683345 0.514255 0.679664 0.512981 0.672018 0.514574 0.661542 0.515689 0.660975 0.515848 0.651914
6 0.513777 0.659843 0.510592 0.651348 0.500080 0.651631 0.497850 0.662674 0.496416 0.670036 0.497053 0.679380 0.500080 0.679097 0.500876 0.676832 0.511229 0.677398 0.511548 0.681363 0.513777 0.680796 0.516326 0.680513
6 0.498805 0.656445 0.492753 0.655312 0.491001 0.664373 0.491319 0.673717 0.492912 0.674567 0.493709 0.672302 0.496416 0.672302
