1 0.362939 0.780824 0.314282 0.835648 0.940652 0.839303 0.848136 0.775950
1 0.520919 0.606254 0.508111 0.674560 0.507171 0.715378 0.511527 0.732240 0.520919 0.733758 0.522626 0.704918 0.585809 0.707954 0.587517 0.735276 0.599471 0.732240 0.597763 0.648755 0.576754 0.599903
9 0.469807 0.173242 0.472071 0.206119 0.523022 0.204106 0.521890 0.171900
4 0.708083 0.574638 0.711922 0.576715 0.714259 0.586806 0.715762 0.593928 0.717765 0.595412 0.724442 0.610547 0.722773 0.614999 0.725778 0.628354 0.724109 0.632805 0.719601 0.633399 0.716763 0.650908 0.717431 0.685037 0.711088 0.682959 0.713425 0.680585 0.711755 0.652095 0.712089 0.638147 0.710420 0.637850 0.709251 0.654173 0.710086 0.682366 0.702073 0.681476 0.703743 0.679992 0.704744 0.646457 0.703075 0.634289 0.699402 0.634289 0.699069 0.622715 0.701239 0.618560 0.697566 0.612031 0.701573 0.596896 0.704410 0.594225 0.704744 0.586509
6 0.428723 0.608772 0.420794 0.636646 0.419893 0.660035 0.420073 0.678617 0.420974 0.694316 0.427462 0.694957 0.428723 0.683743 0.431787 0.678297 0.458099 0.677656 0.462965 0.681501 0.464226 0.693035 0.470174 0.692394 0.471615 0.674773 0.471255 0.660035 0.468912 0.630559 0.461163 0.604287
5 0.209290 0.605505 0.208227 0.617473 0.200432 0.632590 0.202204 0.638889 0.206101 0.640149 0.203975 0.664714 0.207518 0.681091 0.208227 0.695578 0.212124 0.693689 0.212124 0.681721 0.213542 0.681721 0.215668 0.690539 0.217793 0.690539 0.219565 0.680461 0.220982 0.677312 0.219211 0.639519 0.219565 0.629441 0.221691 0.635739 0.223108 0.632590 0.218148 0.618103 0.217085 0.613694 0.214605 0.605505
6 0.253933 0.610544 0.245784 0.642038 0.239052 0.664084 0.239406 0.682351 0.237989 0.712585 0.245429 0.713845 0.248618 0.698728 0.298221 0.698098 0.299639 0.712585 0.307079 0.708176 0.307433 0.690539 0.308496 0.689909 0.308496 0.700617 0.312394 0.698098 0.314874 0.674162 0.314874 0.649597 0.312394 0.635110 0.302119 0.608655
11 0.356682 0.610544 0.352076 0.639519 0.350659 0.662195 0.350659 0.672902 0.355619 0.671013 0.357391 0.667234 0.375461 0.668493 0.380775 0.673532 0.385027 0.676052 0.387153 0.671643 0.389279 0.666604 0.394239 0.633220 0.393530 0.621882 0.392113 0.610544
6 0.309219 0.621422 0.329632 0.621422 0.334402 0.638041 0.334592 0.646181 0.334402 0.664496 0.329441 0.665513 0.330205 0.661104 0.314942 0.661104 0.314942 0.647877 0.313225 0.636006
8 0.290713 0.595645 0.291094 0.610229 0.303114 0.612943 0.306548 0.624135 0.323146 0.622439 0.322192 0.600733 0.316850 0.593610
3 0.393735 0.627866 0.396978 0.619387 0.412431 0.617691 0.418727 0.635667 0.418536 0.647538 0.417201 0.661443 0.410524 0.660426 0.410905 0.656695 0.395833 0.656356 0.395070 0.661783 0.392590 0.661443 0.393544 0.651608
