1 0.198718 0.753561 0.090545 0.800570 0.858173 0.807692 0.761218 0.759259
6 0.430088 0.591168 0.420072 0.651709 0.420873 0.715812 0.420873 0.735755 0.430088 0.735755 0.431290 0.718661 0.483774 0.715812 0.483774 0.736467 0.491776 0.733918 0.491386 0.636752 0.482171 0.591168
4 0.771382 0.588938 0.769836 0.616726 0.759309 0.626576 0.753214 0.657604 0.762633 0.687155 0.762473 0.698587 0.768728 0.751182 0.765957 0.786151 0.769559 0.799941 0.783134 0.804866 0.778701 0.791568 0.776208 0.776300 0.778701 0.764972 0.786458 0.753152 0.789783 0.699961 0.788675 0.659082 0.791445 0.691588 0.795878 0.687155 0.795601 0.661052 0.790891 0.623621 0.783134 0.617218 0.785073 0.602443 0.782580 0.589638
6 0.381114 0.631240 0.376283 0.651100 0.374623 0.660225 0.374170 0.675255 0.373566 0.689479 0.373868 0.698068 0.378548 0.699141 0.378397 0.690284 0.379604 0.690284 0.380510 0.698336 0.383530 0.697799 0.384284 0.690821 0.411458 0.689479 0.411609 0.696726 0.415987 0.697799 0.416742 0.688137 0.418252 0.686527 0.419761 0.685185 0.419912 0.656736 0.416893 0.651637 0.411760 0.630435
6 0.039033 0.675607 0.056992 0.650064 0.070163 0.624521 0.085129 0.622393 0.132423 0.624521 0.150383 0.652192 0.152778 0.684121 0.145594 0.711792 0.134818 0.713921 0.134219 0.703278 0.108477 0.699021 0.106681 0.716049 0.092313 0.719242 0.088123 0.707535 0.058788 0.705407 0.055196 0.717114 0.043822 0.718178 0.035441 0.691571
6 0.180316 0.626650 0.202466 0.625585 0.206657 0.646871 0.204861 0.672414 0.202466 0.673478 0.201868 0.669221 0.197079 0.668157 0.191092 0.673478 0.181513 0.671350 0.172534 0.668157 0.167744 0.678799 0.164152 0.673478 0.165350 0.654321 0.171935 0.629842
6 0.722801 0.615147 0.733930 0.607233 0.788239 0.608025 0.800703 0.641263 0.847445 0.646011 0.856793 0.702991 0.851006 0.721985 0.835871 0.721985 0.834535 0.748892 0.814058 0.748892 0.812723 0.733856 0.757523 0.727525 0.756188 0.752058 0.749955 0.757597 0.737936 0.755223 0.737046 0.733064 0.717014 0.729899 0.712562 0.744935 0.705885 0.748892 0.702769 0.741770 0.698762 0.723568 0.696982 0.710114 0.698317 0.661839 0.712117 0.656299
6 0.734820 0.608816 0.679176 0.611190 0.664931 0.657091 0.664485 0.725150 0.668937 0.721985 0.671163 0.716445 0.686298 0.716445 0.689859 0.731481 0.693866 0.729899 0.696537 0.714071 0.697427 0.668962 0.711672 0.658674 0.721020 0.617521
6 0.672053 0.641205 0.671435 0.635713 0.639111 0.638830 0.630653 0.663364 0.627983 0.669695 0.626498 0.695324 0.628010 0.708761 0.634881 0.709494 0.636667 0.702165 0.638666 0.702142 0.640447 0.716387 0.646699 0.714869 0.647936 0.707295 0.664564 0.708272 0.664485 0.657824
6 0.584446 0.624963 0.613738 0.625435 0.620415 0.647594 0.620589 0.691904 0.615779 0.693369 0.615779 0.684819 0.591480 0.679250 0.589531 0.693125 0.582131 0.691912 0.582577 0.682415 0.580351 0.680833 0.579774 0.690193 0.574964 0.690682 0.573673 0.674501 0.574964 0.652326 0.579224 0.646218
6 0.523156 0.641332 0.536725 0.641263 0.540471 0.656968 0.540471 0.679688 0.537448 0.679933 0.536486 0.675779 0.522744 0.676268 0.522881 0.681398 0.519445 0.680910 0.518621 0.657945
6 0.499244 0.643286 0.511612 0.643531 0.515048 0.654280 0.516147 0.661609 0.515048 0.671137 0.512986 0.671137 0.512162 0.667961 0.501306 0.667717 0.499931 0.671137 0.497320 0.670160 0.497320 0.660144
6 0.003307 0.690930 0.017754 0.690254 0.020415 0.695661 0.024597 0.695661 0.025357 0.688902 0.028019 0.686875 0.027258 0.645647 0.021556 0.645647 0.010911 0.629427 0.001026 0.629427
