1 0.139831 0.760515 0.000000 0.832706 0.004767 0.868801 0.833745 0.899610 0.710982 0.769931
5 0.312191 0.539234 0.296301 0.529818 0.288356 0.536880 0.286591 0.576899 0.272025 0.596516 0.269052 0.637671 0.277322 0.651444 0.271584 0.742467 0.279331 0.820419 0.297184 0.814658 0.301598 0.778562 0.305570 0.792687 0.313957 0.786409 0.323876 0.740010 0.331612 0.685970 0.319079 0.651072 0.334841 0.643762 0.334841 0.632797 0.307429 0.586501 0.315722 0.556497
6 0.472588 0.536550 0.447917 0.649090 0.449287 0.804581 0.471217 0.808236 0.477931 0.766792 0.592691 0.768362 0.595943 0.814327 0.618558 0.813109 0.621985 0.690058 0.612390 0.596248 0.589090 0.535331
9 0.491826 0.318025 0.491066 0.352832 0.548472 0.352494 0.549422 0.317349
6 0.128575 0.585530 0.116216 0.627903 0.106065 0.661645 0.103416 0.699309 0.101651 0.720496 0.110037 0.725989 0.119306 0.712649 0.181983 0.714218 0.189928 0.711864 0.194783 0.723635 0.204052 0.723635 0.209349 0.696171 0.209349 0.671846 0.207142 0.640458 0.198755 0.609856 0.191693 0.586315
5 0.247749 0.566698 0.245983 0.590239 0.242452 0.606717 0.238480 0.625549 0.241570 0.644382 0.241570 0.657721 0.241570 0.695386 0.246425 0.702448 0.251721 0.690678 0.257018 0.692247 0.259666 0.705587 0.265846 0.696171 0.270260 0.674200 0.266287 0.645166 0.267611 0.617702 0.264080 0.598870 0.256577 0.586315 0.257018 0.578468 0.257018 0.569052
6 0.352798 0.572976 0.341764 0.616133 0.339115 0.638104 0.338233 0.671061 0.339557 0.684401 0.339998 0.700094 0.347943 0.702448 0.355005 0.685185 0.357212 0.684401 0.358095 0.695386 0.363833 0.695386 0.366923 0.683616 0.399144 0.682046 0.404440 0.684401 0.404440 0.700879 0.412827 0.700879 0.416358 0.698525 0.416358 0.679692 0.418565 0.675769 0.418123 0.696955 0.422096 0.693817 0.425627 0.666353 0.426510 0.635750 0.419006 0.605932 0.410178 0.577684
8 0.993421 0.210039 0.730263 0.404971 0.697173 0.601411 0.699653 0.718254 0.707093 0.786596 0.723214 0.788801 0.720734 0.830688 0.755456 0.852734 0.769097 0.810847 0.941468 0.883598 0.945188 0.949735 0.976190 0.976190 0.989831 0.960758
4 0.636863 0.613512 0.636478 0.607339 0.635320 0.602881 0.630305 0.603567 0.631269 0.610768 0.628569 0.613855 0.628569 0.627915 0.629533 0.652606 0.629533 0.662551 0.631076 0.663580 0.633584 0.642318 0.636092 0.664609 0.639564 0.663580 0.638600 0.654664 0.638985 0.639232 0.638407 0.620027
4 0.644387 0.604595 0.642843 0.612826 0.639371 0.621742 0.642650 0.631344 0.642650 0.648491 0.642072 0.663580 0.643422 0.662551 0.645351 0.640604 0.649016 0.665295 0.651717 0.664952 0.649402 0.640604 0.649981 0.621399 0.648245 0.616255 0.647859 0.605281
4 0.664255 0.601852 0.672936 0.632373 0.674093 0.647805 0.673322 0.673868 0.665027 0.676269 0.666763 0.671125 0.666763 0.655007 0.663291 0.673868 0.657311 0.678326 0.658854 0.669410 0.660590 0.658779 0.660590 0.650549 0.663870 0.637174 0.662326 0.626200 0.653260 0.640947 0.651331 0.637517 0.661362 0.626200 0.661555 0.619342 0.650559 0.626886 0.647280 0.630316 0.647280 0.626543 0.657311 0.618999 0.660783 0.607339 0.657311 0.597051 0.659433 0.592250 0.664255 0.592593
