0 0.263343 0.720981 0.218240 0.745323 0.828742 0.767278 0.759477 0.735777
2 0.478074 0.769200 0.459483 0.785347 0.475377 0.785094 0.467004 0.816884 0.499361 0.816379 0.485028 0.784337 0.500355 0.785851
6 0.881471 0.625112 0.844062 0.636035 0.826171 0.662059 0.813714 0.683210 0.800536 0.697739 0.794926 0.715292 0.793917 0.742819 0.796497 0.767752 0.800649 0.781914 0.808839 0.782912 0.818601 0.780917 0.820732 0.767553 0.870448 0.774150 0.875098 0.808872 0.881609 0.808872 0.893941 0.802779 0.900210 0.777456 1.000000 0.781575 0.999536 0.674632 0.968036 0.644067 0.940123 0.628341
6 0.608955 0.638818 0.595580 0.635778 0.571344 0.636851 0.560181 0.665099 0.556782 0.689302 0.556245 0.709348 0.562419 0.711734 0.564299 0.704575 0.566178 0.716984 0.572621 0.717462 0.573427 0.708393 0.598663 0.704098 0.600458 0.713689 0.605480 0.715993 0.607346 0.710689 0.611013 0.711257 0.610866 0.718734 0.615995 0.720522 0.619113 0.705147 0.617705 0.679581
6 0.438439 0.620067 0.434170 0.646478 0.433658 0.702641 0.441684 0.701730 0.441342 0.694141 0.468835 0.691712 0.469006 0.703248 0.474641 0.702034 0.474471 0.653157 0.469518 0.620978
6 0.689430 0.622340 0.662828 0.626664 0.651796 0.643925 0.641687 0.669450 0.640276 0.696347 0.642961 0.721643 0.650548 0.720775 0.655378 0.716138 0.658855 0.721977 0.661946 0.729532 0.672224 0.731666 0.673827 0.719401 0.681458 0.717512 0.717584 0.716138 0.721702 0.729638 0.729951 0.730584 0.732615 0.723052 0.733409 0.689968 0.729807 0.657236 0.717169 0.627022
6 0.404969 0.627656 0.367467 0.628968 0.363746 0.665344 0.365352 0.702945 0.378501 0.701730 0.378627 0.690146 0.403603 0.688980 0.403774 0.700213 0.412483 0.695052 0.412824 0.658318 0.409409 0.655586
2 0.188848 0.810829 0.224895 0.812342 0.262219 0.782319 0.275701 0.783076 0.280100 0.765415 0.235113 0.780301 0.248311 0.782319
2 0.673835 0.775391 0.678130 0.795914 0.690748 0.791142 0.739879 0.826938 0.767531 0.822642 0.705783 0.790664 0.717059 0.789233
4 0.367572 0.620067 0.368255 0.607013 0.374232 0.606406 0.379013 0.619460 0.381574 0.634032 0.381916 0.669854 0.376964 0.688373 0.378842 0.728446 0.365352 0.730267 0.367230 0.724499 0.361936 0.695355 0.363644 0.684730 0.363815 0.667729 0.366206 0.653461 0.368084 0.641621 0.369621 0.632817
7 0.072038 0.495538 0.053213 0.590361 0.056350 0.706381 0.065763 0.713075 0.080823 0.723115 0.088981 0.713075 0.126004 0.711959 0.129769 0.724230 0.165537 0.725346 0.176205 0.704150 0.190638 0.704150 0.195658 0.710843 0.221386 0.707497 0.227033 0.666220 0.233936 0.652834 0.226406 0.514502 0.178715 0.493307
8 0.055085 0.556497 0.000000 0.548964 0.000000 0.716573 0.006532 0.716573 0.020657 0.722850 0.033016 0.710295 0.055085 0.707156
6 0.519380 0.630993 0.546835 0.628840 0.550872 0.646067 0.551478 0.652527 0.551478 0.672983 0.550266 0.687697 0.546229 0.687339 0.545422 0.683032 0.545018 0.683032 0.544210 0.688415 0.540577 0.688415 0.540778 0.682673 0.524023 0.680879 0.523215 0.686980 0.514535 0.684467 0.514333 0.675495 0.514131 0.653244
6 0.408148 0.643196 0.424903 0.642837 0.428739 0.658987 0.430959 0.666523 0.429546 0.678725 0.425105 0.679443 0.425105 0.675495 0.412387 0.674777 0.412589 0.659704
