0 0.168929 0.770188 0.152280 0.787644 0.644937 0.786126 0.636399 0.773224
7 0.258287 0.574432 0.257136 0.619450 0.251209 0.662864 0.251669 0.692091 0.254259 0.705903 0.259726 0.706927 0.261453 0.696184 0.293062 0.695933 0.292530 0.707438 0.299436 0.709484 0.297709 0.690557 0.310658 0.683395 0.312097 0.693626 0.317564 0.689022 0.319003 0.578013 0.286551 0.575231
6 0.028660 0.627123 0.000093 0.661210 0.000000 0.663112 0.001036 0.758594 0.056827 0.755456 0.067057 0.753803 0.071708 0.762070 0.080078 0.743882 0.110670 0.735062 0.120166 0.750921 0.127360 0.739155 0.130301 0.662864 0.122180 0.655770 0.093117 0.626611
2 0.368569 0.723450 0.349862 0.729497 0.356558 0.730820 0.337426 0.739512 0.356452 0.740457 0.364743 0.730064 0.372821 0.729497
6 0.416538 0.639152 0.408434 0.651627 0.407644 0.667440 0.409521 0.676576 0.413672 0.677982 0.417032 0.685361 0.421381 0.684131 0.424148 0.679914 0.426718 0.679563 0.428101 0.683604 0.434426 0.684131 0.436897 0.677630 0.449449 0.676400 0.450931 0.682374 0.455675 0.682725 0.457750 0.678684 0.463285 0.679739 0.464767 0.682725 0.468720 0.682725 0.471784 0.677630 0.475045 0.675522 0.473168 0.657601 0.461703 0.652330 0.451904 0.641193
3 0.482260 0.728582 0.492242 0.723839 0.504497 0.728407 0.497579 0.729461 0.498073 0.731394 0.509339 0.731218 0.508549 0.729285 0.526338 0.731218 0.511118 0.734908 0.510328 0.732624 0.500346 0.733151 0.504793 0.739300 0.487202 0.738949 0.489969 0.729461
7 0.499820 0.612069 0.490481 0.643997 0.489164 0.670605 0.493475 0.672307 0.495869 0.676990 0.499461 0.676990 0.500539 0.673585 0.509878 0.673372 0.514308 0.677842 0.517541 0.672520 0.533106 0.671030 0.534423 0.677416 0.540409 0.677416 0.540649 0.667837 0.541248 0.661877 0.545199 0.659323 0.544480 0.610153 0.518618 0.607173 0.499701 0.609940
6 0.815162 0.632529 0.800686 0.625725 0.768903 0.628979 0.746938 0.651757 0.722145 0.659744 0.716487 0.672761 0.718484 0.690214 0.727802 0.689327 0.730465 0.694652 0.746273 0.693172 0.748935 0.690214 0.803847 0.687256 0.813332 0.686960 0.815329 0.675423
6 0.551562 0.653704 0.564063 0.652381 0.571503 0.655556 0.573438 0.656878 0.573289 0.670635 0.572991 0.675397 0.559301 0.676984 0.551414 0.675132
6 0.353646 0.660582 0.362277 0.657143 0.370908 0.647354 0.375818 0.645503 0.394271 0.646296 0.400521 0.657143 0.401265 0.666138 0.399479 0.674074 0.397842 0.677249 0.396949 0.680159 0.393824 0.681746 0.388616 0.676455 0.375372 0.678042 0.372247 0.684127 0.368973 0.683333 0.368676 0.681746 0.359301 0.680423 0.355729 0.685714 0.354390 0.682011 0.351116 0.680423 0.350372 0.668783
4 0.332664 0.642857 0.333854 0.646825 0.330878 0.649735 0.331324 0.659259 0.332217 0.669048 0.331176 0.674868 0.333408 0.680423 0.336235 0.680688 0.336235 0.679894 0.336533 0.671693 0.336533 0.667460 0.336533 0.650794 0.335640 0.649471 0.335342 0.642063
4 0.342485 0.645503 0.344420 0.644444 0.346205 0.646296 0.348140 0.653968 0.348884 0.658201 0.346205 0.669048 0.346205 0.680423 0.341295 0.680159 0.342634 0.672222 0.341295 0.666931 0.341443 0.659788 0.341741 0.653439
6 0.218682 0.686313 0.215585 0.688673 0.211602 0.689263 0.208283 0.689657 0.207841 0.685527 0.207177 0.683560 0.199876 0.683953 0.197995 0.681003 0.198106 0.665466 0.198659 0.661140 0.204854 0.659960 0.209832 0.658779 0.217355 0.650716 0.222112 0.647569 0.233838 0.646979 0.243241 0.650126 0.248441 0.653863 0.251207 0.657009 0.250875 0.663106 0.251317 0.674316 0.250764 0.685920 0.249437 0.687100 0.242910 0.685723 0.234502 0.685920 0.229966 0.685133 0.229302 0.687297 0.226537 0.689460 0.221337 0.688477
