0 0.184049 0.732597 0.179029 0.747100 0.675389 0.745984 0.666918 0.732039
6 0.504101 0.644853 0.485781 0.643907 0.477047 0.663031 0.476941 0.682913 0.480988 0.682913 0.480775 0.679126 0.497177 0.679505 0.497923 0.684238 0.500905 0.683102 0.501883 0.672914 0.505059 0.674771 0.505805 0.681777 0.508894 0.681777 0.510278 0.666061 0.508894 0.656025
6 0.294177 0.636100 0.260217 0.633450 0.242721 0.660643 0.235818 0.679607 0.234318 0.701250 0.236737 0.716176 0.245560 0.716935 0.246129 0.707068 0.283271 0.706309 0.284125 0.714405 0.294086 0.711875 0.294655 0.702768 0.299209 0.700744 0.300063 0.709092 0.307889 0.707574 0.309237 0.678492 0.301707 0.643909
6 0.406005 0.625350 0.396632 0.665682 0.399401 0.692759 0.403662 0.692191 0.404727 0.685185 0.414845 0.685943 0.415271 0.691812 0.418680 0.691434 0.419638 0.684617 0.424857 0.684996 0.428053 0.691812 0.431567 0.691244 0.433485 0.683102 0.439759 0.680723 0.441047 0.689919 0.444881 0.689730 0.447289 0.678492 0.448183 0.651481 0.442857 0.624972
4 0.618599 0.628291 0.612952 0.634984 0.615462 0.641678 0.610442 0.671798 0.611697 0.695225 0.618599 0.695225 0.617972 0.680723 0.619854 0.696341 0.621737 0.697456 0.622364 0.648371
6 0.002315 0.577160 0.155093 0.587449 0.178241 0.676955 0.181713 0.731481 0.178241 0.755144 0.168981 0.820988 0.157407 0.833333 0.145255 0.832305 0.142361 0.808642 0.094907 0.823045 0.085648 0.881687 0.064815 0.896091 0.050926 0.868313 0.001157 0.867284 0.001157 0.593621
6 0.304807 0.650782 0.308152 0.638889 0.324079 0.639455 0.332680 0.639455 0.338892 0.653047 0.340166 0.674567 0.339688 0.676549 0.337777 0.688441 0.333477 0.690424 0.331088 0.685327 0.323761 0.685610 0.321690 0.690424 0.315319 0.690707 0.314841 0.687026 0.307515 0.687026 0.307833 0.678814
6 0.337459 0.646534 0.358165 0.646534 0.368358 0.657577 0.377278 0.658427 0.378711 0.675416 0.369314 0.678531 0.364058 0.687309 0.357527 0.686743 0.356094 0.680230 0.338892 0.680513 0.339688 0.672868
6 0.368040 0.655312 0.374092 0.645968 0.388905 0.645118 0.398461 0.651348 0.396232 0.665789 0.398143 0.681646 0.388427 0.677682 0.375685 0.676832 0.377278 0.660126
6 0.562675 0.645118 0.576851 0.644552 0.577169 0.674284 0.573187 0.674850 0.571435 0.682212 0.569365 0.682212 0.567931 0.675699 0.563153 0.676549 0.561082 0.682778 0.558056 0.682212 0.557419 0.673151 0.557738 0.654463
4 0.577647 0.626147 0.575736 0.628978 0.577169 0.635208 0.577010 0.665223 0.577169 0.683628 0.575577 0.686176 0.582266 0.686743 0.582585 0.664373 0.583700 0.656162 0.582425 0.637190 0.579718 0.634075
4 0.629571 0.641154 0.631483 0.636057 0.633553 0.637190 0.633235 0.641720 0.636739 0.651348 0.639765 0.651631 0.638969 0.654179 0.635146 0.656728 0.633872 0.683062 0.631801 0.682495 0.631642 0.666072 0.630527 0.684477 0.628297 0.684760 0.628456 0.665506 0.625430 0.659559
4 0.640083 0.648799 0.643428 0.646534 0.643747 0.642287 0.646455 0.640871 0.647729 0.647100 0.652029 0.653613 0.649481 0.663807 0.649321 0.675133 0.648525 0.683345 0.645180 0.683628 0.643747 0.683628 0.643747 0.673434 0.641358 0.664656 0.642791 0.656445 0.639446 0.656445
