0 0.252604 0.683308 0.214937 0.706680 0.771347 0.729454 0.705577 0.699716
6 0.570226 0.564824 0.550068 0.564535 0.542591 0.570893 0.532591 0.608549 0.525037 0.621415 0.521907 0.659643 0.521806 0.688180 0.524835 0.696436 0.529378 0.697154 0.533719 0.694821 0.534224 0.688001 0.535031 0.683334 0.540229 0.681277 0.539372 0.706308 0.543209 0.713846 0.550780 0.713846 0.553506 0.705769 0.553982 0.689568 0.572890 0.689796 0.576726 0.693744 0.612768 0.694283 0.615169 0.715249 0.625007 0.716544 0.629071 0.707585 0.630906 0.693267 0.630906 0.616662 0.623057 0.592856 0.610702 0.565402
6 0.754371 0.567791 0.726881 0.634559 0.714516 0.644551 0.711893 0.696509 0.712519 0.736442 0.724609 0.736442 0.734840 0.718254 0.772042 0.721561 0.783461 0.762457 0.795451 0.761791 0.799944 0.733135 0.867839 0.736442 0.874513 0.771783 0.888002 0.765121 0.894810 0.739749 0.906362 0.724487 0.903365 0.623901 0.879929 0.562831
6 0.395444 0.601252 0.389209 0.616722 0.384663 0.643738 0.384923 0.663365 0.397002 0.665212 0.396872 0.655976 0.423109 0.656899 0.423499 0.666366 0.432720 0.660594 0.433370 0.627805 0.424148 0.602175
2 0.474333 0.733147 0.454474 0.751799 0.469837 0.751799 0.462717 0.785771 0.496815 0.785105 0.481864 0.751323 0.499063 0.752465
4 0.684478 0.567924 0.690180 0.569951 0.693031 0.584482 0.696263 0.594282 0.700825 0.600365 0.702916 0.629089 0.697403 0.645985 0.693412 0.705123 0.685618 0.705799 0.677635 0.704785 0.673833 0.702758 0.681246 0.695999 0.681816 0.678765 0.680676 0.660178 0.678965 0.646661 0.676874 0.636523 0.676304 0.620641 0.677254 0.594282 0.680486 0.588537 0.680676 0.578400
6 0.450514 0.609102 0.467789 0.610257 0.471426 0.632193 0.471815 0.643276 0.470906 0.649280 0.470127 0.651589 0.467269 0.651358 0.466620 0.646740 0.449475 0.645585 0.449475 0.650665 0.446488 0.649280 0.446878 0.631962
8 0.101180 0.526548 0.104094 0.549858 0.107736 0.599068 0.104822 0.654753 0.084426 0.660580 0.082241 0.677415 0.057838 0.678710 0.056745 0.665760 0.029065 0.659933 0.025422 0.674178 0.007212 0.674825 0.003205 0.661228 0.001384 0.656695 0.001020 0.494172 0.036349 0.493525
3 0.137124 0.529785 0.143680 0.520720 0.207783 0.522663 0.250542 0.532774 0.254284 0.546077 0.256224 0.570578 0.254737 0.641612 0.252016 0.648666 0.244205 0.649573 0.243841 0.661228 0.232186 0.669645 0.234371 0.655400 0.193943 0.663818 0.190300 0.693603 0.179374 0.700078 0.177553 0.681300 0.153514 0.676768 0.150600 0.688423 0.140402 0.687128 0.136032 0.667055 0.125834 0.666408 0.125469 0.607485
2 0.181308 0.775835 0.215181 0.781663 0.253059 0.749288 0.266900 0.749935 0.267992 0.734395 0.227200 0.744755 0.237762 0.747345
6 0.292031 0.596478 0.318983 0.601010 0.325175 0.615255 0.327724 0.627558 0.324811 0.648278 0.305507 0.660580 0.305507 0.652163 0.284382 0.648925 0.284018 0.661228 0.277826 0.659285 0.277826 0.638565 0.281104 0.618493 0.285839 0.612665
6 0.504429 0.609557 0.498283 0.610075 0.495314 0.619187 0.494846 0.625853 0.494689 0.637705 0.494898 0.640946 0.496096 0.641872 0.497554 0.641316 0.498127 0.637335 0.510302 0.638565 0.510679 0.630020 0.512085 0.624372 0.513439 0.621964 0.514325 0.616409 0.512488 0.610075
6 0.533144 0.605543 0.518075 0.606316 0.514325 0.617057 0.513387 0.622427 0.512137 0.624464 0.510731 0.630761 0.510471 0.650205 0.514950 0.652057 0.517867 0.651779 0.518648 0.645298 0.524038 0.643745 0.524403 0.626910
4 0.217348 0.648300 0.213333 0.655439 0.212724 0.666905 0.212602 0.678371 0.212724 0.687025 0.210534 0.691135 0.204814 0.687890 0.204936 0.674261 0.204328 0.666689 0.203841 0.657386 0.206396 0.647002 0.211021 0.637916 0.213333 0.632507 0.214306 0.626017 0.213819 0.617364 0.212846 0.620609 0.212359 0.625801 0.210412 0.629262 0.209560 0.626883 0.209804 0.620392 0.211751 0.613037 0.211872 0.607845 0.213211 0.600057 0.214550 0.594432 0.214671 0.589024 0.214793 0.582966 0.216131 0.580154 0.217713 0.578207 0.218200 0.576043 0.218200 0.573447 0.218079 0.566741 0.218809 0.562630 0.221973 0.558087 0.223920 0.558520 0.225623 0.561765 0.225380 0.566524 0.225015 0.569337 0.225867 0.574313 0.226840 0.576043 0.228057 0.578207 0.229882 0.582533 0.230689 0.586484 0.230463 0.593334 0.230614 0.600184 0.230538 0.608780 0.230991 0.618047 0.231294 0.626508 0.229631 0.631881 0.228498 0.636179 0.227743 0.640611 0.226836 0.654713 0.226005 0.661429 0.225778 0.668010 0.225627 0.674054 0.225552 0.682515 0.225552 0.687485 0.220868 0.689768 0.216410 0.690037 0.215730 0.688559 0.216410 0.682247 0.218148 0.674994 0.218148 0.665727 0.217468 0.654579
2 0.678295 0.761579 0.673440 0.743406 0.721570 0.761124 0.708707 0.762185 0.771064 0.793685 0.736137 0.793988 0.694481 0.762185
4 0.695302 0.589307 0.695855 0.585237 0.697197 0.582150 0.699170 0.579343 0.701065 0.580185 0.702723 0.583974 0.704065 0.590009 0.705485 0.594078 0.706512 0.598990 0.708248 0.606007 0.709117 0.611761 0.710143 0.618216 0.708959 0.620882 0.708011 0.622005 0.707617 0.630144 0.706906 0.646984 0.705643 0.671403 0.705722 0.685997 0.707854 0.693295 0.709906 0.698207 0.709196 0.701575 0.705328 0.702136 0.701460 0.699891 0.700749 0.697786 0.700591 0.697224 0.695776 0.699750 0.694118 0.699470 0.694276 0.696523 0.697276 0.646423 0.702723 0.629723 0.700907 0.600113 0.696486 0.593377
6 0.680902 0.689022 0.668125 0.687783 0.666615 0.692326 0.663014 0.695217 0.658368 0.695217 0.656858 0.689022 0.654884 0.681175 0.645940 0.679317 0.645011 0.684273 0.641410 0.687577 0.638157 0.683240 0.638506 0.675807 0.638390 0.668992 0.637809 0.660732 0.638506 0.653712 0.638854 0.649375 0.638854 0.644006 0.638854 0.638637 0.640597 0.630997 0.642107 0.628932 0.644894 0.625835 0.645475 0.621498 0.644546 0.618401 0.647682 0.615716 0.649076 0.617162 0.649657 0.614684 0.651051 0.609108 0.653722 0.601262 0.659065 0.594034 0.662550 0.591556 0.668009 0.589285 0.677301 0.588459 0.681134 0.587426 0.714703 0.600849 0.715051 0.604772 0.720162 0.610347 0.722834 0.619227 0.722485 0.631823 0.713890 0.644419 0.713193 0.666514 0.710754 0.683860 0.700764 0.686957
