0 0.015904 0.859623 0.000000 0.897652 0.801804 0.899306 0.772972 0.859623
2 0.347504 0.741213 0.318412 0.751502 0.328109 0.750945 0.294482 0.770687 0.324043 0.770131 0.338901 0.751223 0.350319 0.750945
3 0.519394 0.754560 0.517361 0.750389 0.529404 0.749833 0.510792 0.738433 0.498123 0.750111 0.507820 0.749833 0.505161 0.769575 0.529248 0.767629 0.522835 0.756507 0.535191 0.755672 0.537068 0.759565 0.556150 0.755116 0.534566 0.749555 0.535348 0.752336
7 0.055556 0.499486 0.149306 0.500514 0.195023 0.509774 0.198495 0.678498 0.175926 0.686728 0.175347 0.723765 0.146991 0.734053 0.145833 0.722737 0.129630 0.725823 0.125579 0.744342 0.088542 0.748457 0.087963 0.734053 0.060764 0.734053 0.057292 0.750514 0.038773 0.752572 0.033565 0.736111 0.020255 0.730967 0.022569 0.683642 0.045718 0.600309 0.060185 0.598251 0.059028 0.561214 0.049190 0.559156
6 0.349617 0.654406 0.359346 0.651353 0.371079 0.643213 0.394546 0.641687 0.401700 0.652880 0.403131 0.668651 0.399697 0.672212 0.397693 0.674756 0.391684 0.672721 0.376517 0.673230 0.368790 0.677808 0.364497 0.677300 0.350189 0.676282 0.346182 0.674247
6 0.409140 0.651353 0.408854 0.671195 0.416295 0.673230 0.419729 0.680861 0.423735 0.682896 0.428600 0.679335 0.432034 0.678826 0.438902 0.684422 0.440333 0.679335 0.454069 0.676791 0.455786 0.681878 0.458076 0.680352 0.460079 0.677300 0.466947 0.675773 0.468950 0.681370 0.475818 0.679335 0.476677 0.672721 0.479253 0.669668 0.477822 0.654406 0.465230 0.653388 0.454069 0.641178 0.427169 0.637617
7 0.420587 0.590303 0.450635 0.587251 0.485548 0.588268 0.487265 0.652880 0.478394 0.654406 0.463513 0.654915 0.453211 0.642705 0.426597 0.640161 0.411144 0.653388 0.417439 0.623372 0.422590 0.609636
6 0.566249 0.635582 0.592004 0.637108 0.598586 0.650336 0.606313 0.652371 0.607744 0.665090 0.606313 0.671703 0.581416 0.671703 0.575979 0.671195 0.566249 0.671195 0.565390 0.674756 0.559095 0.674247 0.558808 0.669160 0.558522 0.648810
5 0.511590 0.637617 0.510159 0.652371 0.505867 0.662546 0.503005 0.671703 0.511304 0.673230 0.518458 0.671195 0.515596 0.663563 0.515596 0.654406 0.515024 0.647792
6 0.487265 0.647792 0.490699 0.643722 0.510731 0.646266 0.509301 0.655423 0.505867 0.665090 0.503863 0.672212 0.498998 0.672212 0.491558 0.672721 0.482400 0.670177 0.484117 0.658985
6 0.526757 0.653388 0.526185 0.666107 0.529046 0.666616 0.533053 0.670686 0.538204 0.670177 0.557664 0.669160 0.558522 0.649827 0.539921 0.646266 0.535342 0.656441
6 0.914574 0.631862 0.889927 0.614501 0.847610 0.614501 0.817848 0.640956 0.787621 0.657490 0.781110 0.669891 0.781576 0.695519 0.793201 0.693866 0.796456 0.698826 0.816453 0.700479 0.822033 0.693039 0.891788 0.693039 0.900623 0.701306 0.907599 0.695519 0.907599 0.688079 0.917364 0.688079
