0 0.113560 0.780258 0.000093 0.862103 0.994327 0.859623 0.816569 0.790799
4 0.868671 0.587209 0.857467 0.587209 0.857164 0.603359 0.847475 0.623277 0.842630 0.647502 0.851108 0.655039 0.854136 0.751400 0.851411 0.767550 0.864129 0.770241 0.867157 0.705103 0.871699 0.765396 0.881995 0.771318 0.875939 0.755168 0.880784 0.719100 0.881692 0.659884 0.889262 0.642119 0.878967 0.613587 0.868671 0.609819
6 0.331301 0.636631 0.320964 0.666997 0.315383 0.718254 0.317243 0.731481 0.325711 0.731030 0.327474 0.716601 0.329268 0.724255 0.336382 0.724706 0.336890 0.717028 0.375254 0.719738 0.373730 0.730578 0.378557 0.731030 0.381417 0.711640 0.382114 0.725610 0.388974 0.722448 0.387703 0.679088 0.384909 0.669151 0.374238 0.638889
6 0.429370 0.637986 0.420478 0.670958 0.419207 0.708446 0.426067 0.709801 0.426990 0.700066 0.455539 0.699864 0.456555 0.711156 0.465193 0.709350 0.464177 0.661021 0.454892 0.637235
6 0.536839 0.634372 0.527437 0.676918 0.522866 0.698509 0.525661 0.719286 0.535569 0.721996 0.535807 0.709987 0.563709 0.708333 0.563709 0.723214 0.573425 0.722900 0.574870 0.665344 0.567327 0.636631
4 0.153964 0.555955 0.165955 0.563283 0.171201 0.576605 0.168952 0.580602 0.174198 0.597256 0.180568 0.607914 0.174948 0.695843 0.167079 0.706501 0.168578 0.805755 0.149843 0.805755 0.142349 0.801092 0.150592 0.782441 0.147969 0.688516 0.145346 0.687184 0.143847 0.655875 0.135979 0.645883 0.146470 0.596589 0.151341 0.585931
6 0.054073 0.619642 0.064022 0.634207 0.074555 0.683104 0.076896 0.745526 0.069288 0.770495 0.058755 0.773616 0.051732 0.753849 0.019546 0.754890 0.013109 0.780899 0.001990 0.769455 0.001404 0.613400
6 0.106506 0.639281 0.129679 0.640851 0.134755 0.655760 0.134975 0.678908 0.132989 0.689109 0.132327 0.687932 0.123941 0.690286 0.122837 0.684793 0.105623 0.684401 0.104299 0.690286 0.097016 0.691070 0.094809 0.681262 0.096796 0.662429
6 0.378399 0.642812 0.397820 0.645951 0.404440 0.668707 0.403337 0.696171 0.396054 0.698525 0.391861 0.691855 0.387226 0.690678 0.387888 0.681654
6 0.500441 0.653798 0.493379 0.682046 0.493600 0.709903 0.499338 0.710295 0.499338 0.705979 0.522511 0.702448 0.527807 0.674984 0.526042 0.652621
6 0.510373 0.651444 0.508828 0.648305 0.482786 0.648305 0.479255 0.674984 0.479696 0.704802 0.486979 0.704410 0.487862 0.696955 0.492717 0.696171 0.493159 0.682046 0.500883 0.654975
4 0.703800 0.723937 0.707465 0.722565 0.707272 0.681070 0.709008 0.660837 0.708044 0.644033 0.702450 0.631344 0.702450 0.625857 0.701292 0.617284 0.699363 0.616598 0.695891 0.620027 0.695505 0.630658 0.692226 0.640604 0.691262 0.652263 0.693383 0.672840 0.694734 0.672840 0.693191 0.692044 0.694348 0.720165 0.692033 0.721536 0.699363 0.726337 0.701292 0.682442 0.703800 0.710219
