0 0.309132 0.719396 0.276502 0.742079 0.723916 0.739105 0.673925 0.717537
2 0.548893 0.782990 0.536131 0.806905 0.554929 0.805372 0.573037 0.848909 0.616153 0.847682 0.571830 0.806291 0.583213 0.803839
6 0.453032 0.622354 0.442801 0.653770 0.439081 0.696759 0.440282 0.708240 0.448858 0.710472 0.450322 0.695969 0.480934 0.696759 0.481279 0.713075 0.493202 0.712331 0.492094 0.655423 0.482794 0.624008
7 0.771112 0.500000 0.724313 0.539720 0.724313 0.602851 0.714379 0.655423 0.708037 0.695444 0.715436 0.762784 0.726681 0.764362 0.727400 0.746362 0.757161 0.748016 0.761896 0.780145 0.777876 0.783302 0.778553 0.754630 0.839134 0.749106 0.835582 0.793298 0.869910 0.790667 0.865978 0.741402 0.885510 0.738095 0.887370 0.501653
6 0.359124 0.630522 0.353267 0.652090 0.346992 0.677004 0.346365 0.718652 0.360588 0.716421 0.361216 0.706753 0.399075 0.706753 0.399075 0.714562 0.408488 0.713075 0.409325 0.668823 0.396356 0.629778
2 0.235498 0.850702 0.272944 0.851307 0.304262 0.805313 0.320942 0.808945 0.319921 0.782317 0.279752 0.802893 0.291326 0.805919
6 0.203685 0.620933 0.154522 0.617039 0.147221 0.618769 0.124099 0.659874 0.116311 0.671556 0.110714 0.697516 0.111200 0.720881 0.112904 0.726938 0.117772 0.743380 0.125560 0.740784 0.129454 0.725640 0.178130 0.722612 0.184458 0.723910 0.184945 0.731698 0.199061 0.729967 0.200277 0.719150 0.211230 0.713525 0.212933 0.720448 0.219018 0.720881 0.221452 0.709631 0.225346 0.702709 0.226319 0.662902
6 0.137972 0.638673 0.094164 0.636942 0.078831 0.662470 0.067149 0.679344 0.065932 0.707035 0.068365 0.721746 0.076884 0.722612 0.078831 0.714823 0.112174 0.716554 0.111930 0.698382 0.118989 0.672854
6 0.278646 0.642134 0.301280 0.642134 0.306878 0.654682 0.309555 0.671989 0.308338 0.687132 0.304688 0.693190 0.302984 0.691459 0.289355 0.695353 0.276212 0.693622 0.271101 0.661604
4 0.447552 0.671123 0.447795 0.658576 0.447552 0.639971 0.446091 0.630452 0.441467 0.618337 0.441954 0.603626 0.437816 0.602760 0.434166 0.616606 0.434896 0.627856 0.434166 0.639538 0.430028 0.676748 0.431245 0.682373 0.433436 0.677181 0.433436 0.668527 0.433679 0.687565 0.439763 0.716987 0.437816 0.725208 0.447065 0.725640 0.447065 0.713958
6 0.527867 0.636076 0.553909 0.638240 0.558776 0.662902 0.557559 0.684103 0.555856 0.697516 0.548068 0.697084 0.548068 0.690594 0.528110 0.688863 0.526650 0.696651 0.520566 0.694488 0.520809 0.670691
6 0.522513 0.649489 0.501339 0.649057 0.498175 0.669393 0.497445 0.691459 0.502069 0.693190 0.502799 0.688863 0.520079 0.686700 0.521052 0.671123 0.523730 0.657710
4 0.656128 0.629154 0.652478 0.642567 0.655398 0.652085 0.655155 0.696218 0.653695 0.700112 0.660509 0.702276 0.660509 0.675017 0.662456 0.704007 0.664647 0.704007 0.664890 0.646893 0.665620 0.635211 0.662456 0.630019 0.660753 0.618337 0.656858 0.618337
4 0.704318 0.608385 0.706995 0.613577 0.706995 0.617904 0.709672 0.621798 0.711376 0.647759 0.711376 0.671123 0.710645 0.706603 0.711619 0.709199 0.704804 0.711362 0.705534 0.696651 0.703831 0.672854 0.703587 0.694488 0.703587 0.713525 0.698963 0.708333 0.697260 0.682373 0.695556 0.664200 0.693609 0.644730 0.690445 0.639971 0.692392 0.627423 0.699693 0.623962 0.698720 0.608818 0.701154 0.602760
2 0.882013 0.851779 0.922613 0.847404 0.821727 0.806576 0.831570 0.803660 0.767183 0.783975 0.785228 0.808763 0.803683 0.806576
