0 0.128397 0.739533 0.000000 0.809581 1.000000 0.820048 0.914176 0.758857
4 0.852577 0.536075 0.843657 0.556217 0.841797 0.579365 0.836343 0.642496 0.836217 0.673611 0.846489 0.760342 0.836005 0.771765 0.867120 0.768158 0.872869 0.682179 0.880648 0.635281 0.874899 0.579365 0.863061 0.570948 0.862723 0.543891
6 0.631615 0.598118 0.626077 0.579983 0.619180 0.572729 0.608201 0.572556 0.578516 0.571957 0.544951 0.573727 0.536986 0.587128 0.527437 0.618194 0.517756 0.644047 0.517079 0.732431 0.526507 0.733934 0.529297 0.712440 0.533947 0.712440 0.535807 0.735588 0.549758 0.738895 0.553478 0.715746 0.621373 0.710786 0.625093 0.742201 0.639477 0.742999 0.640904 0.712440 0.643941 0.700656 0.643254 0.636030 0.640205 0.623583
2 0.279260 0.727987 0.301617 0.733229 0.318077 0.717068 0.328395 0.716632 0.326430 0.707897 0.299897 0.713574 0.308004 0.715758
2 0.458604 0.718816 0.472116 0.710080 0.486119 0.719689 0.479486 0.720999 0.486365 0.738906 0.462043 0.735412 0.467939 0.719689
6 0.419113 0.611651 0.411679 0.634423 0.410942 0.659318 0.411197 0.665486 0.417452 0.666766 0.419002 0.663419 0.419777 0.658794 0.443863 0.659755 0.444634 0.665289 0.446517 0.667061 0.449672 0.665585 0.451056 0.659975 0.451479 0.651456 0.450890 0.637240 0.449514 0.628308 0.442420 0.611060
6 0.454971 0.619235 0.462513 0.618343 0.470178 0.619191 0.473396 0.639326 0.473408 0.654561 0.470803 0.655302 0.469606 0.651413 0.464710 0.650672 0.454501 0.650487 0.454596 0.655054 0.452887 0.655209 0.452216 0.653282 0.452049 0.644424 0.452548 0.631728
6 0.998409 0.649177 0.954282 0.686471 0.948495 0.727623 0.952112 0.780350 0.961516 0.843364 0.975260 0.863940 0.996238 0.858796
6 0.820457 0.588957 0.783504 0.586838 0.767271 0.586394 0.752911 0.589724 0.719184 0.649399 0.717737 0.718843 0.724248 0.730417 0.727865 0.717557 0.753183 0.716271 0.756076 0.745850 0.768374 0.749708 0.772714 0.731703 0.821181 0.722701 0.822627 0.750994 0.837818 0.744564 0.835648 0.650685
4 0.052951 0.637603 0.061632 0.587449 0.065249 0.564300 0.072483 0.563014 0.071036 0.543724 0.076100 0.524434 0.086950 0.524434 0.086950 0.556584 0.093461 0.575874 0.086950 0.654321 0.081163 0.743056 0.052951 0.745628 0.057292 0.735340 0.065249 0.725051 0.066696 0.695473
6 0.231638 0.619924 0.230890 0.652238 0.233845 0.667005 0.243176 0.667990 0.245708 0.656209 0.258365 0.658327 0.271363 0.660728 0.275044 0.669446 0.279139 0.669446 0.280926 0.667725 0.281596 0.659916 0.284128 0.658592 0.285766 0.664151 0.286138 0.670373 0.290978 0.670638 0.292691 0.651312 0.292988 0.629206 0.290606 0.614248 0.284500 0.592142 0.243846 0.591745
6 0.736679 0.606717 0.694419 0.610042 0.673428 0.651027 0.670805 0.664499 0.672360 0.700769 0.673428 0.705950 0.677995 0.706123 0.679299 0.696171 0.687685 0.695386 0.689167 0.715104 0.695630 0.715788 0.700825 0.703878 0.718021 0.702841 0.719090 0.649472 0.740949 0.610957
4 0.936297 0.680680 0.934718 0.695012 0.934801 0.700331 0.933638 0.704615 0.927737 0.704024 0.926657 0.699592 0.930314 0.698114 0.932308 0.695307 0.932059 0.690136 0.932059 0.686295 0.931726 0.680828 0.931394 0.657189 0.931145 0.650688 0.932308 0.646551 0.931145 0.642562 0.930729 0.636209 0.930397 0.629412 0.930480 0.624241 0.931726 0.619957 0.932973 0.616854 0.933222 0.614786 0.932474 0.607841 0.935300 0.606068 0.937876 0.608285 0.938708 0.612126 0.939788 0.613751 0.941035 0.615229 0.942946 0.618184 0.945356 0.623946 0.946021 0.627935 0.946686 0.634436 0.947268 0.638425 0.947268 0.643448 0.947101 0.651131 0.945605 0.658075 0.946021 0.669895 0.946852 0.677282 0.947434 0.679646 0.948099 0.684965 0.948597 0.690136 0.949428 0.695898 0.949927 0.699001 0.949511 0.702399 0.949096 0.704615 0.947268 0.704615 0.945273 0.704615 0.945605 0.701217 0.946769 0.700331 0.944774 0.683635 0.941949 0.675657 0.939372 0.674180
4 0.958726 0.653104 0.957575 0.646575 0.958233 0.641604 0.958562 0.636439 0.958617 0.633418 0.959494 0.630787 0.961084 0.629033 0.961961 0.627181 0.962619 0.625719 0.963112 0.624550 0.962947 0.620944 0.962947 0.618215 0.964153 0.615389 0.967333 0.614999 0.968758 0.615096 0.969252 0.620651 0.968813 0.624842 0.970184 0.625427 0.972650 0.627668 0.974405 0.630982 0.975062 0.631956 0.976378 0.635172 0.975556 0.639655 0.975446 0.642579 0.975227 0.646380 0.974843 0.650083 0.973637 0.654079 0.973582 0.656515 0.974021 0.660511 0.974459 0.664311 0.975008 0.668015 0.974679 0.670744 0.960316 0.681269 0.959604 0.678150 0.959110 0.672693 0.959549 0.667528 0.959713 0.663142 0.959439 0.657684
6 0.089665 0.659591 0.092014 0.643388 0.105694 0.624654 0.131076 0.590662 0.163079 0.590162 0.188628 0.593320 0.199149 0.604979 0.208030 0.624411 0.210763 0.638985 0.210216 0.669347 0.207347 0.689508 0.202596 0.691513 0.196046 0.691312 0.194916 0.682478 0.167245 0.689685 0.101749 0.692717 0.090456 0.673645
6 0.652062 0.684615 0.644383 0.682206 0.643480 0.655304 0.643254 0.640247 0.644496 0.635629 0.646980 0.630409 0.649691 0.622780 0.653982 0.616757 0.657031 0.614348 0.660193 0.611537 0.672051 0.609128 0.689442 0.608526 0.694185 0.609128 0.696331 0.610132 0.691023 0.615553 0.680521 0.636633 0.672954 0.652092 0.670922 0.662531 0.671148 0.672369 0.671712 0.690036 0.662565 0.689835 0.661661 0.693650 0.658386 0.700074 0.656467 0.700877 0.654321 0.699874 0.653756 0.696260 0.653192 0.691642
