0 0.367312 0.800375 0.347470 0.821318 1.000000 0.842262 0.987351 0.815807
1 0.231867 0.698903 0.160494 0.718336 0.808160 0.740851 0.792039 0.718805
2 0.556660 0.698478 0.567102 0.694582 0.574580 0.699853 0.568778 0.699853 0.569939 0.707187 0.555371 0.706041 0.561817 0.700083
4 0.667788 0.613220 0.671527 0.612761 0.674105 0.619637 0.676555 0.631326 0.675781 0.653786 0.673332 0.666850 0.671914 0.676705 0.672558 0.702833 0.665983 0.703520 0.669206 0.699624 0.663276 0.673038 0.664307 0.663183 0.663534 0.655620 0.665081 0.637514 0.666757 0.626283 0.665854 0.615741
4 0.738049 0.618720 0.741530 0.626742 0.745527 0.638660 0.749265 0.657912 0.749007 0.669142 0.745913 0.666162 0.746042 0.656536 0.743722 0.681518 0.743206 0.697791 0.735986 0.699853 0.734311 0.696874 0.735858 0.692978 0.732506 0.676247 0.732635 0.663871 0.730314 0.664100 0.731345 0.646452 0.731861 0.634763 0.734182 0.634763 0.733795 0.623304
3 0.674621 0.700770 0.688286 0.705812 0.683903 0.706958 0.687126 0.708792 0.695506 0.708563 0.695248 0.706271 0.709042 0.709479 0.697955 0.712459 0.697182 0.710625 0.690865 0.710854 0.694603 0.713605 0.679778 0.714292 0.677070 0.706271 0.670109 0.706271
11 0.451673 0.620044 0.461856 0.617670 0.470870 0.620637 0.470369 0.645566 0.471705 0.659514 0.448668 0.661592 0.447499 0.655953 0.448334 0.626573
6 0.475544 0.625089 0.491069 0.624495 0.492738 0.634289 0.494909 0.639037 0.495910 0.646753 0.495409 0.657437 0.490067 0.661295 0.489734 0.658624 0.475711 0.658327 0.475711 0.661295 0.471371 0.661295 0.470870 0.638741
6 0.545656 0.630134 0.555005 0.630728 0.556674 0.637553 0.557342 0.646753 0.556507 0.651205 0.555005 0.652392 0.554504 0.648534 0.546825 0.648237 0.546491 0.651502 0.544488 0.651502 0.544154 0.643192
7 0.511268 0.607283 0.524957 0.609657 0.539480 0.610250 0.539480 0.628650 0.540982 0.629837 0.542151 0.640818 0.541817 0.649721 0.520616 0.653579 0.512103 0.652095 0.512270 0.639928 0.509766 0.634586
5 0.656834 0.620637 0.655165 0.623012 0.654998 0.629837 0.653996 0.641708 0.651492 0.653579 0.651826 0.664856 0.654664 0.670792 0.658003 0.671385 0.659004 0.669308 0.661508 0.656250 0.661175 0.636960 0.660841 0.632805
6 0.618606 0.629244 0.628122 0.629541 0.631460 0.637850 0.633297 0.647347 0.631961 0.655063 0.629791 0.655360 0.629791 0.653282 0.619274 0.652392 0.619274 0.656547 0.615769 0.656547 0.616102 0.641411
4 0.774127 0.694536 0.778266 0.696069 0.779474 0.675527 0.781026 0.675527 0.780681 0.696683 0.786545 0.696069 0.783958 0.691470 0.784647 0.680433 0.787234 0.674608 0.786717 0.659278 0.788269 0.648853 0.786717 0.635670 0.783958 0.628618 0.784820 0.623099 0.781198 0.616967 0.777749 0.616967 0.776887 0.626778 0.774645 0.628005 0.770678 0.639042 0.773093 0.642721 0.774127 0.662344 0.775507 0.691470
