0 0.082176 0.777263 0.016834 0.824074 0.045718 0.816358 1.000000 0.822175 0.994257 0.789886
6 0.602772 0.627315 0.593534 0.659435 0.586138 0.686829 0.587062 0.733399 0.595383 0.738330 0.597548 0.726273 0.603088 0.724085 0.602163 0.743809 0.615415 0.748740 0.620334 0.733218 0.666882 0.731208 0.671596 0.752976 0.680443 0.749836 0.684449 0.731208 0.678106 0.668651 0.663225 0.624008
6 0.431809 0.618327 0.426190 0.659435 0.427435 0.698073 0.433228 0.698557 0.433654 0.686951 0.459625 0.686447 0.460618 0.697800 0.466721 0.697295 0.466153 0.656423 0.462037 0.619084
6 0.382390 0.630255 0.376619 0.651026 0.374367 0.659535 0.373944 0.688063 0.382672 0.687312 0.383657 0.679805 0.405898 0.680055 0.407306 0.688063 0.413640 0.686311 0.414203 0.657032 0.404209 0.632257
6 0.522027 0.621335 0.554579 0.619020 0.564779 0.642940 0.563477 0.681134 0.560655 0.693866 0.556098 0.693866 0.555664 0.685378 0.552843 0.686921 0.551107 0.692708 0.548069 0.690394 0.548503 0.683063 0.545898 0.683063 0.541992 0.687693 0.538520 0.681520 0.529405 0.681134 0.527886 0.689236 0.517253 0.688079 0.515082 0.675733 0.516819 0.651042
4 0.074653 0.575595 0.083711 0.572016 0.092769 0.570675 0.097549 0.579173 0.095033 0.592593 0.103085 0.610485 0.105349 0.616747 0.101323 0.683396 0.095033 0.720075 0.116923 0.775989 0.110885 0.796117 0.099311 0.797012 0.100065 0.779567 0.077420 0.726785 0.069621 0.770174 0.068363 0.802380 0.041440 0.795670 0.055782 0.783145 0.060059 0.736626 0.064337 0.705761 0.063582 0.668188 0.063330 0.639560 0.071633 0.633745 0.080188 0.607354 0.074401 0.597960 0.074401 0.581410
7 0.004388 0.758457 0.027354 0.746063 0.036376 0.697944 0.060162 0.697215 0.074516 0.700860 0.076567 0.528069 0.065084 0.521508 0.061393 0.449329 0.000000 0.408051 0.004388 0.765748
6 0.158588 0.642534 0.168020 0.624307 0.191396 0.629411 0.196727 0.642534 0.197137 0.659303 0.196317 0.668781 0.183604 0.672426 0.182784 0.666594 0.166790 0.670968
6 0.787689 0.751167 0.856176 0.757728 0.858227 0.775226 0.868889 0.775226 0.876681 0.765748 0.879962 0.749708 0.879552 0.711796 0.871350 0.652741 0.841412 0.600977 0.752420 0.608268 0.717561 0.674614 0.715100 0.697215 0.715510 0.739501 0.720842 0.753354 0.731914 0.755541 0.736426 0.743876 0.755700 0.740230 0.761852 0.771581 0.771284 0.775226 0.779897 0.773039 0.781127 0.751896
6 0.734857 0.636488 0.690297 0.636488 0.677758 0.660837 0.681424 0.688615 0.683738 0.719822 0.684703 0.735597 0.693191 0.737654 0.697242 0.728738 0.712288 0.724280 0.714988 0.695473 0.718461 0.671468 0.729456 0.658436
