0 0.088449 0.796792 0.047526 0.839782 0.717169 0.828208 0.692987 0.795139
6 0.867511 0.631218 0.845322 0.614782 0.805566 0.620809 0.781836 0.645464 0.755640 0.656421 0.749476 0.664639 0.752250 0.681076 0.756564 0.690390 0.761495 0.688746 0.768275 0.695869 0.783993 0.693130 0.853026 0.692034 0.860731 0.684911 0.869052 0.683815
6 0.600931 0.653682 0.596616 0.654230 0.589836 0.646011 0.579050 0.646011 0.567030 0.656969 0.563948 0.665187 0.569188 0.667927 0.580282 0.672858 0.591993 0.670118 0.599698 0.670666
6 0.551929 0.670666 0.553470 0.665187 0.551929 0.652586 0.534671 0.632314 0.505393 0.634506 0.497689 0.647655 0.496148 0.669023 0.499846 0.669570 0.503544 0.678337 0.506934 0.677789 0.510016 0.673954 0.519262 0.674501 0.528507 0.678885 0.533130 0.673406 0.542375 0.672310 0.545766 0.677789
7 0.518337 0.595058 0.457008 0.593962 0.458241 0.613138 0.449304 0.639437 0.448995 0.667379 0.451461 0.676693 0.455159 0.675597 0.461015 0.671762 0.471185 0.671762 0.475191 0.676145 0.479814 0.676145 0.483204 0.669023 0.494607 0.670666 0.497689 0.651490 0.504469 0.636149 0.518029 0.635602
6 0.449920 0.642176 0.441599 0.639437 0.430812 0.658613 0.429888 0.665187 0.430504 0.671762 0.436052 0.675049 0.437901 0.668475 0.443140 0.669023 0.445297 0.675049 0.448995 0.674501
6 0.317708 0.651490 0.326029 0.650394 0.340822 0.641628 0.361779 0.643820 0.371641 0.651490 0.382735 0.655325 0.390440 0.655873 0.389824 0.665187 0.386434 0.669023 0.342363 0.675597 0.339281 0.684911 0.331268 0.684911 0.327262 0.683268 0.325413 0.676145 0.314626 0.675049
6 0.369175 0.644916 0.375339 0.640533 0.397528 0.640533 0.399686 0.649299 0.401843 0.662448 0.398145 0.669023 0.397528 0.677789 0.392906 0.676145 0.392289 0.670666 0.387050 0.672310 0.390132 0.658065 0.370408 0.654230
7 0.155331 0.697440 0.155714 0.670888 0.158778 0.654548 0.172181 0.613698 0.175628 0.544935 0.240349 0.543573 0.267540 0.548339 0.266774 0.677696 0.255668 0.681781 0.254136 0.708333 0.236137 0.711057 0.235371 0.701525 0.230775 0.701525 0.231541 0.710376 0.219286 0.715822 0.219286 0.706972 0.208180 0.709014 0.205499 0.720588 0.194010 0.717184 0.193244 0.707653 0.176777 0.711737 0.169884 0.720588 0.163373 0.719907 0.163756 0.706291
4 0.053530 0.629973 0.057774 0.630658 0.059124 0.637174 0.062404 0.647805 0.061246 0.656722 0.057967 0.653292 0.057002 0.671125 0.056231 0.695816 0.051408 0.695816 0.052180 0.686557 0.050829 0.665981 0.049093 0.657407 0.048708 0.652263 0.049672 0.643004 0.053337 0.641975
