1 0.337601 0.817001 0.288411 0.898020 0.996600 0.901878 0.877966 0.824717
10 0.469161 0.173489 0.469161 0.209227 0.525813 0.209227 0.525813 0.173489
11 0.685363 0.612247 0.675536 0.621419 0.676518 0.715321 0.679466 0.714885 0.681186 0.734102 0.685363 0.733229 0.684871 0.710954 0.701823 0.713138 0.702069 0.727551 0.705508 0.728424 0.706245 0.713138 0.721477 0.714011 0.720986 0.728424 0.729584 0.735849 0.725653 0.617488 0.702806 0.611373
11 0.538007 0.618869 0.489208 0.621927 0.482794 0.666997 0.484654 0.678571 0.486549 0.686158 0.483265 0.698949 0.484985 0.708681 0.492180 0.710905 0.494057 0.702008 0.513295 0.698949 0.515328 0.708403 0.520176 0.707291 0.524712 0.697837 0.537381 0.693944 0.539884 0.706735 0.546968 0.706680 0.548828 0.683532 0.548828 0.655423
4 0.794915 0.743652 0.802164 0.745084 0.798942 0.661082 0.795721 0.620991 0.802164 0.617650 0.797868 0.594263 0.784713 0.581376 0.769679 0.581854 0.769410 0.608582 0.776659 0.613832 0.773169 0.620514 0.772632 0.641991 0.769679 0.656787 0.771021 0.667287 0.777196 0.651537 0.776391 0.706901 0.776659 0.732197 0.769947 0.736016 0.770484 0.744607 0.785250 0.746993 0.788203 0.685901
4 0.620141 0.623377 0.623631 0.629582 0.621483 0.637696 0.620678 0.653446 0.621215 0.665378 0.621752 0.676833 0.622825 0.679696 0.617188 0.679696 0.617188 0.672537 0.615577 0.674924 0.616382 0.681606 0.613160 0.681606 0.611281 0.672060 0.616919 0.667764 0.614771 0.653923 0.614503 0.646287 0.614234 0.634832 0.615577 0.632923
6 0.373148 0.675878 0.389524 0.675401 0.392477 0.681128 0.396505 0.679219 0.398384 0.672060 0.405096 0.672060 0.410465 0.679696 0.411807 0.678742 0.416908 0.670628 0.419593 0.669196 0.419325 0.650582 0.408317 0.649628 0.402142 0.639605 0.379322 0.638650 0.370194 0.647719 0.377443 0.651060 0.378248 0.666810
6 0.369926 0.682083 0.371537 0.677310 0.375027 0.673492 0.377175 0.667287 0.377980 0.652969 0.368584 0.652491 0.360798 0.643423 0.343347 0.639605 0.344153 0.683037 0.346032 0.686378 0.350059 0.683515 0.353012 0.678742 0.364288 0.678265 0.365630 0.685424
4 0.313547 0.616695 0.313547 0.611445 0.307641 0.608104 0.306567 0.617650 0.299855 0.620514 0.302808 0.626241 0.301466 0.646287 0.303614 0.685424 0.310862 0.686378 0.313010 0.657742 0.314621 0.648196 0.315158 0.635787
1 0.002767 0.824074 0.228190 0.832755 0.128092 0.902199 0.000000 0.899370
6 0.014160 0.618634 0.039388 0.673611 0.040202 0.714120 0.035319 0.730035 0.029622 0.777778 0.015788 0.783565 0.007650 0.758970 0.000326 0.764757 0.000326 0.618634
