1 0.280268 0.711553 0.249742 0.725963 0.683655 0.735161 0.651405 0.713699
2 0.478184 0.760302 0.459385 0.777471 0.474907 0.777165 0.466974 0.812117 0.501983 0.810890 0.486462 0.779311 0.500431 0.778391
6 0.312621 0.613748 0.298134 0.654832 0.293305 0.687945 0.296237 0.730255 0.302963 0.730255 0.305550 0.715232 0.361772 0.715232 0.362290 0.731481 0.369361 0.730868 0.372120 0.711553 0.373845 0.721364 0.381088 0.720751 0.382468 0.678440 0.378846 0.658511 0.364359 0.614054
6 0.559059 0.626350 0.544643 0.653908 0.541233 0.702133 0.543558 0.722250 0.551773 0.722525 0.552858 0.712054 0.555959 0.710125 0.557819 0.718667 0.564949 0.715912 0.566499 0.709573 0.598121 0.710951 0.596106 0.728312 0.601376 0.729690 0.603237 0.711365 0.611452 0.710676 0.612537 0.721285 0.618428 0.720321 0.619978 0.702409 0.619668 0.679812 0.616257 0.655148 0.601842 0.627728
9 0.477229 0.434246 0.477229 0.460637 0.514719 0.459295 0.513461 0.435588
2 0.173444 0.805678 0.207074 0.806598 0.250535 0.775325 0.265711 0.774712 0.267263 0.759688 0.221734 0.776245 0.236048 0.776858
6 0.461030 0.632291 0.478103 0.632731 0.480206 0.636030 0.480453 0.641528 0.483422 0.653844 0.482185 0.670120 0.478721 0.671219 0.478103 0.666821 0.460041 0.666821 0.459175 0.672319 0.456329 0.670560 0.458061 0.644827
6 0.437277 0.632731 0.451628 0.634050 0.454473 0.641528 0.456329 0.647026 0.456577 0.665721 0.451752 0.666601 0.452123 0.662422 0.437772 0.661322 0.437525 0.666821 0.434061 0.665281 0.433566 0.646587
4 0.669364 0.593362 0.673075 0.593802 0.675797 0.605679 0.681364 0.611617 0.684704 0.630971 0.681735 0.634050 0.680127 0.671879 0.680374 0.711907 0.668374 0.708608 0.671590 0.705749 0.673199 0.705089 0.670353 0.675178 0.667508 0.656484 0.667879 0.633391 0.663920 0.631191 0.666518 0.612057 0.669858 0.610737 0.667755 0.603479
4 0.745818 0.606339 0.750148 0.605899 0.751757 0.617775 0.755468 0.621074 0.760788 0.634930 0.759551 0.644167 0.754478 0.645047 0.757076 0.664841 0.755592 0.684415 0.752994 0.695412 0.755468 0.703330 0.751014 0.704210 0.750520 0.692553 0.751509 0.673199 0.749901 0.680017 0.751014 0.705089 0.744087 0.706189 0.746684 0.701790 0.743221 0.665941 0.737406 0.663742 0.738643 0.645267 0.740994 0.622614 0.746684 0.620194
4 0.857444 0.607250 0.850004 0.607965 0.849200 0.622265 0.848797 0.630845 0.844373 0.635135 0.840352 0.651223 0.840352 0.664808 0.842966 0.697698 0.845580 0.714858 0.846183 0.731303 0.844977 0.747390 0.847390 0.751323 0.847792 0.757758 0.857847 0.758115 0.861064 0.755613 0.864483 0.724510 0.867700 0.707350 0.868102 0.686258 0.871119 0.694480 0.870918 0.665523 0.871923 0.659803 0.868304 0.640140 0.859254 0.627628 0.860461 0.616903
11 0.388180 0.677764 0.541448 0.680591 0.540852 0.688719 0.384005 0.685892
4 0.526737 0.633588 0.529123 0.627933 0.531707 0.628287 0.531707 0.635001 0.533099 0.637829 0.533099 0.647724 0.531906 0.660447 0.531310 0.668222 0.530514 0.682711 0.528527 0.682005 0.528924 0.672463 0.526737 0.675643 0.525942 0.680591 0.524750 0.677410 0.525147 0.670696 0.525346 0.660093 0.526141 0.647371
6 0.495328 0.637122 0.505864 0.638535 0.509840 0.648431 0.508449 0.661860 0.506858 0.661154 0.506858 0.659033 0.497515 0.658680 0.496521 0.662567 0.494732 0.661507 0.493937 0.654085 0.493937 0.645250
4 0.891083 0.634650 0.896402 0.629760 0.898419 0.612154 0.902637 0.607916 0.910156 0.618349 0.913641 0.627478 0.914924 0.637259 0.918409 0.649648 0.919876 0.667254 0.918225 0.693662 0.912724 0.718114 0.910156 0.752021 0.907772 0.757564 0.899520 0.753652 0.896035 0.714854 0.892184 0.684207 0.890167 0.669210
4 0.866509 0.634324 0.870727 0.622587 0.875495 0.601721 0.881914 0.599765 0.884665 0.615089 0.891267 0.633672 0.892184 0.678665 0.889433 0.700509 0.887599 0.743219 0.886132 0.753326 0.878613 0.757564 0.872744 0.756586 0.869443 0.738002 0.868343 0.704095 0.867243 0.671166
8 0.174400 0.594276 0.185133 0.589226 0.201862 0.589787 0.230903 0.594837 0.235953 0.604377 0.235006 0.663300 0.227115 0.665544 0.226484 0.675084 0.217961 0.675084 0.217961 0.670034 0.202178 0.668350 0.200284 0.676768 0.193655 0.676768 0.193655 0.671717 0.177872 0.670595 0.177557 0.677329 0.171875 0.678451 0.170612 0.664422 0.164299 0.660494 0.165246 0.637486
6 0.264569 0.659535 0.264569 0.649107 0.263865 0.639932 0.262223 0.637846 0.258704 0.630756 0.241812 0.630339 0.240639 0.638263 0.242751 0.648690 0.242516 0.664540 0.244862 0.665791 0.245331 0.660786 0.253073 0.658700 0.254716 0.664122 0.256593 0.664122 0.257766 0.657866 0.261285 0.656198 0.261285 0.663705 0.264100 0.663705
6 0.270434 0.628670 0.288499 0.625751 0.291784 0.639932 0.289438 0.653695 0.288499 0.661203 0.284276 0.662454 0.284746 0.655781 0.282869 0.655781 0.267619 0.655781 0.266915 0.662037 0.265742 0.660786 0.266212 0.644937
4 0.999852 0.564946 0.993187 0.569774 0.992200 0.582938 0.993928 0.596981 0.984054 0.607074 0.975168 0.639986 0.978624 0.658417 0.983807 0.662366 0.985782 0.694839 0.995162 0.737844 0.994915 0.797086 0.999111 0.803669 1.000000 0.588029
4 0.838418 0.610146 0.837431 0.597859 0.840887 0.589960 0.848539 0.594787 0.848539 0.604002 0.845577 0.613656 0.847305 0.618483 0.848045 0.633842 0.842121 0.640864 0.838418 0.654028 0.840887 0.673776 0.842861 0.702738 0.845330 0.735212 0.838171 0.738283 0.838418 0.709760 0.835950 0.680797 0.833481 0.650518 0.828791 0.646130 0.834222 0.619800 0.838171 0.617167
4 0.702218 0.673825 0.704005 0.674069 0.704692 0.658433 0.706753 0.662587 0.705241 0.670893 0.708402 0.674313 0.707578 0.653792 0.706616 0.641821 0.708677 0.641576 0.707990 0.636446 0.705379 0.635469 0.705241 0.631560 0.702081 0.629850 0.701119 0.636690 0.699057 0.643042 0.700844 0.644752 0.700981 0.654769
