1 0.346644 0.703924 0.308614 0.720091 0.717014 0.721561 0.693866 0.704659
6 0.539253 0.617261 0.530889 0.642268 0.526707 0.671668 0.528798 0.707151 0.534310 0.707489 0.536737 0.695106 0.576699 0.695661 0.577660 0.708333 0.584170 0.706680 0.585063 0.691606 0.588295 0.691944 0.588675 0.702082 0.594757 0.702082 0.595328 0.667613 0.593807 0.654096 0.580450 0.619048
9 0.532600 0.551365 0.540203 0.551365 0.540203 0.587862 0.532600 0.587186
9 0.400871 0.478035 0.400871 0.497972 0.429764 0.498986 0.429003 0.480062
6 0.382812 0.626386 0.416077 0.623682 0.425011 0.649027 0.425392 0.681130 0.424945 0.697618 0.411325 0.696337 0.410565 0.689240 0.385712 0.689734 0.384916 0.698831 0.374340 0.696203 0.373090 0.675987 0.373317 0.657185 0.382812 0.631454
4 0.768069 0.686282 0.766341 0.661269 0.769550 0.642838 0.774487 0.639767 0.775474 0.628796 0.779423 0.626163 0.782385 0.639328 0.786829 0.640644 0.792506 0.650298 0.789050 0.669607 0.789297 0.688476 0.786335 0.707346 0.783620 0.728410 0.778436 0.729726 0.773499 0.724021 0.773499 0.698569
4 0.797196 0.645910 0.796702 0.635817 0.798924 0.630112 0.804354 0.634062 0.803367 0.647665 0.809291 0.648104 0.808551 0.673556 0.808057 0.709101 0.805835 0.729726 0.798430 0.730165 0.797443 0.703835 0.794727 0.684527 0.794234 0.673995 0.792259 0.688476 0.789791 0.683649 0.791272 0.661269 0.793493 0.650298
4 0.961098 0.574820 0.969491 0.562094 0.978624 0.566921 0.981586 0.582719 0.979858 0.595006 0.987510 0.605538 0.995162 0.617825 0.999852 0.670484 0.997877 0.687599 0.994175 0.677506 0.992447 0.737186 0.990966 0.768343 0.996149 0.774925 0.981833 0.773170 0.978870 0.728410 0.978130 0.776242 0.966528 0.776681 0.960357 0.768343 0.960111 0.715684 0.959617 0.677506 0.954927 0.647227 0.958383 0.610365 0.963566 0.596323
4 0.179189 0.642336 0.175310 0.657604 0.176695 0.674350 0.179743 0.679768 0.177250 0.701438 0.188054 0.704886 0.183898 0.673857 0.188331 0.666470 0.190547 0.654649 0.186392 0.642336 0.185007 0.634949 0.183344 0.631501 0.178081 0.631501
4 0.298039 0.604413 0.292498 0.612293 0.288342 0.623621 0.289450 0.653172 0.289173 0.708333 0.301917 0.713258 0.300255 0.706363 0.304410 0.684693 0.304688 0.649724 0.305796 0.642336 0.303856 0.620173
4 0.310505 0.614756 0.304688 0.621651 0.303856 0.625591 0.304410 0.661545 0.301917 0.698976 0.301086 0.710303 0.304688 0.710796 0.306073 0.686663 0.306904 0.714243 0.313553 0.714243 0.316600 0.674350 0.315492 0.656127 0.314107 0.631009 0.312722 0.628546 0.313553 0.621158
4 0.314384 0.606875 0.318262 0.602443 0.320756 0.604413 0.321310 0.621158 0.324911 0.626576 0.323526 0.645292 0.321587 0.677797 0.320202 0.706363 0.317708 0.707841 0.314938 0.705378 0.316046 0.655142 0.313276 0.630024 0.314107 0.623128
4 0.337101 0.612786 0.339594 0.617218 0.339040 0.624606 0.340148 0.632486 0.340426 0.656619 0.339871 0.680753 0.337101 0.697991 0.334054 0.708826 0.326297 0.707841 0.326851 0.672872 0.329067 0.642336 0.329344 0.630516 0.332114 0.626084 0.332945 0.619188
11 0.693373 0.609831 0.697252 0.606383 0.702516 0.611308 0.703901 0.624606 0.708610 0.626576 0.716367 0.637411 0.709441 0.652187 0.706117 0.705871 0.696421 0.712766 0.693096 0.708826 0.693927 0.657604 0.695590 0.632486
6 0.597518 0.653172 0.606660 0.649232 0.616356 0.638889 0.642121 0.639874 0.646831 0.645784 0.646000 0.655634 0.632979 0.669917 0.630485 0.690110 0.626330 0.688140 0.624391 0.680753 0.613032 0.678290 0.608322 0.686170 0.598349 0.675827 0.594747 0.675335
4 0.960698 0.599598 0.960012 0.588024 0.957271 0.585587 0.950075 0.590461 0.949047 0.609954 0.941852 0.617873 0.932257 0.647113 0.938083 0.685490 0.941166 0.683053 0.937397 0.650158 0.941852 0.644067 0.943908 0.670870 0.940481 0.767727 0.954530 0.769554 0.960012 0.767727 0.957956 0.680007 0.953159 0.650768 0.958299 0.609954
