1 0.060640 0.666565 0.002046 0.755851 0.015067 0.813721 1.000000 0.795533 1.000000 0.756600 0.866071 0.702941 0.047619 0.686406
6 0.453962 0.498347 0.412109 0.686839 0.411179 0.822421 0.431641 0.850529 0.652995 0.857143 0.658575 0.764550 0.610212 0.503307
10 0.433862 0.261537 0.434689 0.296076 0.478092 0.293871 0.478919 0.263742
5 0.078993 0.359458 0.085658 0.428902 0.046596 0.491733 0.043031 0.547950 0.025050 0.583223 0.027530 0.652668 0.059152 0.680225 0.054191 0.735340 0.047991 0.803682 0.065352 0.809193 0.056672 0.864308 0.065352 0.919422 0.099454 0.917218 0.124256 0.862103 0.134797 0.855489 0.183160 0.864308 0.193545 0.792659 0.193700 0.755181 0.182540 0.707782 0.193080 0.675816 0.172154 0.556217 0.240048 0.622354 0.236328 0.592593 0.161458 0.493937 0.174014 0.470238 0.164559 0.417879 0.137897 0.370481 0.108135 0.344026
4 0.293320 0.466564 0.287946 0.485670 0.275959 0.506981 0.265212 0.561361 0.269345 0.615741 0.274719 0.626029 0.257719 0.751323 0.280919 0.751690 0.284691 0.668651 0.298642 0.748016 0.313523 0.748016 0.328456 0.728909 0.317243 0.731481 0.305721 0.667916 0.297454 0.602513 0.301587 0.554012 0.297712 0.523148 0.308614 0.504042 0.311095 0.479056
4 0.714143 0.515313 0.719351 0.494658 0.713742 0.479701 0.699720 0.484687 0.700921 0.506766 0.691127 0.531415 0.692909 0.596510 0.704148 0.633929 0.698518 0.670584 0.690505 0.684829 0.697316 0.705484 0.716146 0.706909 0.710136 0.696225 0.710938 0.669872 0.720889 0.645503 0.718950 0.619302 0.724960 0.585826 0.722155 0.536681
4 0.793434 0.516534 0.786659 0.530983 0.786659 0.548789 0.781050 0.562322 0.773838 0.609330 0.772236 0.643519 0.757412 0.709758 0.770182 0.723214 0.788261 0.653490 0.803486 0.698362 0.800874 0.723214 0.812035 0.724868 0.803664 0.587632 0.805525 0.559524 0.806455 0.514881 0.804594 0.514881
4 0.617708 0.531481 0.630729 0.510185 0.636458 0.510185 0.638542 0.542593 0.646875 0.581481 0.656250 0.597222 0.654167 0.625926 0.652083 0.650926 0.639583 0.651852
6 0.976562 0.513889 0.920312 0.518519 0.889583 0.556481 0.838542 0.569444 0.838021 0.612037 0.845833 0.618519 0.854688 0.649074 0.863542 0.652778 0.877083 0.648148 0.885938 0.658333 0.907292 0.661111 0.913021 0.622222 0.943750 0.627778 0.950000 0.562037
4 0.997685 0.474280 0.989005 0.492284 0.989728 0.510288 0.966580 0.559156 0.951389 0.588735 0.961516 0.599023 0.970920 0.588735 0.945602 0.678755 0.939815 0.777778 0.928241 0.790638 0.957899 0.804784 0.957899 0.687757 0.972367 0.682613 0.983218 0.700617 0.973814 0.761060 0.996238 0.799640
