1 0.436291 0.819940 0.378627 0.899306 1.000000 0.988968 0.997117 0.894345
10 0.590447 0.314137 0.588923 0.340334 0.633384 0.345754 0.634400 0.319557
1 0.531518 0.731084 0.782994 0.766849 0.794170 0.777976 0.525706 0.741416
6 0.084932 0.642138 0.112345 0.636452 0.151636 0.581222 0.260371 0.573099 0.299205 0.583658 0.307429 0.647011 0.307429 0.720110 0.295093 0.738791 0.282758 0.733918 0.271793 0.753411 0.259000 0.746914 0.255345 0.734730 0.241182 0.732294 0.234786 0.750162 0.223364 0.755848 0.212399 0.750162 0.210572 0.725796 0.154377 0.725796 0.150265 0.739604 0.139300 0.734730 0.131076 0.721735 0.115543 0.720923 0.108690 0.737167 0.097268 0.738791 0.082191 0.725796 0.077622 0.711988 0.074881 0.703054
6 0.768415 0.655423 0.823103 0.646164 0.827939 0.647487 0.837240 0.677910 0.839844 0.715608 0.840216 0.761243 0.829799 0.763228 0.828311 0.752646 0.816034 0.750000 0.813802 0.758598 0.807850 0.758598 0.804874 0.757275 0.805990 0.750661 0.784784 0.750661 0.781064 0.763228 0.776228 0.765212 0.770647 0.751323 0.763207 0.748677 0.757254 0.755291 0.752418 0.750000 0.752418 0.729497 0.752418 0.700397 0.761347 0.666005
6 0.759487 0.672619 0.737165 0.673942 0.723028 0.707011 0.722656 0.727513 0.724888 0.743386 0.729353 0.744709 0.730841 0.737434 0.736049 0.734788 0.738281 0.746693 0.742746 0.746693 0.745350 0.739418 0.751674 0.738757 0.753534 0.701058
6 0.614231 0.665916 0.627182 0.666667 0.629856 0.675175 0.628590 0.686937 0.628167 0.695195 0.625493 0.694444 0.625211 0.691942 0.616343 0.689940 0.616343 0.692943 0.614231 0.693443 0.614372 0.680681
5 0.035146 0.587125 0.028584 0.590041 0.027354 0.600248 0.019972 0.617017 0.016691 0.632327 0.010130 0.640347 0.002748 0.658574 0.005208 0.674614 0.009309 0.695028 0.016691 0.692111 0.019972 0.681904 0.029815 0.683362 0.037607 0.692111 0.044168 0.686279 0.047449 0.673885 0.048679 0.653470 0.047039 0.627224 0.044578 0.609726 0.038427 0.600977
6 0.308418 0.642643 0.312922 0.636136 0.332066 0.638639 0.338260 0.655656 0.341639 0.660160 0.342483 0.671672 0.339949 0.686687 0.337697 0.695696 0.329533 0.696697 0.329251 0.690691 0.325028 0.692693 0.322776 0.699700 0.315456 0.700200 0.314893 0.692693 0.306447 0.694695
6 0.337416 0.652152 0.343891 0.637638 0.364724 0.638138 0.373170 0.649149 0.375985 0.659660 0.371762 0.664665 0.370636 0.688188 0.359375 0.695696 0.337697 0.693694 0.341639 0.670671 0.342202 0.661161
6 0.427224 0.620621 0.453125 0.625125 0.455096 0.631131 0.452280 0.672172 0.442708 0.675676 0.421593 0.673674 0.419904 0.660160 0.419904 0.640140
4 0.883713 0.759484 0.882616 0.745344 0.882433 0.727141 0.882433 0.711700 0.881701 0.706012 0.881244 0.698373 0.882159 0.692847 0.883164 0.688621 0.884353 0.682283 0.885541 0.678057 0.887370 0.674969 0.889289 0.674969 0.890112 0.676107 0.891666 0.680170 0.891666 0.684396 0.891301 0.687646 0.894318 0.690572 0.896238 0.697723 0.896969 0.702924 0.895232 0.706012 0.894866 0.708125 0.895140 0.712026 0.895140 0.714626 0.894592 0.719502 0.894501 0.723728 0.894043 0.730391 0.893403 0.735430 0.892581 0.739168 0.892489 0.740956 0.891849 0.747782 0.891575 0.752333 0.891484 0.755583 0.892124 0.756883 0.891849 0.760297 0.888010 0.758346 0.887461 0.749245 0.886912 0.752495 0.886730 0.756721 0.885724 0.759646
