1 0.295815 0.703827 0.295354 0.737012 0.544017 0.745206 0.545631 0.705465
9 0.464257 0.384108 0.463235 0.411946 0.505106 0.411341 0.505106 0.385318
6 0.271617 0.578048 0.247880 0.535849 0.187035 0.518188 0.075959 0.521100 0.040929 0.612463 0.028254 0.669412 0.030098 0.765692 0.045077 0.778392 0.057753 0.831244 0.080078 0.827381 0.089379 0.791005 0.213542 0.780851 0.220517 0.820767 0.238188 0.819114 0.243962 0.766101 0.272308 0.752171 0.278181 0.786045 0.293062 0.781085 0.300502 0.706680 0.297198 0.653433 0.283831 0.628851
6 0.995877 0.406764 0.915853 0.413194 0.821452 0.426215 0.736816 0.455150 0.681478 0.484086 0.608162 0.607780 0.551119 0.655301 0.539838 0.770307 0.547278 0.805029 0.549465 0.864002 0.564071 0.917891 0.597415 0.918381 0.608162 0.875759 0.749101 0.909196 0.762858 0.991898 0.836499 1.000000 0.860708 0.924077 0.995567 0.920770
6 0.456285 0.594569 0.452075 0.618270 0.445728 0.638500 0.448354 0.680517 0.454764 0.680712 0.455115 0.670308 0.492568 0.670932 0.492560 0.682462 0.502188 0.681684 0.504377 0.660675 0.503255 0.637235 0.494699 0.594436
2 0.015224 0.878917 0.130609 0.823362 0.100160 0.886040 0.071314 0.880342 0.003205 0.928775 0.000000 0.908262 0.044071 0.881766
2 0.452724 0.874644 0.484776 0.820513 0.526442 0.876068 0.501603 0.873219 0.518429 0.914530 0.478365 0.913105 0.479968 0.877493
6 0.296306 0.647137 0.303191 0.618401 0.318457 0.596584 0.365152 0.594987 0.366948 0.597116 0.385806 0.650862 0.386105 0.673744 0.384608 0.696094 0.377125 0.696626 0.376527 0.682791 0.375629 0.683855 0.373234 0.706737 0.367846 0.706737 0.363655 0.689176 0.314565 0.686516 0.309776 0.697691 0.309477 0.708333 0.300497 0.707801
6 0.403466 0.603501 0.429508 0.605098 0.432501 0.623191 0.433998 0.640219 0.433998 0.657780 0.428909 0.661505 0.428909 0.655119 0.404364 0.652458 0.402868 0.659908 0.396881 0.659376 0.396582 0.641284 0.399276 0.621594
5 0.292116 0.580087 0.286428 0.582216 0.285530 0.594987 0.281639 0.615741 0.284333 0.633834 0.295708 0.650330 0.299000 0.635962 0.298102 0.615209 0.296606 0.606162 0.292116 0.602437 0.294510 0.593391
6 0.512131 0.601496 0.529937 0.601891 0.534388 0.617324 0.533498 0.638295 0.532608 0.649770 0.527711 0.652145 0.527488 0.645022 0.512798 0.643835 0.511018 0.652145 0.505453 0.650166 0.506343 0.625237
4 0.549301 0.599122 0.545608 0.599964 0.545422 0.614043 0.545295 0.633943 0.544862 0.645349 0.546540 0.645018 0.546853 0.634338 0.547520 0.647792 0.550637 0.646209 0.550859 0.634734 0.551291 0.621000 0.549969 0.606244 0.548633 0.605057
4 0.582600 0.603089 0.579990 0.608835 0.577006 0.615244 0.576260 0.620989 0.577752 0.622315 0.577628 0.634248 0.584340 0.626514 0.587448 0.623420 0.587448 0.615244 0.585832 0.611708 0.584340 0.610382 0.584464 0.606404
4 0.573466 0.608742 0.573653 0.604933 0.571789 0.601786 0.570858 0.608080 0.567317 0.612221 0.567317 0.629613 0.568901 0.629613 0.568621 0.641373 0.574212 0.636901 0.574678 0.631269 0.575889 0.624313 0.575423 0.613712
