1 0.042462 0.793853 0.001230 0.829861 0.000000 0.905204 0.989583 0.922722 0.989583 0.883933 0.857264 0.816365
6 0.199823 0.518188 0.180292 0.604993 0.172387 0.702546 0.175177 0.830688 0.179362 0.830688 0.185407 0.866237 0.210054 0.861276 0.216564 0.832341 0.330264 0.835648 0.340495 0.867063 0.359328 0.865410 0.364909 0.815807 0.377000 0.801753 0.382115 0.823247 0.395368 0.817460 0.401879 0.741402 0.392578 0.658730 0.369327 0.547950 0.312360 0.514881
9 0.483608 0.342097 0.484305 0.377646 0.543829 0.378886 0.545457 0.343750
6 0.763542 0.637407 0.722708 0.682593 0.718099 0.738095 0.722749 0.757937 0.728542 0.758889 0.731875 0.780370 0.746458 0.779630 0.750208 0.762593 0.814375 0.764074 0.816042 0.787037 0.828958 0.787778 0.832496 0.771164 0.858708 0.759146 0.860625 0.770741 0.877708 0.769259 0.882708 0.742593 0.877708 0.703333 0.861328 0.675265 0.835625 0.639630
4 0.931347 0.549927 0.921135 0.545842 0.912454 0.559459 0.919092 0.583061 0.909901 0.587146 0.907348 0.610748 0.904029 0.627996 0.914752 0.634350 0.915007 0.690178 0.929305 0.790033 0.918326 0.805465 0.949474 0.806826 0.944103 0.681133 0.945900 0.634350 0.954580 0.627996 0.944878 0.581245 0.933134 0.578522
9 0.694930 0.488199 0.712035 0.489107 0.712291 0.538580 0.696461 0.540396
4 0.590513 0.626893 0.587772 0.625956 0.585347 0.626331 0.584398 0.628955 0.582606 0.635328 0.582711 0.639451 0.580603 0.643200 0.578705 0.651072 0.578916 0.654446 0.579337 0.663630 0.582500 0.671315 0.584082 0.684061 0.584293 0.709552 0.586823 0.711801 0.591146 0.711613 0.589459 0.706553 0.591357 0.693620 0.591673 0.682936 0.592833 0.671877 0.592306 0.655008 0.594731 0.657070 0.597366 0.653509 0.593676 0.640951 0.590724 0.639264 0.591673 0.632891
8 0.052951 0.588183 0.074949 0.576784 0.147866 0.590334 0.154217 0.607949 0.156498 0.680776 0.145071 0.680668 0.140752 0.695122 0.127795 0.698735 0.127033 0.689702 0.109248 0.691960 0.106707 0.701897 0.094258 0.701445 0.089177 0.696477 0.062500 0.693767 0.060213 0.703704 0.053100 0.704155 0.049543 0.700090 0.048272 0.686089 0.041667 0.680217 0.043699 0.637308
6 0.431809 0.640655 0.444298 0.642421 0.446568 0.648224 0.448839 0.657306 0.448271 0.672949 0.447562 0.676481 0.445291 0.675724 0.445291 0.672697 0.431100 0.671435 0.429964 0.674463 0.426842 0.674210 0.427410 0.660082
6 0.460192 0.645953 0.475803 0.645196 0.479067 0.655793 0.479919 0.670174 0.479209 0.680265 0.475377 0.680265 0.474952 0.674967 0.460192 0.674210 0.459625 0.678499 0.455935 0.678247 0.456077 0.663109 0.457496 0.654279
6 0.504187 0.646962 0.500781 0.662352 0.500781 0.676481 0.503051 0.676481 0.503477 0.673706 0.515540 0.672949 0.515966 0.677490 0.517669 0.676733 0.517811 0.666641 0.516675 0.653522 0.515398 0.646710
6 0.488008 0.646962 0.499078 0.647467 0.501490 0.654279 0.501348 0.663866 0.501064 0.670174 0.497516 0.670930 0.497800 0.668155 0.488150 0.666894 0.488292 0.669669 0.485737 0.669669 0.485737 0.659325
6 0.591465 0.700954 0.594303 0.705495 0.597568 0.701963 0.598419 0.698683 0.600832 0.697422 0.603102 0.707513 0.609205 0.706252 0.611617 0.695908 0.641278 0.696917 0.642129 0.705495 0.647380 0.702467 0.648516 0.690357 0.651496 0.688339 0.653766 0.679761 0.653057 0.654784 0.640284 0.648728 0.633047 0.627536 0.599980 0.625265 0.598845 0.631068 0.595155 0.649485 0.592884 0.656297 0.593026 0.669669
6 0.543639 0.649233 0.539240 0.653774 0.539666 0.683293 0.541936 0.684050 0.542930 0.674463 0.544207 0.685059 0.549742 0.684554 0.551161 0.675472 0.567197 0.676481 0.570178 0.662352 0.573016 0.659577 0.573442 0.652765 0.569042 0.634600 0.545910 0.634095
