1 0.305388 0.716547 0.296782 0.743056 0.527722 0.744425 0.510921 0.724512
9 0.315468 0.202808 0.316028 0.251593 0.393313 0.253584 0.398353 0.203803
5 0.371069 0.614542 0.367947 0.620850 0.368940 0.630942 0.365392 0.632455 0.359574 0.652891 0.362554 0.684428 0.365534 0.691745 0.370217 0.700828 0.369934 0.711424 0.373056 0.710667 0.374617 0.698052 0.381855 0.694772 0.382848 0.672570 0.379016 0.654657 0.382773 0.641160 0.377171 0.630437 0.375894 0.614290
6 0.183315 0.581019 0.140532 0.610780 0.122861 0.663690 0.110770 0.738095 0.118616 0.817354 0.139337 0.814367 0.144657 0.784498 0.249664 0.780018 0.253999 0.810847 0.274586 0.804908 0.277106 0.766577 0.285621 0.761243 0.285226 0.779520 0.302307 0.775040 0.303147 0.739695 0.302587 0.692403 0.268880 0.594246
4 0.497897 0.596332 0.491486 0.594907 0.490485 0.604167 0.482472 0.603454 0.476262 0.599537 0.460236 0.584224 0.460036 0.590990 0.463842 0.593839 0.484675 0.616987 0.486679 0.628383 0.482472 0.650819 0.483273 0.698184 0.481871 0.723469 0.479868 0.728098 0.489884 0.726674 0.491086 0.699608 0.489283 0.678241 0.494491 0.691774 0.496695 0.723825 0.498498 0.727386 0.501903 0.725249 0.498297 0.672899 0.498698 0.656517 0.503706 0.647258 0.504507 0.625534 0.500701 0.613426 0.496895 0.607372
4 0.525942 0.603098 0.521534 0.601318 0.518329 0.610221 0.516126 0.612714 0.512720 0.612358 0.510717 0.608440 0.505909 0.589922 0.504107 0.590990 0.506510 0.601674 0.510917 0.620548 0.512119 0.629452 0.512520 0.655093 0.510517 0.670050 0.513121 0.720620 0.509515 0.727742 0.519131 0.724181 0.517528 0.697472 0.519531 0.684295 0.520733 0.691774 0.519331 0.719551 0.522736 0.719551 0.524940 0.692486 0.527945 0.668981 0.529948 0.658654 0.533554 0.642984 0.532352 0.627315 0.524740 0.615919
1 0.550581 0.608440 0.547376 0.614138 0.547175 0.620905 0.543369 0.636574 0.542768 0.646546 0.546575 0.646189 0.547576 0.669338 0.547376 0.692486 0.548978 0.704594 0.553986 0.704238 0.554788 0.692130 0.557792 0.664352 0.557792 0.645121 0.560797 0.644409 0.559195 0.627671 0.555589 0.622329 0.553786 0.612001
4 0.897046 0.623034 0.899900 0.621766 0.900614 0.606545 0.905608 0.598935 0.913456 0.601471 0.916667 0.617960 0.920234 0.643962 0.913456 0.658549 0.912743 0.709919 0.906678 0.745434 0.909532 0.755581 0.899543 0.751142 0.901327 0.716895 0.892409 0.680112 0.887771 0.679477 0.886701 0.656012
4 0.839969 0.586885 0.839969 0.572298 0.850671 0.571030 0.851027 0.586885 0.859946 0.606545 0.863156 0.630644 0.861016 0.652841 0.857805 0.688990 0.868507 0.724505 0.863513 0.746068 0.858876 0.742263 0.850314 0.674404 0.849600 0.744800 0.834261 0.739726 0.837828 0.734018 0.837828 0.669964 0.836758 0.666794 0.831407 0.669330 0.828196 0.659817 0.833904 0.621766 0.837471 0.603374 0.840682 0.594495
4 0.665882 0.588153 0.670163 0.580543 0.674800 0.583714 0.673730 0.597032 0.680508 0.608447 0.687999 0.626205 0.682292 0.660452 0.677297 0.662988 0.683005 0.723237 0.667666 0.723237 0.673017 0.716895 0.672303 0.695967 0.669806 0.718798 0.660888 0.719432 0.662671 0.713724 0.665882 0.711187 0.669806 0.684551 0.663385 0.664891 0.662314 0.659817 0.661601 0.640791 0.663028 0.612887 0.666239 0.605277
4 0.691210 0.603374 0.692994 0.590690 0.700485 0.588787 0.704053 0.600837 0.707620 0.612887 0.710117 0.631279 0.707977 0.647768 0.706906 0.695332 0.714398 0.706114 0.714398 0.720700 0.708690 0.723237 0.698701 0.694064 0.695848 0.719432 0.695134 0.728311 0.681578 0.721969 0.688356 0.715627 0.690853 0.662354 0.688713 0.652841 0.688356 0.632547 0.694064 0.613521 0.688713 0.609082
4 0.712614 0.609716 0.716182 0.607813 0.717965 0.593227 0.724386 0.590690 0.728311 0.596398 0.723316 0.610350 0.728311 0.621131 0.732235 0.629376 0.736872 0.654110 0.734732 0.680112 0.733305 0.720700 0.739369 0.720700 0.732591 0.728945 0.726527 0.728945 0.721533 0.699137 0.713328 0.716895 0.710474 0.707382 0.717608 0.685185 0.714755 0.656646 0.712257 0.630644
4 0.727954 0.591324 0.731164 0.583714 0.736159 0.583080 0.739369 0.588787 0.734018 0.600837 0.748644 0.624302 0.750071 0.649670 0.744364 0.678209 0.754709 0.713724 0.748644 0.730847 0.748288 0.723237 0.735088 0.685819 0.737229 0.659817 0.729024 0.620497 0.729737 0.611618
6 0.473446 0.605343 0.448002 0.605039 0.441513 0.643291 0.440147 0.674256 0.441513 0.698239 0.446636 0.700668 0.447490 0.692168 0.479594 0.693078 0.480789 0.700061 0.486253 0.700364 0.488132 0.638737 0.484204 0.604432
7 0.427169 0.571342 0.466957 0.575288 0.466957 0.595932 0.467298 0.604432 0.448173 0.604432 0.441342 0.644505 0.440318 0.673953 0.434682 0.673042 0.434682 0.682453 0.425632 0.680935 0.425120 0.651488
5 0.400188 0.644505 0.402749 0.632665 0.404457 0.630844 0.404457 0.623862 0.407531 0.622647 0.409751 0.629630 0.411458 0.635398 0.410605 0.645416 0.412483 0.650880 0.410434 0.666970 0.408385 0.672131 0.408214 0.675471 0.403091 0.675471 0.403091 0.671220 0.400700 0.669702 0.401212 0.660595 0.398992 0.652095
6 0.376452 0.622647 0.396089 0.623558 0.400017 0.636005 0.401042 0.639648 0.398651 0.654220 0.398992 0.669702 0.394382 0.670310 0.393699 0.663327 0.380208 0.662417 0.379184 0.655434 0.383794 0.642380 0.376110 0.632665
6 0.014919 0.635750 0.023305 0.661645 0.048023 0.688324 0.057292 0.689893 0.059499 0.700094 0.071857 0.699309 0.075388 0.683616 0.100106 0.679692 0.103196 0.637320 0.092602 0.597301 0.061706 0.590239 0.028160 0.594162
6 0.040960 0.951977 0.042726 0.908820 0.060381 0.879787 0.056409 0.744821 0.042285 0.687539 0.021540 0.667137 0.000353 0.628688 0.002560 0.958255
