1 0.172112 0.754630 0.040663 0.811245 0.834201 0.784091 0.754498 0.739198
4 0.206342 0.583606 0.198989 0.579793 0.196232 0.602669 0.187347 0.615741 0.178462 0.626634 0.173866 0.652778 0.183977 0.665850 0.187347 0.693627 0.184283 0.742647 0.189798 0.743192 0.192520 0.695225 0.193474 0.741013 0.198683 0.740468 0.203585 0.657680 0.206955 0.644063 0.204197 0.613562 0.210631 0.590686
4 0.065717 0.575980 0.060202 0.599401 0.052543 0.618464 0.057445 0.660403 0.060202 0.701253 0.051930 0.779684 0.075827 0.778050 0.070006 0.767157 0.070619 0.749728 0.077665 0.719771 0.080423 0.664216 0.086857 0.655501 0.082261 0.640795 0.082706 0.618251 0.075827 0.576525
9 0.326895 0.433256 0.326895 0.458719 0.363209 0.459748 0.362775 0.434799
9 0.496949 0.529497 0.505878 0.528968 0.506176 0.571561 0.496652 0.572354
6 0.608325 0.620604 0.640713 0.621382 0.668286 0.622160 0.683167 0.650949 0.693671 0.671180 0.695860 0.698413 0.692796 0.710084 0.687544 0.719421 0.682292 0.706972 0.664347 0.707750 0.662596 0.720199 0.650341 0.721755 0.650341 0.713196 0.642901 0.713196 0.639837 0.718643 0.634147 0.720977 0.630208 0.710862 0.608762 0.711640 0.606574 0.721755 0.596070 0.725646 0.591255 0.706194 0.593006 0.671180
6 0.244332 0.635349 0.285080 0.636438 0.295496 0.662037 0.295496 0.690904 0.292739 0.715414 0.285692 0.716503 0.281403 0.704521 0.272212 0.701797 0.268229 0.711601 0.261795 0.712691 0.260876 0.704521 0.249847 0.702342 0.248315 0.712691 0.240349 0.713780 0.240043 0.707789 0.231771 0.702887 0.228707 0.711601 0.224112 0.711601 0.223805 0.700163 0.227175 0.662037
4 0.163756 0.593954 0.169884 0.595044 0.172947 0.605392 0.172335 0.623366 0.169577 0.625000 0.173866 0.659314 0.172028 0.688181 0.170496 0.720861 0.167433 0.751362 0.170803 0.756808 0.149357 0.754630 0.154259 0.734477 0.154871 0.695261 0.151808 0.688725 0.149663 0.644063 0.153033 0.621187 0.160080 0.613017 0.158854 0.603758
4 0.115349 0.573257 0.130055 0.574346 0.130668 0.596678 0.129749 0.602124 0.135263 0.607026 0.138634 0.631536 0.138021 0.646242 0.134651 0.659314 0.126685 0.711601 0.125153 0.750817 0.129749 0.757898 0.118107 0.762255 0.115962 0.759532 0.117800 0.700163 0.113205 0.715414 0.112898 0.749728 0.117494 0.772059 0.100950 0.763889 0.102482 0.719771 0.106771 0.711601 0.105239 0.684368 0.107384 0.630991 0.117800 0.604303
4 0.579424 0.629549 0.577504 0.634571 0.572307 0.644211 0.574453 0.651040 0.573549 0.664497 0.573775 0.674138 0.571742 0.688600 0.572533 0.694224 0.574905 0.695027 0.577730 0.671929 0.581684 0.694826 0.585638 0.692215 0.583604 0.687194 0.583266 0.664297 0.582362 0.643609 0.581797 0.640596 0.582023 0.632361
4 0.588689 0.639793 0.591287 0.642203 0.590496 0.647626 0.593773 0.653451 0.594450 0.671326 0.591965 0.662087 0.593095 0.686993 0.593547 0.692617 0.592304 0.696232 0.589592 0.672532 0.588689 0.672130 0.587898 0.694826 0.583040 0.695429 0.585186 0.692416 0.584734 0.674741 0.585299 0.667309 0.585299 0.659677 0.583604 0.670121 0.583379 0.660681 0.584282 0.652848 0.587107 0.650438 0.587220 0.644011
4 0.554682 0.640596 0.557054 0.643810 0.557506 0.650036 0.559766 0.656865 0.559540 0.663092 0.560444 0.675343 0.560105 0.687194 0.558184 0.690006 0.554230 0.690407 0.552648 0.688399 0.552761 0.671929 0.550276 0.666104 0.551857 0.658070 0.551518 0.650036 0.554117 0.650237
4 0.726959 0.610375 0.731098 0.593819 0.740066 0.593206 0.743515 0.610375 0.743171 0.621413 0.749724 0.637356 0.755243 0.669242 0.753173 0.728722 0.753173 0.780844 0.751794 0.789429 0.744205 0.786976 0.740756 0.729948 0.737997 0.729948 0.738342 0.780231 0.739721 0.790042 0.730063 0.791881 0.731443 0.779004 0.727304 0.723203 0.722475 0.685798 0.714887 0.680893 0.716956 0.641035 0.725579 0.625092
