1 0.391098 0.677253 0.385999 0.685023 0.564103 0.685023 0.551537 0.679520
6 0.412928 0.611036 0.407720 0.641801 0.408056 0.668683 0.411668 0.668085 0.411920 0.660917 0.434431 0.659970 0.434434 0.667637 0.439894 0.668235 0.441154 0.647028 0.440476 0.631035 0.434266 0.612381
10 0.591933 0.488044 0.591074 0.523148 0.600947 0.524929 0.602235 0.489316
11 0.336858 0.608528 0.336518 0.650056 0.338623 0.652349 0.339166 0.659351 0.340592 0.659110 0.341204 0.652228 0.343444 0.651625 0.343784 0.659110 0.345210 0.659230 0.346075 0.652530 0.356346 0.651625 0.356618 0.659110 0.358384 0.658747 0.358451 0.651987 0.359945 0.650176 0.360353 0.609976
11 0.785537 0.700139 0.777931 0.614921 0.766639 0.588700 0.686670 0.586242 0.668925 0.640323 0.669617 0.670231 0.673534 0.682522 0.666160 0.697681 0.663855 0.714889 0.670308 0.725951 0.676300 0.723492 0.684827 0.707924 0.703724 0.708333 0.702572 0.718986 0.708794 0.725541 0.719856 0.713250 0.760647 0.706695 0.763874 0.718166 0.771018 0.721034 0.778392 0.715298 0.778392 0.702598
1 0.175175 0.684832 0.347726 0.686245 0.351304 0.676350 0.195054 0.672816
8 0.003321 0.313473 0.145984 0.420827 0.145229 0.697262 0.093901 0.720075 0.090127 0.756307 0.072011 0.769726 0.054650 0.753623 0.000000 0.751032 0.002566 0.338969
11 0.767842 0.588316 0.784785 0.592035 0.800473 0.602819 0.795871 0.641120 0.791478 0.658597 0.796080 0.662316 0.802983 0.654135 0.806539 0.659713 0.808421 0.678678 0.806957 0.690949 0.802355 0.708426 0.795871 0.714376 0.788341 0.711029 0.784994 0.702105 0.778510 0.615462
11 0.859877 0.602447 0.908614 0.600216 0.928066 0.615090 0.923465 0.657110 0.926184 0.664175 0.929531 0.671984 0.928066 0.690577 0.923674 0.698758 0.913006 0.697642 0.912379 0.684256 0.904430 0.686859 0.902757 0.693180 0.889579 0.691321 0.888115 0.679421 0.876401 0.682024 0.863224 0.675331 0.847327 0.675331 0.851301 0.664175 0.856112 0.661944 0.854648 0.625502
11 0.451474 0.621612 0.451410 0.625790 0.450267 0.627258 0.449505 0.634824 0.450203 0.639002 0.451029 0.638776 0.452109 0.646567 0.453506 0.646793 0.454141 0.644422 0.456491 0.639679 0.456110 0.630759 0.454205 0.626694 0.453951 0.621725
4 0.491616 0.614837 0.493521 0.615967 0.493204 0.618790 0.494792 0.620483 0.495681 0.630081 0.495744 0.633695 0.493204 0.637082 0.493585 0.644196 0.491743 0.645664 0.491108 0.647809 0.491489 0.649277 0.489329 0.648713 0.490409 0.634824 0.489520 0.630872 0.487805 0.628613 0.489710 0.622290 0.491679 0.620370 0.490536 0.617209
