1 0.296987 0.688670 0.254984 0.709578 0.754536 0.732477 0.703573 0.706591
5 0.106527 0.535807 0.104143 0.569238 0.090193 0.595693 0.097575 0.626230 0.089844 0.678313 0.090251 0.728950 0.097982 0.735460 0.098796 0.761502 0.106120 0.760055 0.106934 0.729621 0.110596 0.771629 0.119141 0.770906 0.123617 0.685547 0.139079 0.761502 0.150065 0.765119 0.130534 0.645761 0.135417 0.609592 0.130941 0.582827 0.122396 0.573423 0.122745 0.541129
6 0.481799 0.538331 0.467238 0.599064 0.457682 0.655423 0.454892 0.781085 0.472563 0.784392 0.482359 0.747411 0.573940 0.748016 0.575800 0.777778 0.600911 0.781085 0.603702 0.721561 0.585100 0.549603
9 0.499160 0.187873 0.500280 0.242632 0.581485 0.238650 0.582045 0.186878
5 0.392193 0.572929 0.396673 0.569444 0.401994 0.576414 0.404514 0.582387 0.403954 0.598815 0.412354 0.618728 0.413474 0.629182 0.407874 0.630177 0.406754 0.645112 0.411514 0.671495 0.407874 0.695390 0.403394 0.712316 0.400874 0.725259 0.380712 0.730237 0.382112 0.719285 0.377072 0.700866 0.376232 0.676474 0.379312 0.650090 0.377912 0.635653 0.373432 0.629182 0.374552 0.612754 0.387433 0.593837 0.389113 0.577907
8 0.997056 0.179952 0.847600 0.314815 0.827219 0.375201 0.792120 0.588567 0.801178 0.769726 0.817029 0.826087 0.834013 0.828100 0.846467 0.914654 0.882699 0.920692 0.931386 0.918680 0.947237 0.894525 1.000000 0.907657
6 0.309195 0.615741 0.295172 0.584580 0.265625 0.584580 0.252604 0.605057 0.242588 0.627315 0.240585 0.654915 0.244591 0.667379 0.248598 0.667379 0.251102 0.655805 0.257612 0.657585 0.260617 0.668269 0.266126 0.667379 0.268630 0.655805 0.284155 0.656695 0.285657 0.670940 0.302684 0.665598 0.309195 0.630876
6 0.404347 0.584580 0.422376 0.587251 0.427885 0.616631 0.429888 0.638889 0.428886 0.671830 0.416867 0.686075 0.416366 0.674501 0.373798 0.670940 0.373798 0.685185 0.364784 0.685185 0.365284 0.625534 0.378305 0.589922
6 0.425881 0.606838 0.439403 0.606838 0.443409 0.623754 0.445413 0.634437 0.445913 0.658476 0.440405 0.660256 0.439904 0.651353 0.429888 0.651353 0.423878 0.615741
4 0.735309 0.600708 0.736346 0.594806 0.733649 0.586690 0.727424 0.588166 0.727424 0.597388 0.726386 0.602184 0.728254 0.605504 0.729084 0.611775 0.727009 0.622473 0.720576 0.640180 0.716218 0.645345 0.717878 0.647927 0.726594 0.637967 0.721614 0.648665 0.718501 0.653829 0.719331 0.670429 0.719124 0.684079 0.714973 0.687399 0.722236 0.691456 0.726386 0.666372 0.730744 0.674118 0.732611 0.698465 0.727424 0.706581 0.738836 0.708426 0.737176 0.676332 0.738006 0.652722 0.739666 0.633909 0.739044 0.615095
4 0.621597 0.594806 0.621182 0.605135 0.618692 0.606979 0.615787 0.616940 0.617447 0.620629 0.618277 0.651616 0.617447 0.663789 0.619107 0.663420 0.620559 0.655674 0.621389 0.646451 0.622842 0.651247 0.622219 0.664896 0.627200 0.665634 0.626162 0.661945 0.627407 0.645345 0.628030 0.635753 0.627407 0.618415 0.628652 0.618415 0.628860 0.610300 0.625332 0.607717 0.626162 0.604397 0.625125 0.597019
4 0.692978 0.597757 0.696091 0.598495 0.698788 0.598864 0.698581 0.609931 0.702316 0.619891 0.702731 0.640918 0.700033 0.645345 0.699826 0.678176 0.693393 0.675594 0.694431 0.673012 0.693186 0.646451 0.691733 0.640180 0.685923 0.639811 0.688621 0.616202 0.692356 0.613251 0.692771 0.606242
