10 0.246335 0.366827 0.245692 0.403406 0.297775 0.404550 0.295846 0.369113
1 0.118433 0.916667 0.990263 0.868357 0.995924 0.922705 0.991395 0.999195 0.124094 0.954911
6 0.001812 0.592593 0.040308 0.646940 0.096920 0.715378 0.117301 0.747585 0.129755 0.809984 0.125226 0.916667 0.124094 0.975040 0.000000 0.961841 0.000000 0.598631
3 0.169577 0.651416 0.164369 0.675381 0.163756 0.701525 0.163756 0.706972 0.174479 0.706972 0.176011 0.703704 0.196844 0.703704 0.197763 0.710784 0.206955 0.706427 0.209099 0.675926 0.201134 0.651961
4 0.153952 0.650871 0.149969 0.653050 0.150276 0.661220 0.147518 0.665033 0.146293 0.673203 0.146599 0.693900 0.147518 0.700436 0.145374 0.714597 0.150888 0.716231 0.150888 0.710240 0.153339 0.698257 0.154871 0.690087 0.157016 0.686275 0.155178 0.662854
10 0.475031 0.498911 0.487286 0.498911 0.487898 0.558824 0.475950 0.559368
4 0.569087 0.647603 0.564491 0.652505 0.564798 0.661220 0.562960 0.666122 0.562960 0.681373 0.562040 0.688453 0.563879 0.695534 0.562040 0.716776 0.564491 0.717865 0.567862 0.694444 0.568474 0.718410 0.570925 0.718954 0.571538 0.693900 0.573070 0.684641 0.573376 0.675926 0.572763 0.668845 0.572151 0.660675 0.571232 0.658497
4 0.627604 0.647059 0.623928 0.650871 0.623621 0.657407 0.624234 0.659041 0.618719 0.665577 0.617188 0.676471 0.616268 0.692266 0.618107 0.707516 0.617800 0.727124 0.621477 0.727124 0.624234 0.711874 0.628217 0.698802 0.630668 0.684096 0.633425 0.676471 0.631281 0.663399 0.629749 0.661765
4 0.436729 0.655937 0.439173 0.655268 0.440490 0.659614 0.439549 0.663291 0.441806 0.676996 0.441806 0.686689 0.440866 0.697386 0.440678 0.712094 0.438421 0.714434 0.438233 0.704406 0.435413 0.709085 0.435977 0.713097 0.432781 0.706746 0.435977 0.702734 0.435977 0.690701 0.435601 0.683012 0.435413 0.667636 0.436917 0.664293
4 0.718207 0.642180 0.719194 0.652273 0.722897 0.663244 0.721416 0.677725 0.720429 0.686502 0.724625 0.709760 0.720922 0.729946 0.722897 0.734334 0.714998 0.734334 0.715985 0.709321 0.712776 0.699666 0.709568 0.705810 0.709321 0.717220 0.704137 0.729068 0.704631 0.737844 0.700681 0.737844 0.698707 0.729946 0.703890 0.706688 0.704137 0.688257 0.706112 0.658417 0.704384 0.659733 0.705124 0.664121 0.703643 0.672020 0.698213 0.661489 0.705371 0.643935 0.710802 0.643497 0.710061 0.634720 0.715739 0.628576 0.717960 0.637353
6 0.631319 0.647007 0.589850 0.650079 0.577508 0.665877 0.557761 0.672459 0.558008 0.695717 0.560723 0.700983 0.560723 0.711954 0.572324 0.715903 0.573558 0.711954 0.580470 0.715464 0.591084 0.705371 0.632800 0.701422 0.633541 0.711954 0.641193 0.711954 0.643908 0.698350 0.642674 0.661489
4 0.959466 0.630435 0.963089 0.610306 0.952672 0.596618 0.945879 0.615942 0.937726 0.628019 0.932745 0.657810 0.933197 0.696457 0.935009 0.732689 0.934556 0.799517 0.944973 0.805153 0.948596 0.756844 0.951313 0.811594 0.962636 0.810789 0.963995 0.739130 0.964447 0.690016 0.967618 0.668277
3 0.933197 0.637681 0.907382 0.640902 0.889266 0.693237 0.889266 0.735910 0.893342 0.734300 0.900589 0.750403 0.913723 0.752818 0.919158 0.740741 0.936368 0.735910 0.935462 0.693237
