1 0.439112 0.725088 0.439112 0.741843 0.637525 0.741843 0.605531 0.727293
6 0.650205 0.598793 0.625462 0.646643 0.602307 0.672371 0.599548 0.719166 0.605097 0.762483 0.620330 0.762498 0.625093 0.743469 0.666481 0.748429 0.675749 0.788953 0.693196 0.789409 0.702432 0.754744 0.780429 0.750639 0.785047 0.774357 0.804290 0.778006 0.807882 0.746533 0.821993 0.732850 0.822506 0.650292 0.782482 0.573664 0.712695 0.574120 0.658575 0.588872
5 0.529632 0.654378 0.529249 0.626294 0.526281 0.615741 0.525419 0.605699 0.521685 0.605018 0.520441 0.613528 0.516803 0.617443 0.514881 0.632688 0.516228 0.635485 0.514505 0.648591 0.521494 0.682972 0.520632 0.690632 0.529058 0.693866 0.529058 0.684675 0.531834 0.678036 0.533270 0.667824
6 0.322359 0.564897 0.291202 0.649223 0.281870 0.737875 0.288876 0.808780 0.305680 0.804012 0.309400 0.773148 0.323289 0.767444 0.406994 0.768271 0.413318 0.807981 0.424975 0.804894 0.424975 0.753307 0.429936 0.746252 0.429439 0.779762 0.439112 0.770944 0.442088 0.692901 0.437624 0.657187 0.434400 0.640873 0.422991 0.567681
2 0.632902 0.765691 0.634698 0.791689 0.650862 0.789409 0.699097 0.835477 0.734503 0.834109 0.666000 0.791689 0.678315 0.790321
8 0.001157 0.339506 0.200231 0.462963 0.212963 0.555556 0.204861 0.683128 0.172454 0.683128 0.167824 0.720165 0.150463 0.726337 0.125000 0.730453 0.120370 0.709877 0.025463 0.716049 0.015046 0.788066 0.000000 0.786492
6 0.210648 0.600676 0.232143 0.602881 0.238343 0.629336 0.235863 0.666814 0.231729 0.669018 0.231316 0.660935 0.228009 0.660935 0.224702 0.669753 0.224289 0.664609 0.209408 0.663874
6 0.299521 0.626396 0.299107 0.613904 0.262318 0.616108 0.250331 0.642563 0.249504 0.682981 0.256531 0.686655 0.257358 0.676367 0.287120 0.675632 0.292493 0.644768
6 0.430142 0.607290 0.449570 0.608760 0.451637 0.630805 0.450810 0.671958 0.447503 0.671958 0.443370 0.671958 0.443783 0.664609 0.438409 0.665344
4 0.479946 0.615741 0.482607 0.614051 0.483938 0.621486 0.485839 0.630272 0.485649 0.646154 0.484128 0.666092 0.478806 0.667444 0.479756 0.658320 0.476905 0.667444 0.474053 0.668458 0.477855 0.661361 0.479186 0.645141 0.478615 0.634327
4 0.533421 0.609118 0.531293 0.612650 0.531293 0.616939 0.528738 0.621733 0.529448 0.631572 0.530157 0.639646 0.532996 0.636366 0.531151 0.631068 0.535976 0.625770 0.536260 0.635357 0.537821 0.635861 0.537963 0.619967
4 0.532002 0.676986 0.537111 0.676733 0.537537 0.658063 0.539382 0.649485 0.539524 0.644439 0.537537 0.637880 0.535834 0.636114 0.535550 0.625770 0.531434 0.630815 0.532286 0.636114 0.529448 0.643178 0.529306 0.650999 0.530583 0.655036 0.531576 0.667651
