1 0.398744 0.849401 0.373009 0.863562 0.761183 0.918028 0.716452 0.894608
2 0.571976 0.918081 0.557798 0.927855 0.571150 0.931548 0.566768 0.953061 0.593244 0.955633 0.581814 0.931199 0.593388 0.931970
6 0.560981 0.792052 0.603082 0.798483 0.608869 0.831919 0.611907 0.865612 0.608435 0.904964 0.600333 0.902392 0.599341 0.887529 0.557219 0.880015 0.556207 0.896991 0.549552 0.893904 0.547381 0.860983 0.550048 0.836273
10 0.554618 0.615331 0.554388 0.636226 0.582965 0.638274 0.584808 0.618199
6 0.418939 0.796954 0.417662 0.813521 0.413960 0.813521 0.416896 0.823734 0.428896 0.828273 0.431704 0.837804 0.442427 0.839620 0.447023 0.831904 0.485830 0.837577 0.489022 0.845974 0.497958 0.845520 0.504596 0.840074 0.513021 0.836216 0.513531 0.816698 0.488000 0.805124 0.472426 0.785834 0.442938 0.783338 0.430300 0.797635
8 0.895999 0.685553 0.913360 0.712743 0.929481 0.820767 0.926174 0.947163 0.889385 0.952307 0.889298 0.973874 0.852807 0.970925 0.853423 0.949368 0.817642 0.944975 0.814567 0.972884 0.785218 0.975088 0.758924 0.959130 0.757929 0.920795 0.735202 0.911890 0.728175 0.939080 0.719081 0.928792 0.718667 0.895723 0.709573 0.887640 0.710813 0.767122 0.727761 0.721561 0.808780 0.676734
5 0.290483 0.749218 0.294541 0.749218 0.296232 0.767857 0.297585 0.775673 0.293527 0.783490 0.295218 0.794312 0.292512 0.815356 0.289130 0.821970 0.287101 0.827381 0.276617 0.826780 0.275940 0.814755 0.274249 0.804533 0.271882 0.802730 0.273573 0.788901 0.277293 0.778680 0.281351 0.770262 0.284733 0.758838
6 0.542814 0.793864 0.540166 0.803672 0.539725 0.813873 0.543697 0.815443 0.543476 0.811911 0.550538 0.811911 0.550759 0.816227 0.552083 0.816227 0.551642 0.803672 0.550318 0.793079
6 0.523835 0.793471 0.522511 0.801318 0.522511 0.808380 0.523835 0.807988 0.524276 0.805634 0.528028 0.805242 0.528911 0.807988 0.530456 0.807988 0.530676 0.801318 0.530014 0.795041
6 0.636167 0.760515 0.644553 0.759730 0.680085 0.763653 0.678761 0.843691 0.674567 0.854677 0.671698 0.862524 0.667947 0.850361 0.651615 0.846830 0.647864 0.856638 0.633077 0.852323 0.633298 0.831136 0.635505 0.827605
6 0.612774 0.782094 0.634401 0.784055 0.635505 0.807988 0.632195 0.810734 0.621822 0.837806 0.617850 0.838591 0.616525 0.844083 0.609022 0.841337 0.608139 0.828782 0.609463 0.809950
10 0.690016 0.718927 0.699726 0.718927 0.698844 0.752276 0.688692 0.750706
4 0.958300 0.969155 0.960291 0.937898 0.966925 0.910179 0.967589 0.877742 0.967257 0.844716 0.964271 0.817587 0.959959 0.814048 0.959295 0.796945 0.950670 0.797535 0.948016 0.809920 0.948348 0.819946 0.941050 0.818766 0.937069 0.833510 0.936737 0.871255 0.936074 0.909590 0.941713 0.931411 0.946026 0.944975 0.949011 0.967976 0.951665 0.973284
