6 0.201766 0.936393 0.196332 0.932367 0.197690 0.911433 0.200861 0.901771 0.211277 0.889694 0.225770 0.884058 0.235734 0.880837 0.246150 0.871176 0.257926 0.860709 0.275589 0.854267 0.305027 0.854267 0.327672 0.861514 0.343524 0.873591 0.348958 0.877617 0.356658 0.877617 0.361639 0.884058 0.364357 0.904992 0.365263 0.912238 0.356658 0.925926 0.348505 0.935588 0.338089 0.936393 0.334466 0.944444 0.329031 0.951691 0.312726 0.950886 0.310462 0.942029 0.308197 0.937198 0.233469 0.935588 0.225770 0.946860 0.212183 0.950886
2 0.350143 0.965303 0.369134 0.966640 0.381167 0.953938 0.390193 0.954606 0.388312 0.943241 0.366877 0.952266 0.373458 0.952935
3 0.503949 0.967977 0.522563 0.966974 0.518991 0.959955 0.530648 0.959955 0.530648 0.962629 0.549639 0.960623 0.529896 0.952935 0.529896 0.957280 0.518051 0.956612 0.517110 0.956946 0.516358 0.953938 0.528016 0.953938 0.513914 0.946584 0.498684 0.953938 0.509589 0.953938
1 0.353151 0.933213 0.372142 0.922851 0.563177 0.925191 0.568818 0.937893
6 0.433063 0.897112 0.430806 0.896778 0.430430 0.901457 0.427986 0.902126 0.427798 0.900455 0.426482 0.888087 0.427234 0.880398 0.427422 0.875384 0.428550 0.867696 0.429866 0.862348 0.432875 0.859005 0.441900 0.858671 0.448105 0.858337 0.453745 0.859005 0.456942 0.868699 0.456942 0.870036 0.458634 0.868365 0.460138 0.870370 0.459010 0.873713 0.459574 0.880398 0.460326 0.887084 0.461079 0.893435 0.461267 0.898783 0.459574 0.901457 0.458258 0.901123 0.456566 0.902460 0.452993 0.903129 0.452053 0.901457 0.451113 0.897446 0.446789 0.897446 0.439079 0.897112
6 0.456566 0.865022 0.460890 0.864019 0.466155 0.865356 0.469540 0.864688 0.470856 0.868699 0.472360 0.871707 0.474052 0.874382 0.474992 0.881401 0.475369 0.887418 0.474428 0.889758 0.472172 0.889758 0.471232 0.892098 0.469916 0.893435 0.467659 0.893435 0.467095 0.890092 0.463899 0.890092 0.461455 0.890092 0.460514 0.885747 0.460514 0.881401 0.459574 0.876721 0.459762 0.872710 0.462019 0.869702 0.460890 0.868030 0.459386 0.867028
6 0.528946 0.892822 0.527967 0.888877 0.515468 0.888523 0.515092 0.892534 0.513212 0.892534 0.512564 0.889225 0.512459 0.881838 0.512271 0.877827 0.512271 0.873815 0.512647 0.870807 0.513964 0.866127 0.515280 0.863119 0.516784 0.862450 0.522613 0.862784 0.526749 0.863119 0.529194 0.864790 0.530322 0.869470 0.530698 0.877158 0.531074 0.883175 0.531450 0.889526 0.531035 0.893170
6 0.471054 0.866367 0.472490 0.864859 0.478168 0.864511 0.481170 0.864859 0.483063 0.867296 0.484630 0.874954 0.485021 0.878667 0.485217 0.882031 0.485413 0.885280 0.484107 0.887137 0.483389 0.887137 0.482867 0.886789 0.482606 0.884700 0.480191 0.883888 0.477907 0.883888 0.476341 0.884004 0.475362 0.884004 0.475035 0.880639 0.474774 0.877622 0.474187 0.874838 0.473469 0.872401 0.471968 0.870196 0.470923 0.868224
6 0.555790 0.899410 0.555539 0.902091 0.554973 0.903543 0.552837 0.904325 0.550764 0.903543 0.550450 0.900527 0.550324 0.899075 0.549256 0.898740 0.548251 0.899745 0.547937 0.899634 0.547371 0.898405 0.547309 0.892485 0.546994 0.885784 0.546806 0.881986 0.547120 0.878971 0.547937 0.876737 0.547120 0.875955 0.546680 0.875508 0.546869 0.873498 0.548377 0.872716 0.548754 0.873833 0.550764 0.866126 0.551958 0.863334 0.557675 0.861323 0.565654 0.861100 0.572565 0.862552 0.575455 0.867131 0.577968 0.878300 0.579099 0.884890 0.579162 0.894161 0.578910 0.898628 0.578848 0.900415 0.577528 0.901532 0.576711 0.900974 0.576397 0.898852
6 0.546680 0.888688 0.545172 0.888800 0.544921 0.891592 0.543288 0.892262 0.541151 0.891257 0.540460 0.889246 0.539769 0.890140 0.539330 0.890810 0.538387 0.889916 0.538010 0.887124 0.538073 0.883438 0.538136 0.876849 0.538324 0.873609 0.538324 0.871934 0.539330 0.868472 0.540963 0.864674 0.541591 0.862105 0.542094 0.860988 0.546115 0.860765 0.549130 0.860653 0.554848 0.860318 0.556418 0.860877 0.553466 0.862329 0.551204 0.863557 0.550136 0.866126 0.549005 0.870594 0.548816 0.872269 0.547623 0.871822 0.546429 0.872828 0.546366 0.875397 0.546869 0.876513 0.546994 0.877742 0.546617 0.880646 0.546366 0.884555
