6 0.100503 0.826003 0.102162 0.811252 0.111737 0.801266 0.115183 0.796274 0.114800 0.794458 0.113268 0.793777 0.113268 0.790600 0.115183 0.789692 0.118375 0.789011 0.119907 0.788104 0.133566 0.767225 0.139182 0.762232 0.157948 0.759282 0.175437 0.760190 0.189096 0.760644 0.195989 0.769040 0.203393 0.783792 0.206074 0.785380 0.207733 0.798543 0.208372 0.806486 0.194457 0.809890 0.162288 0.820103 0.141608 0.827365 0.112758 0.826911
2 0.408268 0.902069 0.394191 0.902069 0.417183 0.882049 0.437594 0.902069 0.421406 0.902069 0.427975 0.938772 0.389499 0.937938
2 0.617070 0.899566 0.614724 0.876210 0.657423 0.896230 0.644989 0.896647 0.701764 0.931265 0.667042 0.934184 0.631851 0.898732
6 0.442862 0.792238 0.445406 0.792000 0.446009 0.784502 0.445741 0.770577 0.445005 0.766293 0.443465 0.758676 0.441791 0.755582 0.432218 0.754035 0.426862 0.755701 0.425323 0.756058 0.424051 0.762723 0.423448 0.764746 0.422645 0.763556 0.420703 0.763794 0.420570 0.765222 0.421641 0.765698 0.421507 0.773315 0.421239 0.782003 0.421440 0.788668 0.421574 0.791643 0.424118 0.791643 0.424519 0.788787 0.424519 0.788072 0.434896 0.787834 0.440854 0.787715 0.442461 0.787715
8 0.460670 0.774148 0.460402 0.778194 0.458461 0.778789 0.457256 0.778075 0.456854 0.774386 0.456184 0.757010 0.456318 0.748203 0.457992 0.737373 0.459866 0.733207 0.469306 0.732255 0.472117 0.736778 0.473523 0.746775 0.474393 0.762366 0.474126 0.770815 0.474193 0.778313 0.470912 0.778432 0.470176 0.775338 0.466762 0.774148 0.462678 0.774148
8 0.445005 0.752844 0.446076 0.747370 0.446410 0.745585 0.449155 0.744751 0.454176 0.744632 0.455582 0.745466 0.456251 0.747727 0.456051 0.754035 0.455917 0.759866 0.456318 0.766293 0.456452 0.771411 0.451632 0.771649 0.448620 0.771173 0.448218 0.767840 0.448285 0.764032 0.448084 0.761770 0.448954 0.761294 0.448620 0.758557 0.447682 0.758319 0.446544 0.757724 0.445741 0.754868
6 0.433289 0.753439 0.434360 0.751892 0.444536 0.752368 0.445339 0.754035 0.445875 0.755939 0.445942 0.757367 0.446544 0.758200 0.447415 0.758795 0.448218 0.758795 0.448753 0.758914 0.448753 0.759866 0.448218 0.759866 0.447749 0.761532 0.448084 0.764627 0.447749 0.768197 0.447883 0.771649 0.447816 0.774386 0.447950 0.777480 0.447883 0.778670 0.447147 0.778432 0.446611 0.778075 0.445942 0.774267 0.446210 0.770339 0.445674 0.767245 0.445473 0.765936 0.445005 0.762604 0.444335 0.759866 0.443465 0.757010 0.442327 0.755582 0.440318 0.754987 0.436436 0.754154
4 0.491799 0.750464 0.492402 0.747370 0.493473 0.747132 0.494142 0.749393 0.494075 0.751297 0.494745 0.752130 0.495347 0.755582 0.495481 0.758676 0.495213 0.760699 0.494544 0.763199 0.494343 0.766531 0.494209 0.770339 0.494142 0.773196 0.493741 0.776885 0.493741 0.779265 0.493674 0.782122 0.493741 0.783074 0.492201 0.782598 0.491933 0.779503 0.491732 0.777480 0.491665 0.775695 0.491799 0.774743 0.491130 0.776528 0.491264 0.779265 0.491197 0.781884 0.491130 0.783074 0.489724 0.783074 0.489791 0.780218 0.489724 0.776647 0.489791 0.773672 0.490059 0.770934 0.490259 0.768554 0.489657 0.766293 0.488988 0.762485 0.489456 0.758319 0.489724 0.755225 0.490259 0.752844 0.491063 0.751535
4 0.517305 0.748917 0.517506 0.746656 0.517707 0.746061 0.518711 0.744990 0.519648 0.745942 0.519581 0.748441 0.520452 0.749988 0.521054 0.752011 0.522125 0.754868 0.522527 0.757129 0.522661 0.758914 0.521657 0.759152 0.521188 0.757367 0.520653 0.755939 0.520452 0.757962 0.520786 0.760818 0.521121 0.763080 0.521389 0.766531 0.521389 0.769625 0.521456 0.772839 0.521657 0.774624 0.521657 0.775695 0.521054 0.774505 0.520050 0.771649 0.519782 0.769149 0.519180 0.767245 0.519381 0.768673 0.519247 0.771054 0.519448 0.773315 0.519581 0.775100 0.519648 0.776290 0.519314 0.776647 0.518845 0.777242 0.518310 0.777242 0.517908 0.776766 0.517171 0.772244 0.516971 0.767840 0.516502 0.764389 0.516100 0.760223 0.516100 0.758438 0.515163 0.757010 0.514694 0.755344 0.515230 0.752368 0.515966 0.750464
4 0.503180 0.749750 0.502912 0.748679 0.502644 0.746894 0.503314 0.745704 0.504184 0.745347 0.504854 0.746061 0.504920 0.748203 0.504920 0.748917 0.505054 0.749512 0.505858 0.750226 0.506527 0.750940 0.506795 0.752963 0.506661 0.754511 0.506326 0.755820 0.506059 0.757962 0.505724 0.759390 0.506661 0.759985 0.507330 0.761889 0.507397 0.762842 0.507330 0.764746 0.506795 0.766174 0.506125 0.766174 0.506125 0.767959 0.506393 0.770339 0.506527 0.771887 0.506527 0.774148 0.506527 0.775100 0.506661 0.776290 0.506192 0.776290 0.505389 0.775576 0.504987 0.774624 0.504854 0.771411 0.504720 0.769030 0.504586 0.767245 0.504184 0.766412 0.503983 0.768197 0.504184 0.772125 0.504184 0.774386 0.504050 0.775576 0.503448 0.775814 0.502644 0.774981 0.502042 0.774148 0.501908 0.770339 0.502042 0.767721 0.502042 0.764627 0.501908 0.761413 0.501975 0.759152 0.502109 0.757367 0.501841 0.755701 0.501172 0.754749 0.501439 0.752725 0.501841 0.751416 0.502243 0.750940
4 0.487247 0.771292 0.488251 0.767126 0.487783 0.764151 0.486711 0.761294 0.486845 0.758081 0.487716 0.757962 0.488318 0.758557 0.488385 0.757129 0.487783 0.755820 0.487247 0.753916 0.487180 0.753082 0.486444 0.752606 0.486845 0.751059 0.486176 0.750464 0.485707 0.750940 0.485573 0.752130 0.484837 0.752725 0.484569 0.753320 0.484167 0.754749 0.484770 0.757248 0.484502 0.759747 0.484971 0.761651 0.484904 0.763437 0.484904 0.765341 0.484904 0.767007 0.485038 0.768554 0.485372 0.770220 0.485506 0.771649 0.485573 0.772006 0.486176 0.772006 0.486310 0.769982 0.486176 0.766531 0.486042 0.764270 0.486176 0.763318 0.486778 0.764627 0.486912 0.767245 0.487046 0.768435
