3 0.546120 0.854992 0.532835 0.853263 0.519303 0.852512 0.526280 0.839703 0.531239 0.830742 0.520233 0.829915 0.540940 0.816608 0.555003 0.831556 0.542078 0.831556 0.542653 0.835131 0.551557 0.835301 0.557901 0.835151 0.560071 0.835426 0.558366 0.829915 0.587938 0.839216 0.561931 0.844796 0.561466 0.840111 0.543227 0.842109
4 0.620419 0.694403 0.620419 0.692615 0.620805 0.690276 0.622353 0.688487 0.623978 0.689037 0.624907 0.693303 0.625217 0.694816 0.627074 0.695504 0.628080 0.696604 0.628931 0.701695 0.629396 0.710088 0.629783 0.717930 0.629628 0.723433 0.628777 0.727148 0.627848 0.728248 0.627693 0.734027 0.627771 0.741594 0.627848 0.745033 0.627461 0.749023 0.627925 0.753151 0.628235 0.756453 0.627306 0.758929 0.626455 0.758654 0.625526 0.758241 0.625604 0.754802 0.625526 0.750261 0.624907 0.746822 0.624752 0.743382 0.624443 0.739668 0.624211 0.739392 0.623050 0.746547 0.623437 0.755352 0.623437 0.759067 0.621966 0.760718 0.620728 0.760442 0.619258 0.760442 0.619180 0.759204 0.620496 0.757416 0.619954 0.754802 0.619490 0.746822 0.618329 0.738842 0.618716 0.730725 0.618561 0.723158 0.618097 0.718205 0.616549 0.715728 0.616162 0.711188 0.616626 0.702245 0.616936 0.699494 0.617710 0.697568 0.619567 0.696329
2 0.316180 0.845807 0.345342 0.848524 0.372593 0.826338 0.385582 0.826338 0.390549 0.811170 0.352218 0.824527 0.361896 0.825206
6 0.000651 0.615162 0.087240 0.608218 0.122396 0.614005 0.162760 0.617477 0.172526 0.633681 0.204427 0.656829 0.230469 0.695023 0.232422 0.714699 0.236328 0.700810 0.248047 0.708912 0.253906 0.722801 0.250651 0.729745 0.244141 0.736690 0.257161 0.739005 0.269531 0.748264 0.279297 0.776042 0.279948 0.820023 0.277344 0.864005 0.272135 0.905671 0.264974 0.918403 0.242839 0.924190 0.235026 0.909144 0.235026 0.887153 0.164714 0.925347 0.163411 0.954282 0.158203 0.986690 0.148438 0.998264 0.124349 0.999421 0.113932 0.992477 0.103516 0.977431 0.095703 0.947338 0.000000 0.946181
6 0.564662 0.754322 0.539197 0.753912 0.538889 0.760750 0.533427 0.760066 0.532812 0.739961 0.534043 0.722455 0.540659 0.703034 0.561585 0.702897 0.564816 0.711103 0.567662 0.721224 0.569816 0.720814 0.571586 0.722181 0.571278 0.724917 0.569509 0.724917 0.570047 0.729977 0.570432 0.739688 0.569585 0.743107 0.570432 0.761024 0.565123 0.761160
6 0.537891 0.708056 0.536432 0.704537 0.527943 0.703611 0.526380 0.707222 0.524870 0.708981 0.524297 0.714630 0.524297 0.718981 0.524714 0.724444 0.524870 0.726574 0.527526 0.726852 0.527474 0.724074 0.531432 0.723796 0.533724 0.723796 0.533984 0.721944 0.536432 0.714630 0.538099 0.709815
6 0.512891 0.733611 0.499089 0.733519 0.498984 0.737963 0.494922 0.737963 0.494974 0.732407 0.494661 0.729352 0.495651 0.714815 0.498620 0.705370 0.499505 0.704352 0.511484 0.703704 0.513776 0.704815 0.514349 0.711019 0.514818 0.712963 0.516120 0.713148 0.516224 0.715000 0.515339 0.715370 0.516484 0.719444 0.516953 0.723241 0.516901 0.729630 0.517161 0.738148 0.513359 0.738426
6 0.494714 0.731852 0.493880 0.731944 0.493724 0.728148 0.483776 0.726667 0.483620 0.731111 0.480130 0.731389 0.479766 0.726204 0.479766 0.717685 0.482422 0.705370 0.489401 0.705093 0.494089 0.705000 0.495182 0.707037 0.495547 0.711574 0.496016 0.712685 0.495495 0.714815 0.495182 0.721111 0.494766 0.726204
6 0.514297 0.704167 0.519922 0.704537 0.521328 0.709259 0.522161 0.714630 0.522474 0.723148 0.520286 0.723333 0.519870 0.720741 0.517266 0.721204 0.516589 0.718704 0.515651 0.716667 0.515651 0.715741 0.516432 0.715556 0.516276 0.713519 0.516276 0.713056 0.515443 0.712870 0.514922 0.712407 0.514505 0.711296 0.514089 0.705463
6 0.412142 0.750254 0.411917 0.756266 0.406806 0.756667 0.406055 0.749586 0.404852 0.742638 0.405528 0.737026 0.406205 0.727139 0.406731 0.717786 0.410639 0.704960 0.414773 0.696542 0.431157 0.695473 0.440476 0.697210 0.443107 0.701219 0.445061 0.707231 0.446338 0.713511 0.447090 0.710438 0.449946 0.710438 0.451073 0.711239 0.451374 0.714580 0.449194 0.715248 0.448668 0.716985 0.451224 0.721127 0.451599 0.726337 0.451674 0.737828 0.450923 0.744375 0.450622 0.752124 0.449720 0.753193 0.446113 0.753193 0.445437 0.747047 0.445136 0.745711 0.444535 0.745845 0.443708 0.753193 0.443257 0.754797 0.439424 0.755866 0.438597 0.755197 0.438222 0.750788 0.430781 0.749185 0.421011 0.749452 0.420635 0.755197 0.415975 0.755598 0.415524 0.750521
6 0.394801 0.718072 0.392499 0.717790 0.392181 0.720754 0.390276 0.720895 0.390037 0.717084 0.388847 0.717367 0.388529 0.720895 0.386703 0.721037 0.386068 0.717790 0.386068 0.712568 0.386544 0.708616 0.388926 0.705793 0.391308 0.698594 0.399486 0.698876 0.400518 0.698876 0.401629 0.704240 0.402344 0.706640 0.402661 0.712568 0.402661 0.714826 0.402741 0.719907 0.400915 0.720190 0.400676 0.717367 0.399168 0.717790 0.399089 0.720895 0.397183 0.721178 0.397104 0.717226
