3 0.685428 0.844192 0.683519 0.824316 0.724609 0.846011 0.712969 0.843223 0.716787 0.849525 0.729058 0.851464 0.732875 0.851464 0.727335 0.845473 0.773362 0.858662 0.757144 0.867462 0.747055 0.858736 0.737238 0.858736 0.764277 0.879118 0.733694 0.878311 0.699607 0.844192
2 0.510723 0.837186 0.524567 0.837590 0.505276 0.818224 0.483150 0.835774 0.496539 0.836985 0.481220 0.866638 0.514468 0.869261
2 0.306588 0.828109 0.264036 0.860587 0.233399 0.857964 0.294447 0.826293 0.280944 0.826091 0.327734 0.808941 0.319637 0.829521
8 0.634194 0.740032 0.621688 0.740277 0.621276 0.746140 0.618115 0.746384 0.617840 0.741254 0.613443 0.741498 0.612756 0.746629 0.608221 0.747361 0.607671 0.738078 0.605747 0.735390 0.605335 0.708272 0.605747 0.702897 0.607259 0.680177 0.607946 0.675535 0.639553 0.675291 0.642439 0.678711 0.644913 0.684819 0.646149 0.689461 0.649310 0.692392 0.652471 0.700943 0.653570 0.714869 0.653570 0.730016 0.653295 0.737101 0.652883 0.738811 0.649310 0.740521 0.647386 0.741987 0.645050 0.741009 0.643401 0.740032 0.642851 0.741987 0.641889 0.742720 0.634743 0.743697
6 0.521051 0.687095 0.525173 0.702731 0.526410 0.708350 0.527372 0.705174 0.529414 0.705003 0.531006 0.708167 0.529571 0.712992 0.528334 0.712992 0.530258 0.719344 0.530395 0.731071 0.530395 0.747684 0.529983 0.762342 0.529846 0.773336 0.525036 0.774069 0.523799 0.767472 0.523937 0.760876 0.484084 0.761120 0.482985 0.766740 0.481335 0.767228 0.480511 0.773092 0.476251 0.773824 0.473777 0.771870 0.472953 0.738156 0.474739 0.716412 0.475564 0.711282 0.474327 0.710060 0.475701 0.703464 0.477350 0.706151 0.481610 0.694424 0.485458 0.684896 0.491230 0.682453 0.512805 0.681720
6 0.528571 0.702838 0.531662 0.692846 0.537283 0.691513 0.546182 0.691513 0.550397 0.692013 0.553207 0.695843 0.555549 0.704003 0.557235 0.709499 0.558547 0.717659 0.558172 0.727485 0.558079 0.734146 0.558079 0.736144 0.555924 0.735978 0.554894 0.735978 0.554425 0.732481 0.553769 0.732980 0.553769 0.736311 0.552458 0.736977 0.550585 0.736644 0.550022 0.733979 0.550116 0.731981 0.533067 0.730649 0.533067 0.734979 0.532412 0.736977 0.531006 0.736644 0.530632 0.733147 0.530819 0.727152 0.530257 0.723155 0.530257 0.717659 0.529601 0.715827 0.528665 0.714162 0.530163 0.713662 0.531194 0.709666 0.530725 0.707168 0.529976 0.704337
4 0.600420 0.687850 0.600232 0.684852 0.601169 0.682521 0.602293 0.682021 0.603043 0.683353 0.603043 0.686184 0.603511 0.687184 0.604822 0.688516 0.605853 0.690514 0.606134 0.693678 0.605572 0.698341 0.605010 0.705169 0.604916 0.709832 0.605010 0.716327 0.605291 0.726485 0.605103 0.729150 0.604167 0.728817 0.604073 0.726485 0.603886 0.723654 0.603511 0.721656 0.603324 0.724654 0.603324 0.728151 0.602293 0.729150 0.601263 0.728650 0.601075 0.724321 0.600045 0.712830 0.599670 0.708333 0.599389 0.705502 0.598640 0.705669 0.598452 0.708833 0.597141 0.708333 0.596954 0.704503 0.597516 0.697509 0.597984 0.692180 0.599108 0.690348
6 0.155596 0.717665 0.194590 0.716211 0.228676 0.712818 0.228676 0.699244 0.223767 0.678883 0.217223 0.672096 0.189136 0.672096 0.180410 0.677429 0.171139 0.689063 0.160777 0.696820 0.156959 0.704092
6 0.049247 0.691487 0.061791 0.672096 0.082788 0.669188 0.102421 0.674520 0.107330 0.687124 0.109784 0.693911 0.110329 0.708939 0.110057 0.719604 0.084424 0.720089 0.067245 0.720574 0.061246 0.719120 0.060973 0.704576 0.050611 0.700698
6 0.011616 0.680822 0.017070 0.678398 0.032613 0.678883 0.041067 0.682761 0.047339 0.691972 0.048975 0.695366 0.048975 0.701668 0.058246 0.704092 0.060700 0.709909 0.060700 0.716696 0.060428 0.721544 0.037249 0.722028 0.037522 0.703122 0.035886 0.699729 0.023342 0.698759
6 0.000164 0.676459 0.007799 0.677429 0.012707 0.685670 0.018979 0.695366 0.021979 0.700213 0.032341 0.702637 0.035613 0.703607 0.036431 0.714757 0.036704 0.725422 0.031250 0.728815 0.029614 0.730270 0.017070 0.734148 0.016252 0.729300 0.000436 0.731724
6 0.113487 0.709010 0.129020 0.709010 0.131457 0.711718 0.139072 0.711176 0.141813 0.705220 0.153692 0.706303 0.158260 0.699805 0.158869 0.695473 0.155824 0.672190 0.153692 0.669482 0.132675 0.670565 0.118969 0.670024 0.111659 0.675439 0.106786 0.681395 0.109527 0.689517 0.110746 0.698181
