4 0.057994 0.777437 0.060164 0.776076 0.061057 0.775849 0.061568 0.774033 0.061440 0.771310 0.061951 0.767679 0.062462 0.765863 0.063483 0.764048 0.064504 0.763140 0.066164 0.762459 0.067057 0.763594 0.067440 0.765863 0.068461 0.769040 0.068206 0.771991 0.067440 0.773125 0.067057 0.775168 0.068589 0.776076 0.069227 0.776076 0.070632 0.779480 0.071142 0.781976 0.071653 0.785607 0.071908 0.789465 0.071653 0.793550 0.070376 0.796047 0.069100 0.796274 0.069483 0.806486 0.069483 0.808075 0.068589 0.816245 0.067823 0.819876 0.066802 0.822372 0.066547 0.826003 0.066291 0.830542 0.065398 0.836669 0.064121 0.840527 0.063738 0.843705 0.063355 0.846428 0.063355 0.849151 0.063355 0.851421 0.060164 0.852328 0.059143 0.849151 0.059143 0.845520 0.060164 0.840527 0.060292 0.836669 0.060547 0.831677 0.060419 0.828953 0.060164 0.825322 0.059781 0.828499 0.059143 0.830088 0.059653 0.834173 0.059653 0.838258 0.059909 0.842797 0.059270 0.849832 0.057355 0.849832 0.057355 0.846655 0.056973 0.840527 0.056207 0.834400 0.055058 0.830996 0.056462 0.822826 0.054802 0.813294 0.054802 0.808529 0.055058 0.806940 0.054164 0.806259 0.053271 0.801720 0.053015 0.796727 0.053526 0.791735 0.054547 0.787196 0.055441 0.782884 0.055951 0.781068
6 0.285238 0.811044 0.271235 0.814101 0.263209 0.813665 0.257477 0.816285 0.255511 0.817159 0.252154 0.818178 0.249697 0.819488 0.248714 0.820944 0.246995 0.821672 0.246421 0.821235 0.246339 0.805803 0.246421 0.797796 0.248469 0.792555 0.249861 0.789352 0.251744 0.786877 0.253136 0.785712 0.251662 0.784984 0.250516 0.784839 0.249615 0.782946 0.250762 0.780762 0.252154 0.779743 0.253955 0.779452 0.254529 0.781053 0.258132 0.772464 0.259852 0.768679 0.261162 0.766349 0.263045 0.764166 0.267468 0.763729 0.286958 0.763438 0.289333 0.765185 0.292281 0.772609 0.293345 0.776977 0.294410 0.779889 0.295966 0.781927 0.297031 0.785712 0.297768 0.788915 0.296867 0.791972 0.297768 0.797068 0.298259 0.802018 0.298259 0.805075 0.296785 0.806240 0.291380 0.808569 0.288022 0.809879
6 0.430738 0.840337 0.446089 0.838713 0.455227 0.838388 0.466557 0.837088 0.469846 0.837738 0.469664 0.841961 0.470395 0.845535 0.473867 0.846185 0.476060 0.846185 0.477522 0.845860 0.478070 0.848134 0.478436 0.851383 0.479715 0.852683 0.483735 0.853657 0.485380 0.853657 0.486659 0.846510 0.487208 0.839687 0.486842 0.822793 0.487025 0.811422 0.486477 0.798427 0.486477 0.789980 0.485015 0.781533 0.484284 0.776010 0.481360 0.770811 0.480811 0.760740 0.478253 0.753917 0.476060 0.747744 0.467105 0.745795 0.447003 0.744496 0.438231 0.745795 0.434480 0.746539 0.431652 0.752293 0.429459 0.761390 0.426901 0.769187 0.424775 0.772878 0.424086 0.774919 0.423611 0.772761 0.422515 0.771136 0.418311 0.772111 0.416667 0.775035 0.418311 0.776659 0.421784 0.776659 0.422880 0.776984 0.422149 0.783482 0.421966 0.786731 0.419408 0.792579 0.419225 0.798427 0.419225 0.808173 0.419408 0.814671 0.418860 0.824418 0.419042 0.835139 0.419956 0.840987 0.419956 0.845210 0.421235 0.847160 0.422149 0.852358 0.423977 0.853332 0.427814 0.854307 0.430190 0.851058 0.430190 0.847809
6 0.484198 0.774706 0.485546 0.771410 0.487653 0.769762 0.492204 0.769163 0.508048 0.768114 0.509903 0.769762 0.511841 0.773208 0.514116 0.780400 0.515802 0.785344 0.516898 0.790138 0.517403 0.796431 0.517825 0.804222 0.517572 0.809766 0.517319 0.815609 0.517235 0.818306 0.516223 0.819355 0.513948 0.819954 0.513695 0.818456 0.513526 0.815309 0.512768 0.814560 0.511588 0.814260 0.510998 0.814710 0.510577 0.818006 0.510071 0.819205 0.507964 0.819355 0.506616 0.818456 0.506531 0.815459 0.504677 0.814560 0.498104 0.814410 0.494480 0.814710 0.491783 0.814710 0.489423 0.815159 0.487990 0.815159 0.487485 0.810665 0.487569 0.803473 0.487653 0.797929 0.487401 0.792685 0.487401 0.788191 0.486558 0.785644 0.485799 0.781449 0.485378 0.778752
2 0.493616 0.823287 0.495404 0.820278 0.503476 0.821040 0.501075 0.821939 0.508091 0.825535 0.498747 0.827210 0.497818 0.823579
2 0.397034 0.871157 0.412583 0.861268 0.425415 0.870932 0.415365 0.871157 0.418462 0.887563 0.394443 0.887001 0.405567 0.871382
2 0.571456 0.869053 0.579431 0.868677 0.555647 0.859643 0.552048 0.871186 0.561999 0.870057 0.575055 0.886618 0.597286 0.884485
6 0.428199 0.761929 0.422753 0.762398 0.420645 0.764428 0.418713 0.769736 0.416781 0.774265 0.415639 0.781759 0.415024 0.789098 0.415112 0.798779 0.414585 0.806742 0.414936 0.812051 0.416078 0.813769 0.418889 0.814237 0.418977 0.809865 0.418889 0.803619 0.418977 0.797374 0.419064 0.793939 0.419679 0.790347 0.421436 0.787693 0.421963 0.784102 0.422051 0.781135 0.422402 0.778324 0.421085 0.777700 0.419416 0.777700 0.417747 0.776607 0.417044 0.775982 0.417571 0.773328 0.418010 0.772079 0.420382 0.770673 0.421612 0.770361 0.423368 0.770829 0.423719 0.772703 0.424159 0.773796 0.425300 0.771454 0.426179 0.768956 0.427145 0.767082 0.428462 0.765052
8 0.418889 0.768019 0.419328 0.744129 0.424773 0.742880 0.432502 0.742568 0.435313 0.742724 0.438387 0.742411 0.440671 0.742099 0.440934 0.744129 0.440407 0.744597 0.436367 0.745378 0.433469 0.746003 0.432063 0.750219 0.430043 0.757557 0.428726 0.761305 0.424949 0.761461 0.423105 0.761617 0.421875 0.761773 0.420821 0.763178
8 0.359603 0.788786 0.359691 0.782852 0.360306 0.776919 0.362063 0.772391 0.363029 0.769893 0.366191 0.769424 0.369177 0.768956 0.372075 0.768331 0.374622 0.768331 0.377257 0.768643 0.379014 0.769893 0.379629 0.772547 0.379804 0.777544 0.380156 0.781916 0.380243 0.784570 0.379629 0.785819 0.377082 0.786600 0.374183 0.786912 0.370143 0.787849 0.366542 0.788161 0.361623 0.788786
