2 0.187047 0.984300 0.269475 0.928744 0.254982 0.928744 0.308877 0.901369 0.304348 0.927939 0.286685 0.929549 0.227808 0.986715
3 0.471920 0.993156 0.487772 0.933575 0.469203 0.931965 0.496377 0.902979 0.519928 0.930354 0.503623 0.933575 0.505888 0.948873 0.527174 0.944847 0.527174 0.932770 0.561141 0.950483 0.524909 0.970612 0.525815 0.956119 0.509058 0.957729 0.516304 0.992351
1 0.358436 0.834396 0.380464 0.822556 0.552254 0.825896 0.557889 0.839253
1 0.418374 0.807681 0.428449 0.802520 0.531079 0.802823 0.540642 0.807681
6 0.304986 0.805252 0.296619 0.805252 0.294740 0.797966 0.298839 0.769126 0.305840 0.754554 0.315574 0.749393 0.337944 0.747571 0.353484 0.748179 0.361339 0.752429 0.369706 0.764268 0.374829 0.766090 0.395663 0.769733 0.400956 0.775501 0.403176 0.787037 0.401981 0.796752 0.398224 0.802520 0.397029 0.804038 0.395492 0.808895 0.391564 0.812842 0.387466 0.812842 0.384734 0.811931 0.384563 0.809806 0.383367 0.811931 0.379952 0.814359 0.374829 0.815270 0.371926 0.812538 0.369194 0.807681 0.368169 0.804948 0.334187 0.804645 0.333333 0.809502 0.330089 0.811324 0.325649 0.811324 0.321892 0.809502 0.320697 0.806163 0.320526 0.804645 0.317794 0.809502 0.314891 0.812234 0.309597 0.812842 0.307206 0.811324
6 0.449283 0.790984 0.464822 0.790680 0.464822 0.793716 0.465847 0.796145 0.467384 0.796752 0.470628 0.796145 0.471653 0.791287 0.471824 0.790073 0.473190 0.790376 0.474385 0.789769 0.474556 0.785519 0.473873 0.779751 0.473702 0.775804 0.473361 0.772465 0.472165 0.767911 0.472678 0.765786 0.472678 0.763661 0.471141 0.761840 0.469775 0.756375 0.467384 0.750304 0.459016 0.749393 0.453040 0.748179 0.447917 0.750607 0.444672 0.756375 0.443306 0.763054 0.442964 0.772465 0.442452 0.784608 0.442452 0.795234 0.442623 0.795841 0.446380 0.795841 0.447575 0.793109
6 0.500854 0.775804 0.500683 0.779447 0.498634 0.780662 0.498292 0.778537 0.498292 0.773376 0.498805 0.768822 0.498805 0.763965 0.499317 0.759715 0.500854 0.757893 0.505123 0.756982 0.508709 0.756375 0.510587 0.758197 0.512295 0.761233 0.512124 0.766393 0.512807 0.774287 0.512978 0.777322 0.512807 0.780662 0.511270 0.781876 0.510587 0.780055 0.510587 0.777626 0.509051 0.777019 0.504952 0.776715 0.504098 0.777019
6 0.804649 0.911560 0.803117 0.936751 0.796607 0.949687 0.780522 0.948325 0.768650 0.936070 0.767502 0.921773 0.759842 0.910880 0.733418 0.909518 0.706993 0.910880 0.689759 0.911560 0.677888 0.912241 0.675207 0.934709 0.674441 0.951729 0.663335 0.955133 0.649165 0.957857 0.643421 0.930624 0.643038 0.913603 0.641506 0.906795 0.633464 0.898625 0.628485 0.895901 0.628102 0.917007 0.620826 0.917688 0.611634 0.917688 0.607039 0.901348 0.603975 0.868668 0.602443 0.840074 0.608188 0.810117 0.611252 0.799224 0.612783 0.794458 0.610103 0.791054 0.605890 0.775395 0.610869 0.769267 0.616996 0.769948 0.619294 0.775395 0.632315 0.725014 0.646867 0.705950 0.660654 0.699142 0.702780 0.699142 0.724992 0.701185 0.750651 0.704589 0.771331 0.703908 0.779373 0.729099 0.787416 0.757013 0.803500 0.793777 0.806181 0.821010 0.810777 0.858456 0.811926 0.883647 0.809245 0.904752
6 0.630400 0.729099 0.622358 0.727737 0.602826 0.728418 0.591720 0.727056 0.584061 0.725694 0.577551 0.734545 0.572189 0.747481 0.569891 0.758374 0.566828 0.759055 0.559934 0.759055 0.559934 0.766544 0.562232 0.769948 0.560317 0.779480 0.560700 0.794458 0.561083 0.812840 0.560317 0.829861 0.560700 0.841435 0.566062 0.842797 0.569125 0.845520 0.569891 0.851648 0.574487 0.856413 0.582146 0.858456 0.585210 0.850967 0.584061 0.844839 0.595550 0.842797 0.599763 0.842797 0.603592 0.821691 0.606656 0.801947 0.610103 0.793096 0.607039 0.787650 0.604358 0.776076 0.605890 0.768587 0.610486 0.763140 0.617762 0.763140 0.619677 0.765182 0.620826 0.769948 0.624655 0.750204 0.626953 0.740673
6 0.528604 0.785406 0.538496 0.784770 0.542906 0.783922 0.543264 0.786041 0.544217 0.787101 0.546601 0.787524 0.547316 0.786041 0.547316 0.780320 0.547197 0.775871 0.546720 0.771421 0.546601 0.767184 0.545647 0.761251 0.544456 0.756378 0.542191 0.751716 0.539927 0.750445 0.532656 0.750657 0.528366 0.751716 0.527293 0.755742 0.525625 0.760615 0.524671 0.767184 0.524194 0.774176 0.524075 0.782863 0.524194 0.786677 0.524552 0.790067 0.526220 0.790491 0.527651 0.789643 0.528127 0.787524
4 0.125953 0.749516 0.125334 0.742258 0.126200 0.736760 0.131149 0.730382 0.133623 0.730822 0.135602 0.736320 0.134736 0.742698 0.134736 0.746877 0.136221 0.749296 0.137458 0.752155 0.140056 0.755015 0.142035 0.756774 0.143767 0.763812 0.144138 0.766011 0.144386 0.762052 0.144881 0.760953 0.146242 0.764032 0.146365 0.767551 0.147108 0.774369 0.146489 0.781407 0.143025 0.783606 0.141788 0.781407 0.140551 0.777448 0.137582 0.784266 0.138448 0.790424 0.138942 0.799001 0.138448 0.807579 0.137087 0.817696 0.134118 0.832212 0.133004 0.847387 0.132015 0.858604 0.129540 0.862123 0.129664 0.867621 0.127190 0.870260 0.124715 0.870040 0.124468 0.866082 0.121870 0.862343 0.122117 0.858604 0.121623 0.850246 0.121623 0.839689 0.121004 0.829792 0.119396 0.823414 0.121746 0.800981 0.122117 0.791084 0.122241 0.781847 0.122241 0.775249 0.121375 0.782286 0.121004 0.790204 0.120014 0.795043 0.118406 0.797902 0.117416 0.805819 0.117664 0.811978 0.114942 0.812637 0.114695 0.808459 0.114695 0.802301 0.114818 0.797462 0.114447 0.786245 0.115313 0.774369 0.118777 0.762052 0.120262 0.755015 0.122117 0.753915
