3 0.507429 0.813539 0.496020 0.812740 0.510600 0.799887 0.528012 0.813565 0.516443 0.813242 0.519114 0.816803 0.524456 0.815913 0.531133 0.816803 0.529480 0.812466 0.550963 0.819472 0.535121 0.826890 0.533804 0.820661 0.527294 0.820661 0.524122 0.821848 0.523454 0.824519 0.530021 0.835545 0.504591 0.835203
2 0.331467 0.830247 0.303602 0.828858 0.338064 0.807562 0.327995 0.807407 0.360373 0.793519 0.361849 0.809877 0.349175 0.809414
2 0.121496 0.826716 0.094190 0.823317 0.161458 0.803386 0.149963 0.801872 0.203749 0.790014 0.185623 0.805305 0.174089 0.804143
4 0.616145 0.684020 0.615787 0.677663 0.617217 0.672578 0.619959 0.670459 0.622819 0.670247 0.623892 0.673849 0.624249 0.677663 0.623415 0.683808 0.624011 0.685927 0.626394 0.687198 0.628540 0.691436 0.629970 0.698004 0.630566 0.703937 0.629255 0.708598 0.628063 0.718980 0.627705 0.724913 0.629970 0.758602 0.631400 0.764323 0.634618 0.769408 0.633903 0.771315 0.632234 0.772375 0.628659 0.771739 0.626037 0.768561 0.626633 0.762628 0.624249 0.749703 0.622104 0.737414 0.620674 0.734024 0.619720 0.750127 0.619363 0.760509 0.619363 0.769832 0.620197 0.772163 0.616860 0.773858 0.615191 0.771739 0.615191 0.769408 0.613523 0.753305 0.612927 0.735083 0.612331 0.725125 0.610662 0.718345 0.608636 0.707115 0.608517 0.699487 0.611258 0.689741 0.613403 0.687834
6 0.737116 0.677663 0.699097 0.678511 0.685033 0.681901 0.673472 0.705844 0.671803 0.728303 0.677763 0.733812 0.691230 0.734660 0.693257 0.731905 0.698381 0.721735 0.709942 0.721735 0.713160 0.727244 0.719715 0.732117 0.736401 0.732329 0.737474 0.732117
4 0.535864 0.690355 0.536187 0.686793 0.537802 0.685874 0.539159 0.688287 0.539483 0.691504 0.540193 0.692767 0.541227 0.693686 0.542067 0.697937 0.542197 0.702187 0.541680 0.705289 0.541615 0.709310 0.541486 0.718156 0.541809 0.724818 0.541938 0.728150 0.540581 0.728150 0.540258 0.725048 0.539676 0.721257 0.538901 0.718730 0.539289 0.723899 0.539483 0.727461 0.539224 0.728839 0.538126 0.729299 0.537415 0.728380 0.536445 0.721602 0.535735 0.716662 0.535411 0.711148 0.535024 0.706553 0.535024 0.703106 0.533925 0.704715 0.533408 0.703910 0.533408 0.698741 0.534248 0.695639 0.534830 0.693342 0.535799 0.692193
4 0.527722 0.690699 0.527786 0.687942 0.529079 0.686564 0.529983 0.690240 0.530759 0.692193 0.532181 0.694376 0.533085 0.697018 0.533021 0.700234 0.532891 0.704140 0.532116 0.707931 0.531793 0.713331 0.531857 0.717466 0.531082 0.720223 0.530500 0.721832 0.530759 0.723325 0.531340 0.725278 0.530759 0.725393 0.530078 0.726019 0.529661 0.724537 0.529089 0.721667 0.530286 0.718611 0.530286 0.716481 0.528880 0.715463 0.528776 0.720093 0.528932 0.724537 0.529141 0.726759 0.527266 0.726852 0.527057 0.715926 0.526589 0.708796 0.526120 0.703981 0.525026 0.699537 0.525443 0.694722 0.526432 0.692685
6 0.479911 0.694591 0.478698 0.694689 0.478533 0.697237 0.479194 0.697825 0.478974 0.701156 0.478919 0.707329 0.479249 0.715461 0.479525 0.721830 0.480903 0.722320 0.482446 0.721928 0.482391 0.718597 0.496004 0.718695 0.496390 0.722516 0.498539 0.723104 0.498484 0.713306 0.498650 0.703018 0.497603 0.691848 0.496666 0.685773 0.495784 0.684401 0.490438 0.683617 0.485808 0.683813 0.481729 0.685087
6 0.456652 0.717911 0.442874 0.717813 0.442763 0.721536 0.439567 0.721634 0.439071 0.709093 0.439181 0.701450 0.438630 0.700666 0.440173 0.696943 0.441330 0.698021 0.443370 0.691750 0.455991 0.691750 0.457314 0.694102 0.457865 0.699099 0.459463 0.698805 0.461006 0.698903 0.460290 0.701254 0.459408 0.701548 0.459188 0.710366 0.459188 0.714188 0.459463 0.720361 0.459188 0.721830 0.456928 0.721830
6 0.457755 0.694395 0.458967 0.691358 0.465636 0.690770 0.471147 0.691946 0.472140 0.697139 0.473683 0.696453 0.474124 0.697139 0.474179 0.698805 0.473076 0.700078 0.473242 0.704782 0.473021 0.713404 0.472801 0.717225 0.471092 0.717519 0.470872 0.714972 0.459463 0.714972 0.459298 0.711836 0.459408 0.708113 0.459518 0.702136 0.459904 0.701548 0.460841 0.700862 0.461117 0.699295 0.460731 0.698511 0.459298 0.698217 0.458140 0.698707 0.458030 0.698707
6 0.471478 0.691358 0.475502 0.691652 0.476659 0.694297 0.477541 0.695571 0.477596 0.697825 0.477431 0.700372 0.477596 0.704488 0.477541 0.706251 0.476549 0.706251 0.475998 0.703116 0.473958 0.703704 0.473187 0.703508 0.473352 0.701254 0.473297 0.699980 0.474454 0.699197 0.474399 0.697335 0.474179 0.696747 0.473848 0.696159 0.472691 0.696551 0.472195 0.696943 0.471699 0.693808
6 0.418433 0.714142 0.418050 0.716748 0.417030 0.715615 0.415436 0.711988 0.414608 0.710968 0.414416 0.704168 0.415628 0.698728 0.415819 0.697595 0.415691 0.696235 0.416520 0.694422 0.417221 0.694422 0.418879 0.691588 0.423532 0.691475 0.429334 0.691362 0.430609 0.692042 0.431374 0.694648 0.431820 0.697142 0.432139 0.697482 0.433414 0.697708 0.434370 0.698388 0.434115 0.699635 0.432521 0.699748 0.432904 0.701335 0.433477 0.703828 0.433605 0.705528 0.433860 0.708362 0.433732 0.713008 0.433414 0.717202 0.432394 0.717315 0.430864 0.717542 0.430672 0.715048
6 0.356292 0.707662 0.364654 0.685454 0.368079 0.681514 0.385507 0.679902 0.404547 0.681514 0.409786 0.689394 0.411801 0.697991 0.412808 0.705692 0.413816 0.710527 0.416838 0.716079 0.418651 0.720736 0.419457 0.727183 0.420162 0.739899 0.419356 0.756734 0.419155 0.763540 0.416536 0.764793 0.413916 0.764614 0.412909 0.768554 0.410894 0.771778 0.409182 0.772494 0.404245 0.772315 0.403540 0.767301 0.403439 0.761211 0.371706 0.760674 0.371605 0.766047 0.367072 0.766226 0.365762 0.764614 0.365561 0.761211 0.360523 0.761749 0.360322 0.773032 0.355688 0.773569 0.351658 0.772853 0.351860 0.757988 0.350651 0.739362 0.350248 0.723422 0.351557 0.716796
6 0.243364 0.684144 0.233246 0.684144 0.226110 0.684522 0.219187 0.693611 0.214607 0.701185 0.213116 0.709706 0.212690 0.718416 0.212903 0.722771 0.215672 0.722771 0.217163 0.718606 0.227068 0.718984 0.233566 0.718416 0.235483 0.717091 0.236441 0.721067 0.238039 0.722582 0.239850 0.722771 0.241447 0.721257 0.241767 0.713304
6 0.178393 0.710842 0.177648 0.715387 0.174666 0.715576 0.172642 0.712357 0.171151 0.704972 0.172003 0.698534 0.174879 0.693611 0.177115 0.689446 0.178819 0.688309 0.181908 0.683765 0.183612 0.679789 0.186808 0.678653 0.201400 0.677706 0.207364 0.679599 0.209281 0.685659 0.210879 0.690960 0.211944 0.697966 0.211305 0.704594 0.210559 0.710464 0.209388 0.714440 0.207577 0.714819 0.205873 0.714061 0.205766 0.710842 0.202997 0.709895 0.199056 0.710653 0.198311 0.715576 0.195648 0.716523 0.194263 0.714819 0.193411 0.711600 0.192133 0.711600 0.190855 0.711789 0.190536 0.715008 0.188938 0.715576 0.187127 0.714629 0.187234 0.711978
6 0.129006 0.679839 0.112666 0.678629 0.102340 0.679234 0.096099 0.680243 0.088496 0.688514 0.085886 0.692145 0.085206 0.689522 0.081461 0.689119 0.080326 0.693960 0.083163 0.694565 0.084525 0.695372 0.079305 0.699810 0.073745 0.705257 0.072610 0.714133 0.071476 0.726640 0.071362 0.734507 0.072156 0.738744 0.072837 0.740761 0.077603 0.741971 0.079646 0.741770 0.080326 0.736323 0.081801 0.734507 0.100638 0.734709 0.100070 0.738138 0.102680 0.739349 0.106425 0.739349 0.106992 0.733700 0.108694 0.735314 0.109262 0.738542 0.112552 0.738744 0.116524 0.739349 0.117999 0.737937 0.118226 0.731885 0.124013 0.731481 0.127303 0.697995
6 0.155898 0.683067 0.160210 0.684277 0.164749 0.690127 0.165770 0.695574 0.168607 0.696179 0.170196 0.699003 0.170082 0.712317 0.169061 0.716755 0.167359 0.717361 0.166905 0.723816 0.165203 0.724824 0.162707 0.724824 0.161912 0.719781 0.159756 0.719781 0.158168 0.719781
6 0.000577 0.680481 0.010561 0.680908 0.017056 0.690745 0.022830 0.691387 0.025356 0.692456 0.026318 0.699726 0.026799 0.710632 0.027040 0.721752 0.026078 0.726242 0.022950 0.726670 0.022108 0.732016 0.019943 0.733727 0.012967 0.734582 0.011644 0.731161 0.010080 0.729664 0.000337 0.730519
6 0.311461 0.681886 0.316286 0.682106 0.318389 0.686065 0.319131 0.691123 0.320492 0.694203 0.320987 0.698161 0.321234 0.703660 0.321358 0.708718 0.320987 0.712677 0.319007 0.712237 0.318141 0.709378 0.315914 0.708498 0.315791 0.712237 0.314801 0.713557 0.313811 0.713997 0.312698 0.709378 0.311090 0.698161 0.311090 0.685845
6 0.302306 0.691783 0.301687 0.702560 0.301440 0.708938 0.299089 0.708938 0.299089 0.713777 0.296986 0.713997 0.296244 0.713337 0.296368 0.700141 0.297110 0.694862 0.298223 0.692443 0.296986 0.692223 0.296986 0.688704 0.298966 0.688044 0.299708 0.688484 0.301069 0.684086 0.301564 0.681886 0.303543 0.682106
6 0.296107 0.707552 0.290372 0.707223 0.289816 0.709855 0.287596 0.710677 0.286764 0.708046 0.287319 0.695053 0.288614 0.691270 0.290464 0.687652 0.293517 0.683376 0.296385 0.684034 0.300363 0.683705 0.300825 0.683705 0.299715 0.686994 0.297032 0.687817 0.296570 0.689626 0.296477 0.692422 0.297680 0.692586 0.297402 0.693408 0.296662 0.695217 0.296477 0.697191 0.295830 0.700809 0.295922 0.703934
6 0.320252 0.690612 0.322195 0.689132 0.324045 0.683541 0.324508 0.682718 0.331909 0.682389 0.337367 0.683376 0.339217 0.686336 0.338569 0.696204 0.338014 0.704427 0.336812 0.703605 0.336997 0.700809 0.335979 0.701303 0.335609 0.705908 0.333944 0.706401 0.333296 0.704592 0.333296 0.702618 0.326913 0.702289 0.326266 0.705908 0.324415 0.705579 0.324415 0.703276 0.323583 0.702947 0.323120 0.702947 0.322380 0.706565 0.322103 0.706565 0.321918 0.706072 0.321733 0.703112 0.321548 0.699493 0.321362 0.697027 0.320715 0.692915
