2 0.334239 0.977053 0.359601 0.978663 0.356431 0.924718 0.284420 0.972222 0.312953 0.970612 0.298460 0.989936 0.326087 0.989130
2 0.644928 0.982689 0.617301 0.981884 0.622736 0.924718 0.697464 0.981884 0.669384 0.981079 0.677989 0.993156 0.651721 0.992351
6 0.386322 0.894928 0.469203 0.892512 0.471467 0.904589 0.500000 0.908615 0.502717 0.831320 0.501812 0.799114 0.498188 0.781401 0.495924 0.774960 0.504982 0.774960 0.506793 0.769324 0.501812 0.758857 0.495018 0.758052 0.491395 0.763688 0.482337 0.724235 0.476902 0.708132 0.402174 0.707327 0.385870 0.727456 0.380888 0.747585 0.374547 0.746779 0.369112 0.754831 0.370471 0.762077 0.373188 0.766103 0.367754 0.795894 0.363225 0.836151 0.365489 0.865137 0.364583 0.894928 0.366395 0.909420 0.374547 0.914251 0.385870 0.918277
4 0.736486 0.785160 0.734375 0.795420 0.734375 0.808934 0.734375 0.818944 0.733390 0.824700 0.730293 0.822948 0.726070 0.821196 0.724803 0.818193 0.725929 0.816441 0.727900 0.813438 0.727337 0.794670 0.727055 0.782908 0.727759 0.776151 0.727900 0.772898 0.726914 0.771146 0.726492 0.760886 0.726492 0.752377 0.727196 0.745871 0.728041 0.731356 0.730152 0.728854 0.732404 0.726351 0.731700 0.722598 0.731700 0.717843 0.731700 0.711587 0.735360 0.711587 0.737331 0.712337 0.738035 0.717342 0.737331 0.721096 0.738316 0.724850 0.740569 0.728353 0.742821 0.733859 0.745355 0.742618 0.746340 0.747873 0.744932 0.753128 0.744510 0.758884 0.744792 0.769895 0.744651 0.776652 0.743666 0.781156 0.743243 0.788914 0.743384 0.798173 0.744369 0.809184 0.744369 0.818193 0.743384 0.821196 0.742117 0.821697 0.739724 0.822447 0.738598 0.817192 0.737894 0.808934 0.737613 0.797923 0.737613 0.790916
4 0.662303 0.727352 0.662303 0.724850 0.662162 0.722097 0.662021 0.719595 0.665541 0.719845 0.666526 0.722097 0.666526 0.725350 0.668497 0.726852 0.670045 0.733358 0.670890 0.741116 0.670186 0.745621 0.669623 0.750626 0.669060 0.756632 0.669200 0.762137 0.668356 0.768644 0.667089 0.773899 0.666104 0.779404 0.666667 0.784409 0.666667 0.787162 0.664837 0.786912 0.663570 0.785410 0.663148 0.778403 0.662866 0.771647 0.661599 0.766141 0.660614 0.758133 0.660614 0.752127 0.659488 0.743869 0.659065 0.740866 0.658784 0.735611 0.658643 0.731356 0.660332 0.728854
4 0.644707 0.728353 0.645411 0.723348 0.646959 0.721096 0.649071 0.721096 0.649634 0.724850 0.649634 0.728103 0.650760 0.729354 0.652027 0.733358 0.652449 0.739364 0.652449 0.742868 0.652590 0.745871 0.653153 0.747122 0.653294 0.749625 0.652872 0.750125 0.652168 0.750125 0.652449 0.755881 0.652590 0.760636 0.651886 0.765641 0.651605 0.771396 0.650760 0.776652 0.649352 0.779905 0.649916 0.783158 0.650197 0.785410 0.648367 0.786912 0.646959 0.786912 0.645833 0.785160 0.646115 0.781406 0.645693 0.776151 0.645693 0.769645 0.644426 0.761386 0.644003 0.755881 0.643863 0.749875 0.643722 0.746121 0.642736 0.741366 0.642033 0.737613 0.642033 0.733609 0.642736 0.731106
6 0.514640 0.749374 0.511965 0.748373 0.512106 0.745120 0.513373 0.742618 0.516610 0.741617 0.517314 0.740616 0.519285 0.733358 0.520833 0.730606 0.526182 0.729104 0.534065 0.728353 0.543215 0.727853 0.546312 0.728103 0.548423 0.730606 0.551098 0.735861 0.551943 0.740866 0.552787 0.740616 0.554617 0.741366 0.557010 0.743869 0.556166 0.745370 0.557010 0.750375 0.558277 0.762638 0.558136 0.773148 0.557010 0.780155 0.556729 0.785410 0.555321 0.788163 0.549268 0.788914 0.548705 0.787162 0.548564 0.783158 0.542230 0.781156 0.530124 0.781156 0.524071 0.780656 0.521959 0.783158 0.522100 0.787663 0.520411 0.789665 0.516047 0.788914 0.515343 0.785160 0.514358 0.785160 0.513795 0.783408 0.513795 0.777402 0.513514 0.770896 0.513373 0.764640 0.513373 0.758884 0.513936 0.755130
6 0.548846 0.729104 0.566301 0.727853 0.575310 0.730105 0.585586 0.738864 0.591498 0.743869 0.603041 0.747873 0.607827 0.753629 0.610220 0.761136 0.610642 0.768143 0.609938 0.771396 0.606278 0.771897 0.604026 0.772147 0.602759 0.774650 0.602055 0.777653 0.598536 0.777903 0.593891 0.777903 0.592483 0.776401 0.590653 0.773899 0.582066 0.771897 0.558699 0.773148 0.558277 0.766391 0.558559 0.759885 0.558136 0.752628 0.557010 0.747122 0.557855 0.745621 0.557292 0.743118 0.555180 0.740365 0.554336 0.738864 0.553069 0.738363 0.551661 0.732357 0.550113 0.731607
6 0.513232 0.770896 0.511402 0.772147 0.510135 0.775651 0.507883 0.776151 0.506475 0.774149 0.507883 0.769144 0.506898 0.766141 0.505771 0.763639 0.505349 0.754880 0.505490 0.750626 0.505631 0.748874 0.506757 0.743619 0.509854 0.738363 0.509994 0.734359 0.512528 0.731857 0.517173 0.731106 0.518300 0.731356 0.519003 0.731356 0.518159 0.734109 0.517314 0.736111 0.517314 0.739114 0.514499 0.740115 0.513091 0.741366 0.511824 0.742618 0.510698 0.745621 0.510557 0.748874 0.512669 0.748874 0.513795 0.750375 0.513373 0.753128 0.513232 0.756131 0.512810 0.759635 0.512669 0.763639 0.513232 0.766892
6 0.497466 0.754129 0.497748 0.747122 0.498452 0.740115 0.498874 0.735861 0.498311 0.733609 0.500422 0.731857 0.500985 0.730606 0.502393 0.725601 0.502815 0.722848 0.504082 0.720095 0.509431 0.719845 0.517596 0.720345 0.521678 0.720345 0.523789 0.720846 0.524775 0.724099 0.524352 0.726602 0.523508 0.729104 0.519566 0.730355 0.517877 0.730606 0.514499 0.730606 0.512247 0.731607 0.510980 0.732107 0.508727 0.735360 0.508024 0.739865 0.506616 0.742367 0.504505 0.749374 0.505208 0.754379 0.505208 0.757883 0.505208 0.760385 0.505068 0.762387 0.503378 0.761637 0.502534 0.759134 0.501267 0.756632 0.499718 0.756381 0.498592 0.755881
