6 0.064538 0.998390 0.067255 0.988728 0.074502 0.979066 0.087183 0.970209 0.100317 0.953301 0.109828 0.926731 0.116168 0.894525 0.122056 0.839775 0.122509 0.807568 0.118886 0.772947 0.122056 0.739130 0.121603 0.696457 0.091259 0.628824 0.063632 0.574074 0.063632 0.548309 0.001132 0.529791 0.001132 1.000000
6 0.126132 0.886473 0.140625 0.887279 0.154212 0.878422 0.162817 0.864734 0.169611 0.852657 0.184556 0.839775 0.194973 0.834138 0.209466 0.830918 0.215806 0.847826 0.223505 0.862319 0.239357 0.865539 0.247509 0.854267 0.254755 0.838969 0.262908 0.826892 0.271513 0.820451 0.285100 0.815620 0.290987 0.790660 0.291440 0.747987 0.287817 0.713366 0.287364 0.698068 0.269701 0.637681 0.263361 0.615942 0.182745 0.603060 0.126132 0.602254 0.083560 0.607085 0.100317 0.637681 0.117527 0.669887 0.124774 0.708535 0.124321 0.740741 0.121603 0.773752 0.125679 0.814010 0.124774 0.844605 0.124774 0.866345
6 0.312274 0.773752 0.361187 0.770531 0.368886 0.774557 0.373868 0.780998 0.376132 0.790660 0.382473 0.793881 0.388361 0.783414 0.388361 0.775362 0.393795 0.772142 0.401042 0.772142 0.401947 0.777778 0.406024 0.780998 0.409647 0.774557 0.411005 0.762480 0.411458 0.740741 0.410553 0.719807 0.405571 0.710950 0.403306 0.704509 0.409647 0.702899 0.409647 0.694042 0.401947 0.690016 0.401042 0.697262 0.391984 0.675523 0.383832 0.665056 0.367527 0.662641 0.343976 0.661031 0.329484 0.660225 0.321332 0.664251 0.312274 0.671498 0.303216 0.693237 0.295969 0.698873 0.291440 0.713366 0.290987 0.726248 0.292799 0.756844 0.293252 0.768921 0.295063 0.777778 0.295516 0.789050 0.305027 0.792271 0.310462 0.786634
4 0.704235 0.674712 0.702527 0.668033 0.703723 0.659836 0.706796 0.657711 0.712432 0.661658 0.713627 0.669551 0.715164 0.679872 0.716359 0.702641 0.716701 0.710534 0.714993 0.719945 0.714139 0.729964 0.714822 0.741803 0.715676 0.747875 0.717555 0.752732 0.717555 0.759715 0.716359 0.761536 0.717213 0.766697 0.714652 0.770644 0.708675 0.770036 0.706796 0.769429 0.710895 0.756679 0.709187 0.747268 0.705601 0.739071 0.702527 0.731481 0.702527 0.722374 0.701844 0.711445 0.704406 0.705981 0.705089 0.696873 0.700990 0.693534 0.696551 0.690194 0.695526 0.685033 0.696892 0.681390 0.700307 0.685337 0.702186 0.689284 0.703723 0.690194 0.704747 0.686248 0.704747 0.681998
2 0.065972 0.997042 0.184245 0.917953 0.164714 0.917310 0.252966 0.873585 0.226562 0.920525 0.202691 0.920525 0.114002 1.000000
2 0.509404 0.923740 0.485532 0.923740 0.518084 0.874871 0.552445 0.923740 0.529659 0.923097 0.543764 0.998328 0.493490 0.998328
6 0.562268 0.718115 0.562268 0.723462 0.559397 0.723705 0.557483 0.723948 0.556116 0.706693 0.555022 0.697458 0.556936 0.687737 0.558987 0.676315 0.561037 0.671454 0.568829 0.669996 0.579629 0.669996 0.583593 0.677773 0.584960 0.687251 0.585780 0.698187 0.585917 0.711553 0.586327 0.719573 0.585233 0.722976 0.583730 0.722247 0.581816 0.718601 0.581953 0.716171 0.570743 0.715928
6 0.440193 0.715685 0.461245 0.716900 0.465620 0.718844 0.466030 0.722733 0.470951 0.723219 0.471908 0.719087 0.473412 0.720059 0.474368 0.721517 0.474232 0.712769 0.474505 0.704020 0.474505 0.699402 0.474368 0.693813 0.473685 0.687737 0.470951 0.682147 0.467533 0.670239 0.466030 0.664407 0.460972 0.663434 0.451676 0.662948 0.443337 0.663191 0.438826 0.663191 0.436775 0.665136 0.435272 0.677530 0.433221 0.682633 0.432401 0.693813 0.432674 0.701346 0.433221 0.713498 0.433631 0.721031 0.434588 0.723948 0.437322 0.723948 0.439510 0.723948 0.439646 0.719330
6 0.468348 0.671037 0.478838 0.671686 0.481447 0.674933 0.481760 0.679201 0.483013 0.683005 0.485153 0.687922 0.486457 0.691726 0.486823 0.698221 0.487553 0.703973 0.486614 0.707313 0.486353 0.709632 0.485831 0.712230 0.484057 0.713529 0.481708 0.714549 0.480351 0.714921 0.478942 0.714828 0.476489 0.715570 0.474506 0.715199 0.474663 0.710931 0.474611 0.705272 0.475289 0.700726 0.475028 0.697664 0.474715 0.693674 0.474558 0.691633 0.474193 0.687829 0.473358 0.685603 0.472262 0.683376 0.470905 0.681057 0.469496 0.675397
6 0.548482 0.673529 0.539432 0.674186 0.537647 0.675609 0.536538 0.681519 0.536415 0.685897 0.535984 0.688633 0.535923 0.692463 0.536107 0.695419 0.536661 0.697279 0.538447 0.697279 0.538570 0.696294 0.539617 0.695419 0.541094 0.695309 0.545527 0.694871 0.548667 0.695419 0.549282 0.695419 0.549713 0.688523 0.549959 0.682613 0.550021 0.677469
6 0.479161 0.671012 0.485933 0.671340 0.487903 0.673967 0.489195 0.679001 0.489503 0.682832 0.491104 0.685678 0.492397 0.691478 0.492212 0.696951 0.490981 0.701438 0.491596 0.705050 0.490796 0.706254 0.490057 0.706692 0.488949 0.706692 0.487903 0.707129 0.487041 0.706801 0.487595 0.703955 0.487595 0.702533 0.487164 0.699140 0.487102 0.696075 0.486918 0.693230 0.486610 0.691041 0.485502 0.687101 0.483901 0.683708 0.482670 0.680862 0.481869 0.678783 0.481931 0.676594 0.481315 0.674514
