2 0.115747 0.966411 0.158450 0.969603 0.239583 0.913531 0.256184 0.914269 0.275066 0.886602 0.201195 0.913900 0.220701 0.914269
2 0.494248 0.920385 0.474377 0.919270 0.504079 0.891752 0.526669 0.921501 0.509308 0.921129 0.518930 0.979139 0.469984 0.977651
3 0.878284 0.991782 0.836241 0.992526 0.769725 0.930425 0.751945 0.931541 0.739813 0.902164 0.802146 0.928194 0.783321 0.929310 0.803401 0.942325 0.816788 0.940094 0.804238 0.930425 0.854020 0.947159 0.856321 0.965380 0.834358 0.951249 0.820135 0.953481
4 0.966699 0.748055 0.970428 0.747834 0.972541 0.753801 0.973536 0.756895 0.977016 0.761977 0.977886 0.767944 0.978135 0.781645 0.978632 0.785844 0.980248 0.786286 0.981367 0.797335 0.982361 0.807500 0.982237 0.810373 0.978756 0.809931 0.979129 0.815014 0.977265 0.815014 0.974157 0.815456 0.973038 0.815898 0.972168 0.805732 0.971795 0.799987 0.970552 0.790926 0.969558 0.786507 0.964834 0.786507 0.966450 0.777446 0.964959 0.775678 0.963218 0.771701 0.965332 0.760872 0.965953 0.756453 0.965705 0.752696
5 0.653736 0.738243 0.652576 0.732513 0.652576 0.722658 0.655412 0.716470 0.658764 0.715324 0.661858 0.716470 0.664307 0.720824 0.665081 0.727471 0.664436 0.734346 0.664307 0.737784 0.666241 0.738243 0.669206 0.740305 0.672945 0.748098 0.675008 0.755203 0.674621 0.765058 0.673074 0.768954 0.672300 0.773309 0.671914 0.785226 0.671785 0.793477 0.674234 0.810208 0.673847 0.822814 0.674621 0.831752 0.676942 0.833815 0.680938 0.840690 0.679133 0.845962 0.676426 0.847795 0.673976 0.852379 0.670367 0.853067 0.669077 0.853296 0.669335 0.865214 0.661987 0.866360 0.660053 0.861317 0.658893 0.853525 0.658893 0.847795 0.657088 0.847795 0.656186 0.856504 0.654510 0.859255 0.652189 0.859713 0.651544 0.856275 0.651287 0.850316 0.651287 0.849170 0.647548 0.850316 0.645872 0.848483 0.646130 0.841378 0.647548 0.834731 0.646774 0.831294 0.645872 0.831064 0.644325 0.816396 0.643294 0.800582 0.644841 0.792331 0.647806 0.787977 0.650642 0.769183 0.649611 0.760703 0.648064 0.760474 0.644841 0.765516 0.641102 0.766204 0.639813 0.762995 0.640328 0.760245 0.637492 0.758182 0.637492 0.752682 0.642004 0.751994 0.643809 0.754515 0.647419 0.746952 0.649482 0.741222
6 0.496584 0.728617 0.519016 0.726096 0.542479 0.730450 0.549827 0.755890 0.553695 0.755661 0.557433 0.760016 0.557305 0.763453 0.553179 0.765287 0.555242 0.771704 0.557047 0.782476 0.557691 0.804708 0.556660 0.829918 0.557433 0.846649 0.544799 0.847337 0.543510 0.829002 0.494134 0.828314 0.493361 0.845962 0.481500 0.845503 0.481371 0.818230 0.480340 0.800353 0.481758 0.775371 0.487301 0.761620 0.483950 0.764370 0.478019 0.763683 0.479180 0.757494 0.483434 0.753827 0.486528 0.754286 0.487559 0.754973
6 0.550472 0.754057 0.554210 0.741451 0.557433 0.739389 0.569294 0.740305 0.575611 0.740764 0.579479 0.750619 0.583217 0.762766 0.584249 0.772621 0.583733 0.784310 0.583346 0.793019 0.583604 0.796686 0.579221 0.797373 0.578318 0.791873 0.568649 0.790269 0.558336 0.789581 0.557949 0.789123 0.558078 0.783622 0.557305 0.777892 0.556144 0.771704 0.554984 0.768037 0.554339 0.766433 0.557433 0.765287 0.558207 0.762995 0.558078 0.759786 0.556531 0.756807 0.554210 0.754744
6 0.482660 0.769871 0.472863 0.769642 0.472089 0.773767 0.469897 0.774684 0.467319 0.772850 0.467577 0.757953 0.468093 0.752452 0.468995 0.750390 0.467706 0.749702 0.468221 0.747181 0.469897 0.747410 0.471315 0.741910 0.485754 0.741222 0.487301 0.750160 0.487688 0.751765 0.487173 0.753369 0.485110 0.753140 0.482918 0.753598 0.481113 0.755203 0.478922 0.757036 0.478277 0.760474 0.477890 0.762995 0.478148 0.765058 0.483047 0.764829 0.485626 0.764370
6 0.380427 0.732971 0.418330 0.735034 0.422842 0.740764 0.425549 0.749931 0.426194 0.754744 0.429804 0.754973 0.432253 0.757494 0.430448 0.762537 0.428514 0.761620 0.428643 0.765975 0.429804 0.769183 0.431737 0.775830 0.431995 0.787289 0.431995 0.803103 0.430706 0.811583 0.426709 0.811812 0.425162 0.810437 0.424905 0.806770 0.424260 0.805395 0.422842 0.806999 0.422971 0.812729 0.421295 0.817313 0.415494 0.817771 0.413560 0.817771 0.412786 0.808145 0.395769 0.807458 0.380299 0.808145 0.372177 0.807916 0.370372 0.817084 0.364055 0.817771 0.363152 0.804478 0.363281 0.787060 0.365473 0.775371 0.366633 0.761849 0.372177 0.754057
6 0.153779 0.789055 0.125289 0.787868 0.123286 0.794595 0.116164 0.796178 0.113048 0.789846 0.111935 0.780745 0.114606 0.768479 0.118835 0.755817 0.124844 0.747111 0.132857 0.734053 0.140870 0.724953 0.151331 0.724557 0.162905 0.724161 0.176928 0.722974 0.185608 0.725744 0.192285 0.733658 0.194289 0.744737 0.195179 0.764522 0.194511 0.774810 0.191840 0.782724 0.190282 0.791429 0.185608 0.793803 0.181379 0.787472 0.180711 0.785098 0.166244 0.785890 0.163795 0.787077 0.161347 0.796178 0.156895 0.794595
6 0.071648 0.785098 0.069867 0.791825 0.062522 0.793012 0.060742 0.784702 0.060519 0.769270 0.062077 0.757399 0.072761 0.747111 0.082332 0.734053 0.090567 0.727722 0.122396 0.727327 0.127960 0.732075 0.129296 0.738010 0.122396 0.750673 0.117054 0.757004 0.114160 0.765709 0.112825 0.771249 0.112825 0.778371 0.112157 0.782724 0.109486 0.782328 0.108373 0.789451 0.103922 0.792616 0.099248 0.792616 0.096577 0.789055 0.095464 0.784307
8 0.134860 0.734449 0.135528 0.706751 0.135528 0.702002 0.133302 0.702002 0.131522 0.716247 0.130186 0.715060 0.131076 0.695275 0.134638 0.688944 0.135973 0.688549 0.139312 0.679448 0.156005 0.676678 0.176482 0.677469 0.207421 0.685383 0.227898 0.689340 0.243033 0.696067 0.243924 0.734449 0.236579 0.747507 0.230569 0.753838 0.229901 0.768083 0.228121 0.771249 0.223446 0.772832 0.219885 0.772040 0.218327 0.767688 0.217659 0.764918 0.196292 0.767688 0.195402 0.761752 0.194956 0.753838 0.194511 0.748299 0.195179 0.739989 0.191840 0.730492 0.187389 0.726140 0.183160 0.724161 0.178708 0.722183 0.151554 0.721787 0.143986 0.723765 0.140202 0.724557
