2 0.065430 0.819252 0.000000 0.867569 0.000000 0.843364 0.039931 0.822145 0.017687 0.823110 0.139214 0.765239 0.088759 0.821181
2 0.431098 0.820216 0.407769 0.820216 0.446289 0.768133 0.479926 0.821181 0.454427 0.819252 0.472331 0.951389 0.396918 0.951389
3 0.999674 0.971644 0.970378 0.984182 0.800564 0.827932 0.781033 0.832755 0.744683 0.776813 0.848307 0.827932 0.830946 0.830826 0.875977 0.861690 0.884657 0.856867 0.892253 0.858796 0.853733 0.833719 0.958442 0.861690 0.950304 0.898341 0.916667 0.873264 0.906359 0.875193 0.904188 0.880015 0.998047 0.942708
6 0.700681 0.641741 0.642180 0.638669 0.637243 0.651395 0.634281 0.651395 0.632800 0.649201 0.630579 0.654028 0.619964 0.655345 0.613300 0.653590 0.609350 0.645691 0.606882 0.636475 0.602192 0.635159 0.597502 0.629015 0.596515 0.615850 0.598736 0.606635 0.602932 0.595226 0.606141 0.591276 0.627617 0.586449 0.635762 0.583816 0.656744 0.556609 0.670073 0.551782 0.673776 0.543883 0.727834 0.545638 0.728574 0.553976 0.733758 0.555292 0.738695 0.571529 0.740669 0.578989 0.747087 0.576356 0.752271 0.576795 0.753505 0.593031 0.752765 0.614973 0.752024 0.622433 0.744619 0.622872 0.743385 0.634720 0.731289 0.636475 0.728821 0.640425 0.725365 0.651395 0.720675 0.659733 0.706852 0.661489 0.703150 0.655784
6 0.497199 0.623950 0.481604 0.622335 0.465707 0.623412 0.465555 0.631218 0.458591 0.631218 0.458894 0.615606 0.458742 0.593535 0.459196 0.587344 0.460408 0.582499 0.458137 0.583306 0.457228 0.580346 0.460559 0.575770 0.462073 0.576846 0.465707 0.561773 0.478576 0.559620 0.486601 0.559620 0.495534 0.560697 0.499621 0.570387 0.501136 0.577385 0.503255 0.575770 0.505072 0.578461 0.503861 0.581422 0.503558 0.582768 0.504164 0.589228 0.504921 0.600533 0.504315 0.611838 0.503861 0.622604 0.504164 0.628795 0.503709 0.632294 0.500076 0.632564 0.498107 0.632833
6 0.464676 0.564906 0.458075 0.564540 0.452712 0.565273 0.450959 0.566740 0.449515 0.572974 0.447865 0.577008 0.447040 0.583608 0.446731 0.590576 0.447246 0.594426 0.447349 0.599377 0.447659 0.604510 0.448071 0.605794 0.450443 0.605611 0.450340 0.599927 0.453228 0.600843 0.458179 0.600660 0.458282 0.599743 0.458385 0.592409 0.458385 0.589659 0.458797 0.585809 0.459829 0.584342 0.458488 0.584158 0.457250 0.582508 0.456735 0.579575 0.458591 0.577008 0.460241 0.574991 0.461273 0.575174 0.461892 0.575908 0.463542 0.568574
6 0.414552 0.574807 0.418884 0.563256 0.426516 0.561973 0.431982 0.561973 0.438274 0.563256 0.440852 0.566740 0.442502 0.574807 0.443327 0.576641 0.444152 0.573891 0.446215 0.574441 0.446421 0.575724 0.445287 0.577741 0.443946 0.578475 0.444977 0.581591 0.446009 0.584158 0.445493 0.590026 0.445184 0.598093 0.445390 0.607811 0.444049 0.612761 0.440749 0.612211 0.440233 0.607261 0.439717 0.605977 0.428373 0.605794 0.418162 0.605794 0.417750 0.612578 0.413005 0.612395 0.411665 0.612028 0.411871 0.602677 0.411046 0.596626 0.410943 0.588742 0.411974 0.583975 0.412696 0.579941
6 0.407230 0.601393 0.387015 0.600477 0.386396 0.606344 0.378558 0.606527 0.378249 0.594426 0.377836 0.583792 0.378352 0.576824 0.383096 0.559956 0.385468 0.554822 0.407230 0.554639 0.411046 0.563623 0.412696 0.571324 0.413830 0.573524 0.413934 0.575541 0.411355 0.582692 0.410530 0.589292 0.410530 0.594793 0.411355 0.599743 0.411252 0.606344 0.407745 0.606894
6 0.353084 0.636597 0.322865 0.636597 0.321627 0.641364 0.317193 0.642098 0.314408 0.641364 0.314614 0.638614 0.311933 0.637880 0.308529 0.636964 0.307601 0.643748 0.306157 0.647598 0.301825 0.648515 0.299041 0.645948 0.297906 0.631096 0.297494 0.624496 0.296256 0.603594 0.297700 0.589476 0.302444 0.579391 0.305951 0.570040 0.310901 0.559956 0.316986 0.553722 0.326578 0.551705 0.340295 0.551705 0.351021 0.552439 0.357931 0.555556 0.361644 0.566190 0.364429 0.576091 0.365357 0.579758 0.366594 0.580491 0.367420 0.575908 0.368863 0.575174 0.371442 0.576824 0.372473 0.580858 0.369585 0.581775 0.367729 0.583608 0.368760 0.586909 0.372061 0.594609 0.373195 0.604694 0.373298 0.613311 0.372576 0.627613 0.372061 0.635497 0.371236 0.640264 0.369482 0.641914 0.365357 0.641364 0.364429 0.636047 0.364016 0.629996 0.362778 0.631280 0.362160 0.638064 0.362469 0.642831 0.361953 0.646498 0.360406 0.647965 0.357003 0.648331 0.353909 0.645765
8 0.189233 0.563525 0.185876 0.549858 0.174723 0.546778 0.160755 0.545045 0.150793 0.546008 0.145487 0.547355 0.144837 0.563140
