2 0.017483 0.963848 0.068571 0.967386 0.176055 0.890717 0.198613 0.891307 0.226480 0.857690 0.136578 0.891897 0.158473 0.891307
2 0.478934 0.973284 0.425192 0.972694 0.460025 0.896025 0.439789 0.896615 0.476944 0.859460 0.497512 0.895435 0.477607 0.895435
3 0.884322 0.989207 0.832570 0.990387 0.757929 0.906641 0.739019 0.906641 0.722432 0.868306 0.794088 0.906641 0.776174 0.908410 0.800723 0.926693 0.819632 0.922564 0.803045 0.910179 0.886644 0.934360 0.863422 0.955591 0.843518 0.939667 0.830580 0.939667 0.826599 0.943206 0.828589 0.947924
1 0.234773 0.806971 0.743995 0.821125 0.685941 0.783970 0.312732 0.772765
4 0.810777 0.681402 0.810777 0.670954 0.812804 0.664109 0.819289 0.669873 0.819492 0.679241 0.819492 0.683924 0.823140 0.684645 0.825774 0.686446 0.827395 0.694372 0.829827 0.703379 0.831449 0.708063 0.831449 0.712387 0.832259 0.725357 0.831651 0.741930 0.829219 0.747694 0.825774 0.746253 0.824153 0.757062 0.821316 0.783002 0.820100 0.794891 0.821721 0.800656 0.823545 0.803538 0.821113 0.810383 0.816655 0.806060 0.814020 0.799215 0.813615 0.793450 0.814628 0.784443 0.810980 0.753098 0.807130 0.737606 0.805914 0.730040 0.804698 0.722474 0.800239 0.720673 0.799023 0.715989 0.800644 0.696534 0.804090 0.690049
4 0.619967 0.697953 0.619592 0.691958 0.621715 0.690403 0.623714 0.693068 0.624088 0.696620 0.625962 0.700617 0.627585 0.707279 0.627585 0.711497 0.624588 0.717715 0.625587 0.721489 0.625712 0.734590 0.625712 0.741029 0.625462 0.747025 0.625212 0.749911 0.618718 0.749911 0.618468 0.747691 0.620716 0.746136 0.620841 0.718825 0.618468 0.718159 0.619092 0.706612 0.620591 0.701950
4 0.613097 0.699507 0.612348 0.697065 0.613597 0.693512 0.615470 0.693068 0.616220 0.695732 0.616594 0.698619 0.618468 0.699729 0.619217 0.700617 0.619717 0.701283 0.619467 0.704614 0.618343 0.708389 0.618343 0.715272 0.618343 0.720379 0.618468 0.726597 0.618218 0.736589 0.618593 0.738587 0.614971 0.738365 0.614471 0.736366 0.612972 0.724820 0.612972 0.718603 0.611473 0.718603 0.610974 0.710831 0.610474 0.707279 0.612348 0.703060
6 0.552770 0.711275 0.558765 0.690625 0.577126 0.689293 0.594612 0.690847 0.597984 0.695288 0.600607 0.708167 0.602605 0.714384 0.605103 0.724376 0.606977 0.744138 0.605103 0.752354 0.605228 0.773004 0.596485 0.773448 0.591489 0.768563 0.591739 0.762568 0.569132 0.763678 0.560514 0.763012 0.559265 0.775002 0.550897 0.773670 0.550397 0.759015 0.549148 0.744582 0.550272 0.726597 0.551396 0.717937 0.547275 0.717493 0.546026 0.712830 0.548149 0.709277 0.550772 0.710165
6 0.522420 0.743472 0.522295 0.755684 0.518423 0.755906 0.517548 0.748357 0.516299 0.746803 0.501686 0.743694 0.486948 0.744582 0.486448 0.754352 0.479954 0.754574 0.480453 0.730371 0.480578 0.718603 0.483701 0.706835 0.484700 0.704614 0.482701 0.705502 0.481577 0.704614 0.482327 0.699063 0.484700 0.700617 0.486948 0.691736 0.489071 0.687739 0.498813 0.687073 0.508056 0.686628 0.515800 0.689737 0.518048 0.699729 0.518797 0.702838 0.521670 0.701505 0.523294 0.701505 0.523169 0.703504 0.522295 0.705058 0.520921 0.707279 0.522045 0.713718 0.523044 0.724598
6 0.479329 0.719491 0.470336 0.718603 0.469087 0.720601 0.468962 0.723044 0.467214 0.722822 0.466714 0.716604 0.466964 0.708611 0.467214 0.703504 0.468588 0.698175 0.469962 0.696176 0.478580 0.695510 0.482826 0.695954 0.484575 0.696176 0.484825 0.698175 0.484450 0.699729 0.482452 0.698397 0.481203 0.702838 0.481203 0.705058 0.482826 0.706390 0.482576 0.709055 0.480953 0.715272
6 0.550397 0.722156 0.542154 0.722822 0.541904 0.725042 0.540655 0.725486 0.539031 0.725486 0.537782 0.720157 0.538282 0.711720 0.538157 0.706612 0.538282 0.702616 0.540030 0.690181 0.543653 0.689071 0.549648 0.688849 0.554394 0.690403 0.555393 0.696176 0.555143 0.701728 0.553395 0.708611 0.552645 0.710165 0.550272 0.708389 0.548274 0.707945 0.546026 0.710387 0.544902 0.713718 0.546151 0.716382 0.546775 0.718603 0.549148 0.718381 0.550772 0.718603
6 0.526791 0.700173 0.528540 0.695066 0.529914 0.694400 0.532911 0.694400 0.534785 0.693956 0.535659 0.696620 0.536283 0.700617 0.536658 0.703948 0.536533 0.706835 0.536658 0.710387 0.535784 0.709943 0.534910 0.709499 0.534535 0.707723 0.528665 0.707945 0.528415 0.709721 0.527166 0.710387 0.526791 0.706390 0.526791 0.702616
6 0.522669 0.716160 0.524168 0.715272 0.524418 0.718825 0.526167 0.719047 0.526291 0.713274 0.526167 0.706612 0.525542 0.701283 0.525042 0.699063 0.524168 0.696620 0.523169 0.695732 0.521046 0.696398 0.517798 0.696620 0.518548 0.698841 0.519297 0.700395 0.519422 0.701061 0.521295 0.701061 0.522295 0.699951 0.523544 0.700839 0.523419 0.702616 0.523044 0.703948 0.522544 0.705946 0.521795 0.706390 0.521295 0.706835 0.522420 0.710609
1 0.384780 0.748357 0.477705 0.752576 0.480328 0.741029 0.406013 0.738587
6 0.161342 0.728801 0.161342 0.733337 0.157398 0.733956 0.154614 0.732719 0.153338 0.721171 0.154614 0.713540 0.157514 0.704879 0.159834 0.698899 0.161922 0.697455 0.164938 0.696630 0.169462 0.689825 0.171434 0.686526 0.180250 0.685495 0.194866 0.685082 0.200666 0.686732 0.204378 0.691269 0.205422 0.696218 0.207162 0.697249 0.209250 0.699311 0.210410 0.703848 0.209366 0.716427 0.208786 0.722408 0.207858 0.731275 0.206466 0.732513 0.203334 0.733337 0.202406 0.732513 0.201710 0.728594 0.201014 0.727357 0.191270 0.727770 0.190574 0.732306 0.188834 0.733337 0.186630 0.733337 0.184658 0.732306 0.183962 0.728388 0.182686 0.727563 0.180250 0.727976 0.180250 0.730863 0.178858 0.733750 0.176190 0.734162 0.174218 0.731481 0.174334 0.728801
6 0.272005 0.689000 0.276529 0.696630 0.278269 0.698280 0.280009 0.707354 0.280009 0.715190 0.278733 0.719108 0.276993 0.725089 0.274325 0.725295 0.273977 0.721583 0.273861 0.720346 0.267945 0.719727 0.266785 0.723645 0.265625 0.725089 0.264465 0.725707 0.262725 0.721789 0.258897 0.721171 0.252633 0.720552 0.248921 0.720552 0.247877 0.721171 0.246833 0.724470 0.245209 0.725707 0.242193 0.726120 0.241729 0.714159 0.242309 0.705498 0.245209 0.698280 0.248341 0.690444 0.254953 0.688175
6 0.312720 0.716221 0.309124 0.716221 0.308196 0.721789 0.306804 0.722614 0.305412 0.720758 0.305296 0.718283 0.300193 0.717871 0.299033 0.717665 0.298453 0.721171 0.296597 0.721583 0.295785 0.718490 0.295553 0.717665 0.293813 0.717871 0.292073 0.717252 0.291377 0.720346 0.291029 0.721583 0.288825 0.721789 0.288361 0.718902 0.288477 0.710241 0.288477 0.702817 0.289405 0.698899 0.289985 0.696630 0.288709 0.696218 0.288709 0.693125 0.289869 0.691475 0.290449 0.693743 0.292421 0.686526 0.294509 0.682401 0.299033 0.680545 0.306340 0.680751 0.313184 0.682195 0.315620 0.683226 0.315852 0.689825 0.316664 0.701167 0.316200 0.707148 0.315620 0.711891 0.315852 0.714571 0.315968 0.719315 0.314460 0.721171 0.313300 0.719727
