8 0.757473 0.876006 0.732111 0.876006 0.720335 0.873591 0.711730 0.874396 0.711277 0.904992 0.708560 0.917874 0.692255 0.923510 0.682745 0.920290 0.675498 0.910628 0.672781 0.893720 0.672781 0.881643 0.662817 0.877617 0.652400 0.878422 0.641531 0.878422 0.628850 0.876006 0.615716 0.876006 0.608922 0.878422 0.601676 0.880032 0.595335 0.880032 0.589447 0.880032 0.588542 0.914654 0.581748 0.916264 0.571784 0.913849 0.568614 0.887279 0.569973 0.876006 0.565897 0.867150 0.556839 0.861514 0.557745 0.867955 0.555027 0.876812 0.548687 0.880837 0.545063 0.874396 0.544158 0.859903 0.542346 0.851047 0.537817 0.849436 0.536458 0.826087 0.533288 0.787440 0.533741 0.755233 0.534194 0.745572 0.527400 0.743156 0.526042 0.704509 0.526042 0.695652 0.531929 0.695652 0.536458 0.689211 0.536911 0.659420 0.540082 0.643317 0.603940 0.553945 0.631114 0.542673 0.687274 0.541868 0.727129 0.549919 0.741168 0.557971 0.750226 0.599034 0.754755 0.646538 0.755208 0.689211 0.759737 0.793881 0.762002 0.854267
4 0.928668 0.764090 0.928668 0.752013 0.931839 0.741546 0.937726 0.735105 0.944520 0.740741 0.946332 0.746377 0.947237 0.756844 0.948143 0.762480 0.952219 0.764090 0.958560 0.771337 0.962183 0.778583 0.961730 0.785024 0.963089 0.789855 0.969882 0.802738 0.974411 0.813205 0.976676 0.831723 0.976223 0.847021 0.972600 0.849436 0.966712 0.842995 0.963995 0.830918 0.963089 0.826892 0.963089 0.835749 0.965806 0.848631 0.967618 0.864734 0.968524 0.881643 0.967618 0.895330 0.967165 0.904992 0.968071 0.917069 0.973505 0.924316 0.972147 0.930757 0.967618 0.928341 0.962636 0.923510 0.959466 0.920290 0.957201 0.914654 0.960824 0.903382 0.958560 0.893720 0.957654 0.880837 0.957201 0.871176 0.954937 0.860709 0.952672 0.855878 0.953578 0.868760 0.953125 0.880032 0.954031 0.890499 0.954484 0.905797 0.955389 0.913849 0.956295 0.923510 0.957654 0.932367 0.952672 0.933977 0.950408 0.930757 0.947690 0.916264 0.946784 0.904992 0.945426 0.891304 0.941803 0.871176 0.940444 0.860709 0.938632 0.845411 0.938179 0.830113 0.937726 0.818035 0.935462 0.809984 0.931386 0.811594 0.929121 0.804348 0.925951 0.787440 0.925951 0.779388 0.928216 0.772947
4 0.821784 0.767007 0.821784 0.753320 0.824955 0.746073 0.830842 0.749294 0.831748 0.758151 0.833107 0.762176 0.836277 0.764592 0.837636 0.775864 0.840353 0.782305 0.843976 0.791162 0.846694 0.801629 0.848505 0.806460 0.848958 0.814511 0.842618 0.817732 0.841712 0.823368 0.842165 0.838666 0.843524 0.851548 0.843524 0.866846 0.844429 0.878923 0.844429 0.886170 0.838089 0.889390 0.833107 0.886170 0.835824 0.873287 0.834918 0.861210 0.834013 0.872482 0.833560 0.879729 0.832654 0.885365 0.829937 0.889390 0.824955 0.889390 0.825408 0.884560 0.827672 0.878923 0.827186 0.869004 0.822234 0.870522 0.822234 0.843200 0.823596 0.825783 0.822690 0.812096 0.816598 0.794930 0.818161 0.778279 0.818161 0.773448
4 0.782616 0.764572 0.782787 0.755464 0.785178 0.749089 0.788593 0.747268 0.794057 0.749696 0.794399 0.755161 0.795253 0.758500 0.797302 0.762750 0.800717 0.767911 0.802596 0.769429 0.804645 0.770947 0.807548 0.777322 0.810963 0.789162 0.812671 0.795841 0.814549 0.808895 0.816598 0.825592 0.817794 0.839557 0.818818 0.855039 0.820014 0.868094 0.820184 0.881755 0.820355 0.891166 0.821209 0.899666 0.822234 0.905131 0.820697 0.907256 0.813354 0.908470 0.810451 0.907559 0.809939 0.903309 0.810963 0.900577 0.807889 0.891773 0.806011 0.885701 0.803791 0.872647 0.801571 0.859897 0.798839 0.851093 0.792350 0.831056 0.792862 0.818002 0.793374 0.806770 0.789447 0.788859 0.788251 0.778840 0.787227 0.773983 0.785690 0.771554 0.783982 0.771554 0.782787 0.770644
4 0.775615 0.743625 0.775786 0.734821 0.776981 0.730571 0.778347 0.729053 0.782787 0.727838 0.785348 0.732392 0.786544 0.738464 0.790984 0.742107 0.794399 0.745143 0.798839 0.750000 0.802766 0.756375 0.805669 0.760929 0.806694 0.764268 0.806865 0.767911 0.804474 0.768519 0.802937 0.767911 0.799522 0.764268 0.798327 0.761233 0.795936 0.756679 0.796107 0.753339 0.794228 0.748482 0.792350 0.747875 0.790642 0.746357 0.787227 0.745750 0.785007 0.749393 0.783641 0.751821 0.782104 0.756072 0.781762 0.762143 0.781592 0.765483 0.781762 0.770340 0.785348 0.772162 0.785690 0.775197 0.787398 0.781573 0.788764 0.787341 0.789447 0.793716 0.791325 0.800698 0.791837 0.806770 0.792179 0.812842 0.792179 0.820128 0.791496 0.826199 0.791325 0.833485 0.792008 0.838039 0.795082 0.846843 0.796960 0.853522 0.797643 0.856557 0.799351 0.866576 0.799522 0.869915 0.799351 0.874469 0.803108 0.886005 0.803620 0.890862 0.804986 0.896327 0.806694 0.899059 0.807548 0.901184 0.808572 0.903916 0.807548 0.907256 0.803791 0.907863 0.798327 0.907559 0.797131 0.906648 0.794911 0.905131 0.793887 0.904523 0.794570 0.895719 0.792691 0.889041 0.790130 0.880844 0.787910 0.872040 0.783641 0.858986 0.782275 0.850789 0.779713 0.841378 0.777493 0.831967 0.773395 0.773679 0.772541 0.758500 0.771346 0.747571 0.773224 0.744839
8 0.425545 0.798026 0.424277 0.797071 0.423993 0.792518 0.424277 0.790747 0.422712 0.790494 0.422712 0.788470 0.422427 0.776074 0.424562 0.749257 0.426270 0.748245 0.433243 0.747486 0.441069 0.748751 0.444058 0.748751 0.445338 0.751281 0.445765 0.759630 0.446335 0.767472 0.446335 0.773291 0.446335 0.778604 0.446192 0.780880 0.444911 0.780374 0.443488 0.776074 0.442919 0.773291 0.441923 0.771267 0.440500 0.769749 0.437512 0.769243 0.434666 0.769243 0.431820 0.769243 0.428973 0.769749 0.428120 0.772532 0.427408 0.775568 0.426697 0.778604 0.426554 0.782651 0.425700 0.786952 0.425599 0.790391
6 0.445334 0.798220 0.445334 0.801216 0.444410 0.801796 0.442833 0.801602 0.441964 0.801023 0.441964 0.799766 0.441637 0.798703 0.439245 0.798413 0.429187 0.798800 0.428372 0.798896 0.428263 0.801313 0.427883 0.802279 0.427013 0.802182 0.426143 0.801892 0.425980 0.800346 0.425925 0.795707 0.425871 0.789714 0.426034 0.788941 0.426088 0.786525 0.426197 0.784882 0.426632 0.783722 0.426741 0.781596 0.427067 0.778696 0.427611 0.775700 0.428046 0.773187 0.428861 0.771060 0.429677 0.769997 0.433645 0.769514 0.438865 0.769611 0.440985 0.770481 0.442453 0.773187 0.443051 0.774830 0.443595 0.777053 0.444356 0.779469 0.444736 0.781209 0.445117 0.783142 0.445389 0.787975 0.445389 0.790198 0.445334 0.792807 0.445226 0.795513
8 0.455338 0.795417 0.455120 0.797833 0.454848 0.798413 0.453707 0.798413 0.453272 0.797543 0.452565 0.796867 0.452619 0.795707 0.452184 0.795030 0.452021 0.796190 0.451967 0.797156 0.451423 0.797640 0.450717 0.797640 0.450227 0.796963 0.450064 0.795513 0.450064 0.793194 0.449792 0.790874 0.449684 0.788361 0.449684 0.784785 0.449955 0.781692 0.449955 0.779469 0.450227 0.777729 0.451151 0.771640 0.451967 0.767581 0.452837 0.765261 0.454740 0.763522 0.456806 0.762168 0.458763 0.761685 0.460666 0.761299 0.462840 0.761395 0.464580 0.761202 0.466102 0.762748 0.467135 0.764778 0.467625 0.767774 0.468331 0.771544 0.468386 0.777536 0.468766 0.782949 0.468658 0.788748 0.468549 0.791261 0.468331 0.793580 0.468168 0.796287 0.468331 0.798703 0.466972 0.798703 0.466537 0.798316 0.466374 0.796770 0.466211 0.795417 0.465776 0.795223 0.465776 0.796383 0.465450 0.797736 0.465178 0.798220 0.464091 0.798220 0.463765 0.797060 0.463547 0.795900 0.457730 0.795610 0.456860 0.795707 0.456208 0.795707
6 0.468331 0.769997 0.470615 0.770287 0.471756 0.770191 0.472246 0.770674 0.473333 0.771834 0.473496 0.772800 0.473822 0.774347 0.474094 0.775796 0.474475 0.777343 0.474855 0.778213 0.475236 0.780242 0.475725 0.782755 0.475834 0.784688 0.475943 0.786428 0.476051 0.788361 0.475997 0.789714 0.475888 0.791744 0.475888 0.792324 0.475997 0.793774 0.475834 0.795320 0.475780 0.796190 0.474964 0.796383 0.474257 0.796383 0.473822 0.796287 0.473605 0.794160 0.473551 0.792807 0.471485 0.792421 0.470506 0.792517 0.469582 0.792807 0.468766 0.792904 0.468875 0.790971 0.468984 0.788554 0.468821 0.786331 0.468929 0.782852 0.468766 0.779566 0.468549 0.776473 0.468549 0.774540 0.468658 0.772317
2 0.412946 0.932718 0.381241 0.931034 0.397569 0.905822 0.385731 0.904693 0.408181 0.888330 0.421379 0.904059 0.410201 0.905093
1 0.362159 0.852011 0.371462 0.843780 0.523157 0.841351 0.537042 0.842034 0.537042 0.847222 0.538165 0.850814 0.540409 0.854805 0.543103 0.856402 0.543103 0.859195 0.351607 0.864384
1 0.391809 0.827853 0.397276 0.819215 0.525890 0.817865 0.534697 0.825154
4 0.195471 0.774846 0.195608 0.771181 0.196295 0.768250 0.197944 0.767517 0.199868 0.769716 0.200143 0.774113 0.200005 0.776801 0.200967 0.780709 0.199731 0.795857 0.199868 0.800498 0.198219 0.802209 0.197807 0.809293 0.197532 0.815645 0.197257 0.820287 0.196982 0.824441 0.197120 0.828594 0.196707 0.831525 0.193409 0.830548 0.192447 0.826884 0.190523 0.828105 0.189424 0.829082 0.188737 0.824441 0.189836 0.808561 0.190661 0.799033 0.190798 0.789260 0.190798 0.784374 0.192447 0.779488 0.194234 0.777533
4 0.222268 0.781198 0.223505 0.773625 0.225429 0.772159 0.227215 0.772647 0.227353 0.778755 0.227078 0.780954 0.226528 0.783397 0.225841 0.785840 0.226391 0.789749 0.227215 0.793658 0.227490 0.796834 0.227765 0.800254 0.227078 0.803674 0.225566 0.804407 0.225154 0.808561 0.225154 0.813691 0.224604 0.817111 0.222405 0.815890 0.221169 0.816623 0.220482 0.813691 0.220756 0.784130
