6 0.757246 0.989130 0.757246 0.952899 0.762228 0.921498 0.763587 0.894928 0.782609 0.873188 0.787591 0.862721 0.791214 0.858696 0.792120 0.846618 0.795290 0.835346 0.809783 0.824879 0.821558 0.820853 0.825181 0.825684 0.829710 0.814412 0.838768 0.795089 0.853714 0.770934 0.877264 0.745974 0.914402 0.712963 0.957428 0.704106 0.990489 0.702496 0.996830 0.703301 0.997283 0.991546
6 0.691483 0.863017 0.677696 0.859749 0.674326 0.861928 0.672794 0.869553 0.671262 0.875545 0.665748 0.877179 0.660846 0.873911 0.659314 0.869009 0.658395 0.863562 0.650429 0.863562 0.641850 0.863562 0.632353 0.864107 0.628064 0.864107 0.626225 0.863017 0.622855 0.868464 0.623468 0.882081 0.623468 0.889706 0.616422 0.894063 0.610907 0.894608 0.606618 0.891885 0.602635 0.882081 0.601103 0.873366 0.601103 0.866830 0.601716 0.860294 0.599571 0.859749 0.597120 0.859205 0.595588 0.858660 0.594975 0.863017 0.594669 0.868464 0.591299 0.874455 0.586397 0.873366 0.582108 0.869553 0.579963 0.860294 0.579350 0.841776 0.576593 0.820534 0.576593 0.811819 0.579963 0.796024 0.582108 0.789488 0.584252 0.782407 0.581189 0.782407 0.578125 0.774782 0.579044 0.766612 0.583640 0.762255 0.587929 0.762255 0.589154 0.769880 0.593750 0.752451 0.598346 0.729575 0.605699 0.719771 0.615196 0.712691 0.642157 0.712146 0.664216 0.709967 0.680147 0.711601 0.686581 0.715959 0.702206 0.754085 0.708333 0.776961 0.713542 0.805283 0.714767 0.833606 0.713848 0.857026 0.712929 0.883170 0.709559 0.896242 0.699755 0.896242 0.695466 0.887527 0.694547 0.876634
6 0.577206 0.825980 0.573529 0.825436 0.569853 0.830338 0.569240 0.839052 0.564645 0.837963 0.560662 0.834695 0.559436 0.827614 0.559436 0.823802 0.556985 0.824346 0.556679 0.829248 0.554228 0.828159 0.552083 0.824346 0.552083 0.812908 0.551777 0.794390 0.550858 0.782407 0.552390 0.773148 0.554534 0.769336 0.549632 0.768791 0.549632 0.764978 0.549939 0.757353 0.553615 0.756264 0.554534 0.760621 0.557292 0.763344 0.559130 0.754085 0.559436 0.746460 0.564338 0.737200 0.568627 0.731209 0.579044 0.730664 0.587316 0.731754 0.593750 0.730120 0.595282 0.730120 0.595282 0.736111 0.594056 0.742102 0.590380 0.753540 0.590380 0.761710 0.586397 0.759532 0.581189 0.760621 0.577206 0.764434 0.575980 0.773148 0.578125 0.779139 0.579657 0.785131 0.577206 0.797113 0.574449 0.810185
2 0.321078 0.906046 0.343444 0.880991 0.358150 0.879902 0.356618 0.864651 0.323529 0.876634 0.334865 0.877723 0.293505 0.904412
3 0.482537 0.909314 0.511949 0.909314 0.506740 0.896242 0.513480 0.892974 0.518689 0.892429 0.517157 0.899510 0.542892 0.890795 0.521140 0.880447 0.520221 0.886438 0.503064 0.887527 0.501225 0.882081 0.514400 0.880991 0.497549 0.864651 0.477635 0.878813 0.491115 0.879902
4 0.201412 0.809930 0.199934 0.821987 0.199325 0.827398 0.198456 0.831262 0.197760 0.833890 0.197412 0.837445 0.197499 0.842082 0.196630 0.844092 0.194804 0.843937 0.192804 0.843010 0.192195 0.837754 0.192543 0.833117 0.192543 0.827861 0.193065 0.821833 0.193413 0.812403 0.193587 0.806375 0.192891 0.800346 0.191934 0.794318 0.191848 0.788753 0.192282 0.777159 0.193239 0.765411 0.195152 0.751499 0.198977 0.746862 0.200195 0.745935 0.200977 0.738824 0.201760 0.734650 0.204021 0.731095 0.205934 0.730322 0.208542 0.733105 0.209238 0.738669 0.208803 0.743925 0.210107 0.747790 0.213150 0.751809 0.213846 0.754900 0.213846 0.758765 0.214542 0.762165 0.215411 0.757373 0.217933 0.755673 0.217933 0.759538 0.215324 0.768967 0.215150 0.777159 0.212281 0.777469 0.211672 0.780715 0.211846 0.791226 0.211846 0.801583 0.211151 0.810239 0.209672 0.818896 0.208716 0.829716 0.207064 0.835590 0.207151 0.841155 0.206803 0.843937 0.203412 0.844710 0.201499 0.844247 0.200630 0.837291 0.201151 0.824924 0.202108 0.816732
6 0.272157 0.768457 0.280408 0.751650 0.291925 0.745538 0.303957 0.746761 0.317708 0.747066 0.322693 0.748900 0.330085 0.758373 0.336788 0.767235 0.350368 0.767235 0.357072 0.770291 0.360166 0.778236 0.361197 0.788932 0.361541 0.797182 0.357587 0.797794 0.355525 0.802072 0.351399 0.804822 0.347446 0.804822 0.346242 0.801766 0.346242 0.798405 0.343664 0.803294 0.342461 0.804822 0.337992 0.806656 0.331803 0.805128 0.330428 0.800850 0.328881 0.799016 0.308426 0.799627 0.302410 0.795655 0.287971 0.796877 0.283846 0.796877 0.273876 0.795960 0.270094 0.795349
1 0.377791 0.822725 0.397410 0.814213 0.545252 0.815251 0.549923 0.825216
1 0.428356 0.801964 0.533574 0.802379 0.530187 0.797812 0.435363 0.796566
6 0.452413 0.788677 0.467827 0.788262 0.467711 0.791168 0.469346 0.792622 0.471681 0.792206 0.472732 0.789092 0.472966 0.786186 0.473666 0.787016 0.474250 0.788885 0.475885 0.787431 0.475768 0.785148 0.475185 0.781203 0.475535 0.777051 0.475535 0.770408 0.475535 0.764802 0.473199 0.756498 0.471564 0.751516 0.470397 0.748194 0.467711 0.748194 0.459186 0.747986 0.453931 0.747779 0.450778 0.751100 0.448909 0.758782 0.448793 0.766256 0.448559 0.773107 0.448325 0.782241 0.447741 0.788677 0.447741 0.791791 0.449610 0.792622 0.451362 0.791999
6 0.500058 0.773729 0.508583 0.773522 0.508700 0.776844 0.510335 0.777674 0.511503 0.776636 0.511619 0.769162 0.511619 0.764180 0.511269 0.762726 0.512203 0.763349 0.512554 0.761481 0.511269 0.760235 0.510802 0.757951 0.509284 0.756290 0.507883 0.755252 0.504846 0.754837 0.502744 0.754837 0.499591 0.756083 0.499241 0.757951 0.498774 0.759405 0.497840 0.759405 0.497372 0.762103 0.498423 0.762934 0.498073 0.766256 0.498190 0.768954 0.498073 0.773522 0.498073 0.775390 0.498891 0.777051 0.500292 0.776844
6 0.527618 0.780580 0.538479 0.779958 0.539997 0.781411 0.539646 0.784733 0.543500 0.784733 0.543850 0.783279 0.543383 0.779542 0.545485 0.780165 0.546186 0.772691 0.543033 0.751516 0.537077 0.750477 0.529253 0.750685 0.524115 0.752554 0.522830 0.759405 0.521662 0.759612 0.521195 0.763557 0.522480 0.763557 0.522246 0.768332 0.522246 0.774560 0.522480 0.778712 0.522597 0.781826 0.522830 0.783695 0.524815 0.783695 0.526450 0.783902 0.526801 0.782449
6 0.472265 0.750270 0.478221 0.750477 0.480440 0.757121 0.481023 0.759820 0.482074 0.759405 0.483009 0.760443 0.481841 0.760858 0.481607 0.761896 0.482542 0.764802 0.483593 0.767501 0.483943 0.769577 0.484527 0.772276 0.484410 0.775183 0.483359 0.776013 0.483242 0.778920 0.482658 0.781411 0.481491 0.782449 0.479389 0.782864 0.478104 0.782657 0.476586 0.782034 0.476119 0.782034 0.476119 0.777466 0.476586 0.773729 0.476119 0.769162 0.476236 0.765218 0.475652 0.762103 0.473433 0.756083 0.472966 0.753384
