2 0.393201 0.999398 0.430933 0.998390 0.430430 0.957615 0.452053 0.957949 0.429574 0.929952 0.397526 0.956612 0.414636 0.957280
6 0.449735 0.829365 0.426422 0.829953 0.423611 0.831423 0.422454 0.835832 0.422454 0.839947 0.420304 0.840829 0.415675 0.841417 0.413690 0.840241 0.413690 0.831717 0.413360 0.817019 0.413525 0.809377 0.414517 0.800265 0.414848 0.792622 0.415179 0.792328 0.413194 0.791152 0.413194 0.787037 0.414021 0.784979 0.416501 0.785273 0.417328 0.785567 0.420635 0.770576 0.425430 0.767637 0.441303 0.766167 0.451389 0.766755 0.455026 0.768225 0.456845 0.775279 0.458829 0.780276 0.459491 0.782628 0.461310 0.781158 0.463459 0.781452 0.464286 0.784098 0.464451 0.787331 0.461310 0.787625 0.461971 0.791740 0.462632 0.795267 0.462963 0.799971 0.463294 0.809965 0.463790 0.818783 0.463790 0.827014 0.463459 0.831717 0.462467 0.834068 0.461640 0.836420 0.459491 0.837302 0.457176 0.838477 0.455688 0.838771 0.455357 0.834950 0.454530 0.831717 0.454530 0.829953 0.453373 0.829071 0.452877 0.830835 0.451058 0.831423
8 0.652459 0.453997 0.728936 0.437002 0.779701 0.434658 0.831784 0.437588 0.879912 0.446964 0.885845 0.457513 0.903316 0.611053 0.915513 0.800340 0.917491 0.887072 0.864419 0.903481 0.806402 0.892932 0.803435 0.909927 0.799150 0.929266 0.792227 0.937471 0.777064 0.941573 0.760581 0.940401 0.751022 0.928680 0.743110 0.915202 0.738825 0.904653 0.733881 0.897035 0.677842 0.893519 0.661030 0.891174 0.648174 0.891174 0.646526 0.911685 0.644548 0.935127 0.618506 0.939815 0.609935 0.929852 0.604661 0.898793 0.602683 0.878868 0.585212 0.868905 0.580927 0.872421 0.577631 0.884142 0.573345 0.879454 0.568730 0.877110 0.565104 0.867733 0.563786 0.856013 0.563456 0.848394 0.559171 0.846636 0.555545 0.844878 0.551919 0.836088 0.551259 0.817335 0.549941 0.745253 0.550930 0.724742 0.546644 0.724156 0.543018 0.722984 0.544007 0.683720 0.544007 0.675516 0.550930 0.676102 0.551589 0.636252 0.590487 0.568858 0.629055 0.499707
8 0.484079 0.786284 0.483655 0.791403 0.482131 0.791704 0.480860 0.790199 0.480268 0.787188 0.480268 0.782520 0.479844 0.778455 0.480098 0.776649 0.479590 0.774992 0.479167 0.773186 0.479421 0.765959 0.480945 0.757678 0.482131 0.755872 0.483316 0.755119 0.484925 0.753613 0.488059 0.752559 0.491023 0.752861 0.492378 0.754065 0.494157 0.754968 0.495257 0.757528 0.495935 0.763400 0.496358 0.767164 0.496104 0.776197 0.495681 0.780714 0.495512 0.785531 0.495596 0.788543 0.495512 0.790048 0.493140 0.790349 0.491108 0.791403 0.490600 0.789295 0.489499 0.787489 0.485434 0.787188
6 0.455962 0.768368 0.456470 0.765507 0.460789 0.764152 0.469428 0.763701 0.472815 0.763851 0.475017 0.765357 0.475864 0.769723 0.476457 0.772584 0.476626 0.773939 0.477558 0.773939 0.478404 0.773788 0.478913 0.774842 0.478743 0.776347 0.477981 0.776347 0.477558 0.776649 0.478066 0.779509 0.478150 0.786284 0.478574 0.795017 0.478743 0.799533 0.478659 0.804050 0.478404 0.806007 0.474848 0.806308 0.474932 0.801641 0.463245 0.801340 0.463330 0.798329 0.462991 0.793511 0.462060 0.791403 0.461975 0.789295 0.461636 0.788693 0.463753 0.788844 0.464770 0.788693 0.464939 0.787037 0.464854 0.784478 0.464262 0.782370 0.463499 0.780111 0.462822 0.779810 0.461467 0.779810 0.460366 0.780864 0.459942 0.781316 0.458672 0.778756 0.456978 0.773788 0.456216 0.770626
5 0.270776 0.808048 0.271062 0.801435 0.271635 0.797365 0.268201 0.797110 0.266770 0.795075 0.266054 0.792277 0.268201 0.789988 0.269059 0.787953 0.267485 0.784137 0.267056 0.782611 0.266054 0.779050 0.265911 0.774217 0.268773 0.773199 0.269345 0.779558 0.270061 0.782865 0.271635 0.785918 0.272207 0.788716 0.272350 0.785155 0.274639 0.780322 0.276356 0.776506 0.278503 0.773199 0.281221 0.770401 0.282938 0.768366 0.282080 0.762007 0.282652 0.756919 0.284226 0.752340 0.288090 0.750051 0.291810 0.755647 0.292239 0.762515 0.292525 0.765822 0.291380 0.768112 0.296389 0.769892 0.297819 0.771164 0.298678 0.775488 0.298249 0.781339 0.297247 0.784646 0.295101 0.788207 0.294099 0.794312 0.291094 0.796602 0.291810 0.800672 0.292954 0.803724 0.293527 0.805250 0.290236 0.808048 0.286802 0.808303 0.277072 0.809575
6 0.272779 0.782357 0.271205 0.776252 0.268916 0.772436 0.263622 0.772436 0.256467 0.773199 0.251889 0.773199 0.246022 0.774980 0.242445 0.777778 0.239583 0.779304 0.236292 0.783120 0.235577 0.786427 0.234432 0.783883 0.232572 0.784137 0.231141 0.786427 0.231857 0.789479 0.233288 0.790242 0.230998 0.796093 0.229710 0.803978 0.229138 0.808557 0.229138 0.812627 0.231141 0.813390 0.240013 0.812118 0.245879 0.811355 0.250744 0.810083 0.255609 0.810338 0.261332 0.809829 0.264051 0.809575 0.266770 0.808812 0.268487 0.808303 0.268916 0.806522 0.270061 0.806522 0.269774 0.800926 0.269918 0.799145 0.268201 0.799145 0.266340 0.797619 0.265339 0.794567 0.265053 0.791514 0.267771 0.790242 0.268344 0.787953 0.267771 0.786172 0.266770 0.780830 0.265911 0.777523 0.265625 0.773708 0.267485 0.773708 0.268773 0.774980 0.270061 0.779050 0.271062 0.781085
4 0.214155 0.782574 0.214584 0.779267 0.216301 0.776469 0.217303 0.776215 0.217732 0.780793 0.217446 0.784100 0.218447 0.786644 0.219449 0.789697 0.219735 0.794784 0.218590 0.799363 0.218018 0.801143 0.216587 0.804450 0.216587 0.809029 0.216301 0.812082 0.216444 0.815388 0.217446 0.817423 0.218161 0.819458 0.216873 0.819458 0.214727 0.819713 0.212724 0.819713 0.212295 0.817932 0.211293 0.815643 0.212438 0.810301 0.212295 0.804196 0.211865 0.798600 0.211865 0.795547 0.211722 0.794275 0.211722 0.791732 0.212295 0.787916 0.212438 0.785372
4 0.194479 0.782870 0.195625 0.779167 0.196667 0.777500 0.197917 0.777315 0.198646 0.779722 0.198750 0.781574 0.200417 0.785093 0.201146 0.788056 0.201250 0.792130 0.200729 0.798796 0.199792 0.802870 0.199271 0.808981 0.199375 0.815463 0.199167 0.818426 0.198750 0.819722 0.197292 0.819352 0.196458 0.817870 0.195312 0.816944 0.193125 0.815833 0.192917 0.813796 0.192917 0.808241 0.193333 0.804352 0.193333 0.798426 0.193333 0.794722 0.193229 0.791759 0.192292 0.792130 0.192292 0.789352 0.193229 0.787130 0.193854 0.784907
4 0.196146 0.776019 0.195417 0.774722 0.194062 0.774352 0.192292 0.775278 0.191562 0.778611 0.191250 0.782315 0.189375 0.785463 0.187917 0.788796 0.186562 0.793796 0.187917 0.803426 0.187500 0.810278 0.187396 0.815648 0.187500 0.819167 0.189583 0.820648 0.192708 0.820093 0.191979 0.817130 0.192188 0.812870 0.192188 0.808796 0.192812 0.804352 0.192917 0.801389 0.193125 0.797500 0.193021 0.795093 0.192917 0.794352 0.192292 0.793796 0.191771 0.793426 0.191771 0.791204 0.192083 0.788796 0.192708 0.786944 0.193125 0.783981 0.193229 0.782870 0.194062 0.780463 0.194479 0.779167 0.195521 0.777870
