2 0.408917 0.928968 0.438859 0.928520 0.437349 0.900787 0.450936 0.901682 0.436343 0.886473 0.416465 0.899893 0.426278 0.901235
2 0.648702 0.925836 0.678140 0.923153 0.645179 0.897209 0.654237 0.896761 0.629831 0.886921 0.626057 0.902129 0.635618 0.898551
8 0.659018 0.861424 0.661282 0.876185 0.661282 0.880211 0.666818 0.882000 0.670340 0.882000 0.673611 0.883342 0.678643 0.887368 0.685437 0.892736 0.690721 0.892288 0.696508 0.892288 0.700030 0.875738 0.701288 0.865450 0.701037 0.858293 0.714120 0.857846 0.726952 0.858293 0.746830 0.860530 0.751107 0.849347 0.751610 0.834586 0.747333 0.693684 0.742552 0.623009 0.739030 0.581410 0.735507 0.561281 0.717643 0.556361 0.677637 0.551888 0.616496 0.555913 0.591838 0.562176 0.585799 0.563518 0.530696 0.670871 0.530948 0.699946 0.528180 0.700841 0.526419 0.726337 0.528432 0.732152 0.531451 0.733494 0.533716 0.827876 0.539000 0.833244 0.542019 0.841295 0.543025 0.852478 0.543277 0.856504 0.546548 0.857398 0.548812 0.860082 0.550825 0.854267 0.551329 0.848452 0.550574 0.845321 0.560386 0.850242 0.560890 0.858293 0.562903 0.883790 0.564664 0.890052 0.569696 0.892288 0.576741 0.891394 0.582528 0.890499 0.583786 0.877975 0.586806 0.868134 0.589070 0.858740 0.590580 0.856057 0.627818 0.854715 0.651721 0.856057 0.655495 0.854715
6 0.417489 0.831310 0.446415 0.831451 0.446652 0.833418 0.449102 0.833137 0.449418 0.831451 0.450683 0.831310 0.450841 0.837492 0.451236 0.840302 0.455583 0.840443 0.457401 0.839319 0.459456 0.834963 0.458981 0.828078 0.459377 0.819789 0.459060 0.799134 0.456927 0.789721 0.452501 0.771877 0.450367 0.765554 0.433532 0.763446 0.420650 0.766116 0.417647 0.766256 0.414011 0.776232 0.412035 0.783257 0.408795 0.784100 0.407688 0.786630 0.408242 0.788597 0.409664 0.789018 0.408953 0.792812 0.407926 0.802928 0.407530 0.811358 0.406977 0.824285 0.407293 0.832013 0.407135 0.837773 0.408558 0.839319 0.412984 0.839881 0.415829 0.839740 0.416619 0.839178 0.417252 0.835947
6 0.452659 0.770753 0.454793 0.762884 0.462933 0.762322 0.470757 0.762322 0.472733 0.764149 0.473919 0.768645 0.475579 0.775389 0.476843 0.782133 0.476922 0.789440 0.477001 0.796886 0.477159 0.803209 0.477159 0.806019 0.475499 0.806300 0.473761 0.806019 0.473603 0.802928 0.473208 0.801664 0.462301 0.801664 0.459614 0.801664 0.459298 0.801664 0.459377 0.799416 0.457954 0.793936 0.455504 0.781712 0.453370 0.774125
8 0.459851 0.762744 0.461273 0.756702 0.462933 0.753470 0.469730 0.753330 0.473445 0.754735 0.475262 0.761479 0.476527 0.769488 0.476527 0.773422 0.476764 0.777216 0.476685 0.778621 0.476053 0.778059 0.475262 0.772860 0.474551 0.769207 0.473761 0.765273 0.472970 0.762884 0.472101 0.762041 0.468782 0.761760 0.464672 0.761760 0.461431 0.761760
8 0.485774 0.786630 0.492176 0.786770 0.492255 0.788035 0.492413 0.789018 0.493835 0.789580 0.494863 0.790002 0.495574 0.789861 0.496206 0.789299 0.496760 0.786489 0.496839 0.785787 0.497708 0.783819 0.497629 0.772579 0.496997 0.764149 0.495969 0.756140 0.495258 0.753751 0.494231 0.752346 0.492808 0.751925 0.488224 0.751363 0.485695 0.751503 0.483640 0.754173 0.481980 0.757686 0.481190 0.761198 0.480637 0.765835 0.480637 0.766959 0.479635 0.766991 0.479530 0.768926 0.479372 0.769629 0.480242 0.770472 0.479293 0.773141 0.479530 0.776092 0.479609 0.780728 0.479767 0.782555 0.480083 0.785225 0.480083 0.788175 0.480242 0.789299 0.482296 0.789861 0.483877 0.789861 0.484667 0.790002 0.484984 0.789299 0.484984 0.787894
6 0.249150 0.805607 0.266736 0.806294 0.272244 0.805435 0.276496 0.802859 0.282294 0.803202 0.286352 0.803202 0.288381 0.803717 0.287995 0.793926 0.287995 0.786539 0.287222 0.778980 0.285772 0.773827 0.281424 0.772281 0.274660 0.772109 0.269249 0.772281 0.266060 0.773311 0.263161 0.775029 0.258813 0.777950 0.254851 0.781901 0.253305 0.786539 0.252242 0.788772 0.250696 0.792036 0.247410 0.795644 0.246251 0.799423 0.245284 0.804920 0.246154 0.806122
4 0.289251 0.794097 0.289444 0.789803 0.289734 0.784821 0.290121 0.781557 0.290797 0.780011 0.290604 0.776919 0.291184 0.773827 0.292730 0.773827 0.293889 0.775201 0.293793 0.778293 0.293599 0.780526 0.295532 0.781213 0.296208 0.783618 0.296691 0.788429 0.296015 0.793239 0.295822 0.797018 0.295918 0.800797 0.295918 0.803717 0.294952 0.805092 0.292633 0.805092 0.291184 0.804920 0.289927 0.804920 0.289444 0.802687 0.288768 0.800282 0.288768 0.797877 0.288768 0.795987
4 0.216790 0.778725 0.217110 0.774938 0.216471 0.773423 0.214980 0.773801 0.213488 0.775506 0.213169 0.778535 0.211571 0.781754 0.211145 0.784216 0.210826 0.787245 0.210400 0.790843 0.209974 0.796334 0.209122 0.802772 0.210293 0.805234 0.209867 0.807127 0.212530 0.806559 0.215938 0.806938 0.216897 0.807127 0.215938 0.801257 0.215938 0.797092 0.215938 0.793683 0.215406 0.788192 0.215299 0.783458 0.215938 0.780997
4 0.217003 0.780807 0.217855 0.780429 0.218281 0.779103 0.218814 0.777399 0.220305 0.777399 0.221051 0.778914 0.221690 0.781375 0.222329 0.784216 0.222968 0.785920 0.222435 0.789896 0.222329 0.793305 0.221796 0.797092 0.221264 0.800500 0.221264 0.804476 0.221690 0.808453 0.221796 0.810725 0.221051 0.811293 0.220305 0.810725 0.219666 0.807317 0.219133 0.804287 0.218814 0.806370 0.218388 0.807317 0.217429 0.807317 0.216897 0.803719 0.216684 0.799174 0.216684 0.794819 0.216364 0.791411 0.216364 0.787813 0.216364 0.786299 0.216364 0.784026 0.216364 0.782701
