2 0.403816 0.900546 0.418387 0.876846 0.406607 0.877122 0.425828 0.862517 0.441484 0.876571 0.428928 0.876020 0.432648 0.899994
3 0.598974 0.860588 0.598354 0.876295 0.610910 0.874091 0.636176 0.897514 0.663458 0.896963 0.637726 0.882909 0.643307 0.881256 0.651832 0.880704 0.658033 0.886491 0.671984 0.878500 0.638346 0.872988 0.641292 0.874917 0.648732 0.877397 0.630131 0.879326 0.621140 0.874642 0.631216 0.873539
5 0.569367 0.740989 0.572467 0.741815 0.573862 0.746225 0.573707 0.751185 0.575102 0.753665 0.576962 0.756972 0.578358 0.761381 0.578823 0.766617 0.578978 0.769924 0.577737 0.771302 0.577892 0.775711 0.578047 0.779018 0.579443 0.780947 0.579443 0.788387 0.578978 0.792245 0.578823 0.797757 0.579753 0.804922 0.579908 0.810984 0.579133 0.815669 0.577272 0.815669 0.577117 0.818700 0.576032 0.822558 0.573707 0.822558 0.573242 0.818425 0.573242 0.816771 0.571847 0.816220 0.571537 0.820078 0.570917 0.822007 0.568747 0.819527 0.567662 0.812362 0.566732 0.810433 0.563942 0.810433 0.563787 0.805748 0.564407 0.799961 0.564562 0.791143 0.564407 0.781222 0.567507 0.779293 0.567197 0.774333 0.566112 0.771577 0.564097 0.769373 0.563322 0.764412 0.565957 0.758074 0.567197 0.754492 0.568902 0.752838 0.569522 0.750909 0.568282 0.748705 0.567352 0.745122 0.568282 0.742091
4 0.538254 0.747345 0.539763 0.747153 0.540249 0.748974 0.540410 0.750987 0.541057 0.752042 0.542459 0.754438 0.543214 0.756738 0.543214 0.758655 0.542513 0.759231 0.541812 0.759518 0.541866 0.762010 0.540842 0.766132 0.540410 0.771404 0.540518 0.774854 0.540464 0.778305 0.540518 0.781181 0.540410 0.781851 0.539548 0.781851 0.538739 0.781660 0.538577 0.777826 0.538739 0.775238 0.538631 0.773992 0.538308 0.773225 0.537876 0.773992 0.537876 0.777155 0.537607 0.779072 0.537715 0.780605 0.537445 0.781660 0.536259 0.780893 0.536097 0.778976 0.536259 0.774854 0.536367 0.770349 0.536690 0.767953 0.535935 0.766515 0.535234 0.764598 0.534587 0.762777 0.534749 0.759710 0.535052 0.756713 0.535234 0.753959 0.535989 0.752904 0.536636 0.752329 0.537607 0.752617 0.538229 0.752083 0.538146 0.750987 0.537661 0.749741 0.537769 0.748399
6 0.784891 0.815286 0.778863 0.804998 0.779104 0.801140 0.771629 0.801140 0.761502 0.799854 0.759814 0.788709 0.759814 0.772419 0.762948 0.753558 0.770906 0.743699 0.775728 0.738983 0.797912 0.738555 0.806110 0.736411 0.821301 0.737269 0.831428 0.740269 0.843485 0.747557 0.850477 0.759559 0.863498 0.762989 0.872661 0.766847 0.876037 0.768561 0.882547 0.778421 0.884476 0.786566 0.885682 0.797282 0.881824 0.802426 0.875313 0.804141 0.874349 0.810571 0.871697 0.817001 0.868562 0.818287 0.861569 0.818287 0.858435 0.813572 0.856506 0.808428 0.849754 0.808428 0.840832 0.807570 0.822266 0.806713 0.802493 0.804998 0.799841 0.806284 0.798153 0.811428 0.795983 0.817001 0.789955 0.817430
6 0.998750 0.877407 0.988333 0.875185 0.984583 0.864074 0.981667 0.858148 0.973333 0.856667 0.959583 0.854444 0.950000 0.849259 0.945000 0.834444 0.941667 0.823333 0.942500 0.808519 0.946667 0.798148 0.952083 0.789259 0.964583 0.786296 0.975417 0.781111 0.994167 0.775185 0.997500 0.774444
6 0.940713 0.812313 0.935021 0.812082 0.932354 0.817102 0.928276 0.819891 0.923883 0.820727 0.919334 0.818775 0.916824 0.814871 0.915412 0.812918 0.904273 0.813197 0.896586 0.812361 0.888899 0.808456 0.886860 0.805946 0.886546 0.788934 0.891253 0.777778 0.900979 0.769969 0.908195 0.765785 0.914784 0.762439 0.921844 0.757697 0.938473 0.750167 0.954317 0.747936 0.966867 0.746263 0.986007 0.750446 0.989144 0.755187 0.996517 0.764670 0.998400 0.768017 0.999027 0.771642 0.989772 0.774710 0.979104 0.777220 0.966397 0.782798 0.959651 0.784750 0.950866 0.787539 0.947258 0.793117 0.943806 0.801484 0.941296 0.807062
6 0.090076 0.834408 0.092169 0.818700 0.094727 0.805886 0.097749 0.800099 0.103562 0.791832 0.110770 0.786045 0.114955 0.783565 0.112630 0.782325 0.113328 0.777364 0.114025 0.772817 0.121466 0.771164 0.124256 0.770337 0.125651 0.769924 0.142160 0.739335 0.158436 0.732722 0.221215 0.733548 0.227725 0.738922 0.233305 0.748016 0.237026 0.760830 0.240281 0.769924 0.244699 0.779845 0.246326 0.790592 0.245396 0.795139 0.226097 0.799272 0.205171 0.802993 0.190755 0.807540 0.163318 0.814980 0.113095 0.830688
6 0.238889 0.761265 0.241840 0.752623 0.244792 0.747994 0.247917 0.742438 0.253299 0.741204 0.265278 0.740278 0.280035 0.739969 0.292014 0.739969 0.294965 0.743364 0.298264 0.753241 0.301215 0.760340 0.302604 0.767747 0.303646 0.776389 0.304340 0.782562 0.297917 0.786265 0.288194 0.786883 0.277778 0.790895 0.260590 0.791204 0.248611 0.791512 0.246875 0.781944 0.244271 0.775154 0.240972 0.767747
6 0.306771 0.785648 0.318403 0.785031 0.325174 0.781944 0.333854 0.778549 0.340799 0.777006 0.343403 0.775463 0.342708 0.767130 0.342014 0.762809 0.339062 0.756636 0.335069 0.749846 0.332639 0.747068 0.326910 0.746451 0.302431 0.745833 0.298785 0.750463 0.300116 0.754962 0.302468 0.762187 0.303538 0.768271 0.303859 0.772644 0.305035 0.779679 0.305142 0.784432
8 0.345705 0.776690 0.359501 0.776500 0.382475 0.772908 0.382728 0.710880 0.381296 0.703689 0.373205 0.696197 0.363244 0.690181 0.353191 0.689421 0.341748 0.686759 0.327738 0.688660 0.321428 0.691512 0.317150 0.699688 0.318005 0.726686 0.318326 0.744368 0.327310 0.744938 0.332443 0.745889 0.335010 0.747410 0.337791 0.752353 0.341320 0.758438 0.343352 0.763571 0.343887 0.770226 0.344421 0.776500
8 0.085891 0.833168 0.052874 0.833581 0.037063 0.833995 0.036133 0.819527 0.042876 0.775711 0.055199 0.739335 0.074498 0.709987 0.085426 0.701720 0.096122 0.697173 0.121698 0.696759 0.155645 0.697173 0.178897 0.700893 0.183082 0.704613 0.185872 0.715774 0.187965 0.726935 0.188198 0.730241 0.174193 0.730973 0.162746 0.730464 0.157452 0.730718 0.148008 0.734280 0.143859 0.736315 0.140711 0.738350 0.133127 0.752849 0.128262 0.761752 0.124971 0.767603 0.117817 0.769638 0.112952 0.771418 0.112380 0.776506 0.111664 0.781339 0.111664 0.783374 0.106799 0.787190 0.102650 0.790751 0.099359 0.795075 0.095925 0.800926 0.093636 0.806013 0.092348 0.812627 0.090488 0.822548 0.088914 0.833740
8 0.185147 0.710472 0.185789 0.708761 0.191136 0.708381 0.205574 0.708571 0.218515 0.708951 0.231776 0.710472 0.235305 0.711043 0.237337 0.712374 0.239797 0.716366 0.242150 0.723401 0.244182 0.732527 0.245572 0.741463 0.245786 0.744315 0.242866 0.749507 0.241480 0.751582 0.240823 0.753916 0.238854 0.759493 0.237979 0.760530 0.236447 0.755732 0.234623 0.748859 0.232289 0.744450 0.228860 0.739003 0.226234 0.736020 0.222222 0.732519 0.219158 0.732130 0.190928 0.731871 0.189397 0.731481 0.187938 0.721885
8 0.446737 0.764238 0.446737 0.761094 0.446934 0.754630 0.446934 0.750087 0.446934 0.746419 0.446934 0.742750 0.448310 0.741352 0.451356 0.740653 0.453420 0.740479 0.456564 0.741177 0.457449 0.742750 0.458235 0.746593 0.458333 0.749214 0.458137 0.750087 0.456073 0.750437 0.454697 0.750961 0.453616 0.751834 0.452241 0.753756 0.451258 0.755328 0.450079 0.757774 0.449391 0.761268 0.449587 0.763539 0.448506 0.764064 0.448506 0.765985 0.447131 0.765985
8 0.461380 0.751834 0.461281 0.749039 0.461281 0.747467 0.461380 0.745196 0.465605 0.743973 0.466883 0.743973 0.468455 0.744672 0.469634 0.744846 0.470715 0.745545 0.470814 0.748340 0.471207 0.752883 0.471502 0.756901 0.471600 0.759347 0.471502 0.760570 0.471207 0.761094 0.471207 0.763365 0.470814 0.764238 0.470028 0.764762 0.469241 0.764238 0.469045 0.763365 0.468750 0.762666 0.467178 0.762841 0.466588 0.763015 0.465802 0.763190 0.465605 0.763190 0.465212 0.760744 0.464721 0.758823 0.464230 0.757425 0.463443 0.755678 0.462854 0.754630 0.462362 0.753931
6 0.465057 0.761658 0.465112 0.764213 0.464891 0.765000 0.464725 0.765393 0.464725 0.767162 0.464448 0.768047 0.463840 0.768538 0.463121 0.768342 0.462569 0.767260 0.462569 0.766474 0.462182 0.765983 0.461407 0.765983 0.460965 0.766179 0.460855 0.767457 0.460412 0.768440 0.459583 0.768440 0.459251 0.768047 0.459141 0.766671 0.458311 0.766474 0.457592 0.766376 0.456874 0.766277 0.456542 0.766277 0.456210 0.767555 0.455602 0.768145 0.455104 0.768145 0.454717 0.768145 0.453999 0.767359 0.453833 0.766769 0.453225 0.766769 0.452782 0.766769 0.452395 0.766671 0.451898 0.767948 0.450902 0.767948 0.450294 0.767064 0.450073 0.765688 0.450018 0.764312 0.450018 0.761953 0.450184 0.758905 0.451013 0.756940 0.451732 0.755072 0.453059 0.753303 0.454054 0.751927 0.455491 0.751140 0.458035 0.751042 0.459362 0.751140 0.460191 0.751337 0.461020 0.752221 0.461739 0.753598 0.462513 0.755269 0.463232 0.756645 0.463896 0.758414 0.464725 0.760183
8 0.399331 0.766466 0.398488 0.751933 0.397982 0.726013 0.397392 0.716424 0.397477 0.710880 0.395707 0.705337 0.391999 0.702640 0.385594 0.699044 0.382391 0.698145 0.379104 0.698145 0.377756 0.699044 0.379779 0.701292 0.382138 0.703839 0.382728 0.707734 0.383234 0.715375 0.383150 0.772009 0.385762 0.771560
