2 0.365566 0.934332 0.379729 0.934332 0.375617 0.918900 0.343864 0.933114 0.354829 0.933926 0.315538 0.963978 0.345692 0.966821
2 0.551284 0.931896 0.561563 0.914027 0.587148 0.929053 0.575041 0.928647 0.602682 0.961135 0.571386 0.961948 0.564533 0.931083
6 0.460938 0.838712 0.461225 0.841776 0.461895 0.843648 0.464097 0.843478 0.464671 0.842627 0.464480 0.840244 0.465054 0.840925 0.465150 0.842967 0.465342 0.843648 0.466491 0.843137 0.466491 0.840754 0.466395 0.835138 0.466299 0.828329 0.466203 0.819819 0.465437 0.815053 0.464097 0.810798 0.462852 0.808585 0.460172 0.795479 0.438821 0.795479 0.437098 0.798713 0.434896 0.807394 0.432024 0.808415 0.431641 0.810287 0.432885 0.810968 0.433938 0.810798 0.432790 0.814202 0.432502 0.825266 0.432502 0.839733 0.432311 0.843648 0.435662 0.844499 0.438151 0.843988 0.438630 0.840584 0.443130 0.840584 0.455384 0.839733
6 0.460650 0.794288 0.462661 0.792756 0.472331 0.792075 0.474533 0.793777 0.475682 0.798373 0.477118 0.804670 0.477405 0.812330 0.477692 0.817436 0.478075 0.823393 0.477405 0.826457 0.475586 0.826287 0.475011 0.823393 0.474724 0.821861 0.466586 0.822372 0.466586 0.820500 0.465916 0.817436 0.465246 0.814713 0.464288 0.811309 0.463810 0.809436 0.462757 0.806883
8 0.491096 0.818117 0.482096 0.817947 0.481522 0.820840 0.479320 0.821861 0.478554 0.821351 0.478171 0.819989 0.477884 0.814542 0.477597 0.809436 0.477309 0.803990 0.477214 0.800756 0.477979 0.794458 0.479511 0.787309 0.480756 0.785097 0.483341 0.784416 0.488894 0.783565 0.491670 0.783735 0.493681 0.788841 0.495404 0.796330 0.495596 0.804330 0.495883 0.811309 0.495500 0.816585 0.495500 0.821010 0.495117 0.822032 0.492628 0.822202 0.491670 0.822372
8 0.487266 0.782544 0.487362 0.775054 0.488990 0.772672 0.498660 0.772161 0.505457 0.774203 0.509670 0.777267 0.511393 0.783395 0.511393 0.795309 0.511585 0.805011 0.511297 0.808245 0.510340 0.810117 0.509957 0.812330 0.510053 0.814542 0.508904 0.815904 0.507564 0.816245 0.505936 0.816755 0.504787 0.816755 0.503638 0.815223 0.503542 0.813181 0.499617 0.813011 0.496362 0.813351 0.496266 0.812330 0.496266 0.808926 0.495979 0.803649 0.495883 0.796841 0.495692 0.793947 0.494543 0.789692 0.493107 0.785267 0.491958 0.784075 0.490426 0.783395 0.488511 0.782714
4 0.524167 0.793565 0.524219 0.791620 0.524740 0.790880 0.525417 0.792269 0.525521 0.793657 0.526094 0.794213 0.526771 0.796343 0.526979 0.798380 0.527031 0.800509 0.526719 0.801806 0.526198 0.803380 0.526354 0.805417 0.526354 0.807546 0.526354 0.809028 0.526198 0.809954 0.525365 0.810046 0.524583 0.810231 0.524167 0.809676 0.523958 0.807176 0.523958 0.803750 0.523802 0.801713 0.523594 0.801065 0.523333 0.799769 0.523385 0.797269 0.523802 0.794861
4 0.520833 0.791806 0.520729 0.790139 0.521354 0.789213 0.522344 0.789491 0.522604 0.791157 0.522396 0.792454 0.523073 0.792917 0.523490 0.793565 0.523229 0.795417 0.523125 0.796620 0.523177 0.798102 0.523073 0.800602 0.522813 0.802917 0.522760 0.804954 0.523021 0.806343 0.522969 0.808657 0.523021 0.810324 0.522969 0.811250 0.522135 0.811250 0.521823 0.810509 0.521719 0.809583 0.521615 0.807917 0.521458 0.806898 0.521406 0.806713 0.521146 0.807824 0.521146 0.809398 0.520990 0.810046 0.520781 0.810972 0.520365 0.810787 0.520260 0.808657 0.520312 0.807083 0.520312 0.805602 0.520312 0.803009 0.520312 0.801250 0.520156 0.799120 0.520104 0.797361 0.520000 0.795602 0.520365 0.793843 0.520625 0.793194
6 0.368281 0.820139 0.368073 0.812361 0.368854 0.807546 0.370677 0.803750 0.371250 0.801806 0.373490 0.800046 0.377552 0.799213 0.382240 0.799028 0.388854 0.799398 0.390260 0.800787 0.390729 0.806157 0.391562 0.809491 0.392083 0.814028 0.391823 0.816435 0.386563 0.816898 0.379010 0.818287 0.369896 0.820231
4 0.221158 0.824288 0.220255 0.827607 0.220316 0.830283 0.220195 0.831888 0.219954 0.833387 0.219232 0.835635 0.218569 0.831781 0.218991 0.827714 0.219232 0.823753 0.219352 0.816688 0.219533 0.811443 0.220556 0.809623 0.222122 0.808767 0.222784 0.808232 0.223868 0.807054 0.223206 0.805770 0.223206 0.804164 0.222965 0.801916 0.223748 0.800203 0.224049 0.798170 0.225072 0.797741 0.225975 0.798063 0.226939 0.799561 0.227481 0.802023 0.226939 0.803415 0.226879 0.804806 0.227059 0.807161 0.227842 0.807911 0.228565 0.808981 0.229528 0.812513 0.230010 0.818722 0.230491 0.823646 0.230612 0.829854 0.230612 0.832959 0.230371 0.834457 0.229408 0.834029 0.228685 0.833494 0.227180 0.834885 0.226036 0.834885 0.223928 0.835207 0.221640 0.835421 0.221038 0.835742 0.221219 0.833387 0.221460 0.828891 0.221279 0.826429
4 0.210802 0.811122 0.211284 0.807589 0.211765 0.804592 0.213150 0.803094 0.214836 0.803843 0.216040 0.804913 0.216522 0.807482 0.216281 0.809623 0.215800 0.809944 0.215499 0.811015 0.214776 0.811550 0.215679 0.812513 0.216402 0.813049 0.217305 0.814761 0.217606 0.817437 0.217726 0.820756 0.217425 0.824074 0.217245 0.828356 0.217124 0.831032 0.216944 0.833708 0.216944 0.835528 0.217004 0.837026 0.216522 0.839167 0.216101 0.840559 0.215800 0.842379 0.213692 0.842271 0.212970 0.842379 0.212307 0.840987 0.212307 0.839274 0.211826 0.841201 0.211886 0.842486 0.211464 0.842807 0.210260 0.842700 0.209176 0.842700 0.208394 0.841843 0.208514 0.838097 0.207972 0.834243 0.208032 0.831781 0.208213 0.828677 0.208634 0.826215 0.208996 0.824502 0.209056 0.822897 0.208333 0.822790 0.207310 0.823432 0.206948 0.822361 0.207129 0.819685 0.207370 0.817116 0.207972 0.814333 0.208695 0.813370 0.210140 0.813370 0.210561 0.812513
