2 0.360484 0.998396 0.380435 0.959340 0.362741 0.958952 0.397150 0.930873 0.416704 0.958952 0.397645 0.958535 0.397902 0.998730
1 0.333140 0.884659 0.364005 0.856653 0.556584 0.852080 0.567194 0.859511 0.569123 0.868656 0.574267 0.873800 0.574910 0.881230
1 0.388439 0.832647 0.396798 0.822359 0.534079 0.821788 0.546296 0.830361
1 0.335391 0.837791 0.362397 0.837220 0.368827 0.823503 0.342464 0.824646
8 0.424937 0.793923 0.424249 0.789765 0.424386 0.788542 0.423629 0.788419 0.423561 0.773130 0.424317 0.747811 0.434431 0.745976 0.444545 0.747199 0.445509 0.749645 0.445784 0.763345 0.445577 0.771907 0.445509 0.775331 0.445440 0.780224 0.444958 0.778756 0.443307 0.771662 0.442619 0.769216 0.429890 0.768237 0.428514 0.769827 0.427070 0.772396 0.426519 0.773864 0.425969 0.775943 0.425694 0.779979 0.425625 0.783160 0.425281 0.786340
6 0.441793 0.798327 0.428170 0.797960 0.428170 0.800773 0.428102 0.801874 0.426794 0.802363 0.425762 0.801996 0.425212 0.801262 0.425212 0.795636 0.425212 0.790254 0.425556 0.783404 0.425900 0.778022 0.426450 0.774353 0.428377 0.770439 0.429478 0.769583 0.430510 0.768604 0.436771 0.768604 0.441656 0.768726 0.442619 0.770072 0.443238 0.772641 0.443720 0.774231 0.444064 0.777289 0.444614 0.781080 0.445233 0.786095 0.445302 0.792089 0.445233 0.795513 0.445096 0.797593 0.445165 0.799917 0.445096 0.801752 0.444821 0.802730 0.443101 0.802852 0.442068 0.802730 0.441862 0.801752
8 0.464636 0.794780 0.463741 0.794780 0.463741 0.796614 0.463535 0.797837 0.462503 0.798327 0.461471 0.798204 0.461127 0.796614 0.461264 0.795269 0.457755 0.795024 0.455210 0.794902 0.454384 0.795758 0.454384 0.797348 0.454315 0.798571 0.453558 0.799428 0.452526 0.799428 0.451770 0.799061 0.451701 0.797226 0.451701 0.795880 0.451082 0.795880 0.450325 0.795880 0.450050 0.797715 0.449499 0.798449 0.448536 0.798449 0.447366 0.797104 0.447229 0.794413 0.447091 0.789642 0.447504 0.779735 0.447641 0.774965 0.449568 0.767993 0.452114 0.763345 0.453765 0.761510 0.457480 0.761021 0.460507 0.760531 0.463260 0.760654 0.464911 0.760898 0.466218 0.762244 0.467732 0.769093 0.468007 0.772029 0.468420 0.777778 0.468213 0.785117 0.468282 0.788786 0.468145 0.791355 0.467801 0.793067 0.467319 0.795024 0.467388 0.797471 0.466975 0.798082 0.465874 0.798082 0.465392 0.797593 0.465461 0.796125 0.465392 0.795391
6 0.468007 0.768849 0.473374 0.769093 0.474750 0.768849 0.475438 0.770439 0.475713 0.773741 0.476332 0.776555 0.477020 0.779490 0.477570 0.784505 0.477708 0.786951 0.477708 0.790254 0.478052 0.792945 0.477983 0.794780 0.477983 0.796370 0.476676 0.796370 0.476194 0.796614 0.475369 0.796003 0.475438 0.793679 0.475300 0.792578 0.473718 0.792456 0.471653 0.792578 0.469865 0.792578 0.468764 0.792578 0.468351 0.792456 0.468695 0.790132 0.468626 0.787196 0.468626 0.783771 0.468695 0.780836 0.468764 0.777044 0.468901 0.774353 0.468764 0.772518 0.468213 0.770317
4 0.489531 0.771528 0.489948 0.770324 0.490625 0.770324 0.491250 0.771157 0.491406 0.772361 0.491510 0.774120 0.491406 0.775880 0.491615 0.777454 0.491458 0.779954 0.491510 0.781713 0.491510 0.783102 0.491510 0.785231 0.491667 0.787454 0.491667 0.789120 0.491927 0.790046 0.492031 0.791991 0.491875 0.793657 0.491667 0.794769 0.490990 0.795139 0.490000 0.794769 0.489844 0.794120 0.489896 0.792269 0.489896 0.790139 0.489792 0.788287 0.489740 0.786157 0.489531 0.783287 0.489271 0.782361 0.489219 0.781343 0.489323 0.778565 0.489271 0.775972 0.489323 0.773935 0.489271 0.772361
8 0.951483 0.937802 0.896569 0.942834 0.868829 0.944847 0.852412 0.943841 0.842221 0.943841 0.841655 0.961957 0.837126 0.975040 0.829767 0.982085 0.813915 0.988124 0.803159 0.987118 0.789572 0.978060 0.785609 0.964976 0.782212 0.950886 0.777117 0.939815 0.769192 0.937802 0.754472 0.932770 0.742018 0.932770 0.723902 0.930757 0.713712 0.930757 0.700691 0.934783 0.690500 0.938808 0.686538 0.938808 0.672385 0.937802 0.670120 0.954911 0.668988 0.967995 0.666157 0.974034 0.659930 0.978060 0.646909 0.978060 0.640682 0.974034 0.633322 0.965982 0.629359 0.954911 0.625962 0.938808 0.625396 0.921699 0.624830 0.912641 0.624830 0.905596 0.619169 0.899557 0.611243 0.894525 0.600487 0.894525 0.599921 0.898551 0.598222 0.909622 0.595392 0.913647 0.588598 0.914654 0.584069 0.912641 0.581805 0.904589 0.581239 0.889493 0.578974 0.879428 0.577276 0.873390 0.575011 0.864332 0.572747 0.861312 0.569916 0.855274 0.568218 0.848229 0.565953 0.833132 0.561424 0.764694 0.561424 0.733494 0.556895 0.724436 0.554631 0.704308 0.553499 0.685185 0.553499 0.676127 0.563123 0.672101 0.566519 0.663043 0.566519 0.648953 0.566519 0.639895 0.567086 0.623792 0.572181 0.606683 0.585202 0.589573 0.599355 0.568438 0.651438 0.493961 0.694463 0.437601 0.722203 0.422504 0.790704 0.410427 0.862602 0.417472 0.893173 0.425523 0.903363 0.431562 0.917516 0.440620 0.926574 0.470813 0.932801 0.516103 0.940161 0.598631 0.947520 0.692230 0.952049 0.763688 0.954314 0.804952 0.956012 0.837158 0.956578 0.867351 0.955446 0.903583
4 0.951483 0.710346 0.956012 0.727456 0.970165 0.737520 0.979223 0.752617 0.976393 0.758655 0.972996 0.762681 0.981488 0.781804 0.991112 0.791868 0.996207 0.798913 1.000000 0.806499 0.999038 0.834138 0.996773 0.850242 0.996773 0.882448 0.997905 0.906602 0.998471 0.923712 0.997905 0.943841 0.998471 0.963969 0.999038 0.973027 0.989980 0.973027 0.984318 0.969002 0.991678 0.962963 0.989413 0.952899 0.987149 0.939815 0.984318 0.932770 0.980356 0.920692 0.978091 0.908615 0.976959 0.905596 0.972996 0.890499 0.966769 0.874396 0.972996 0.896538 0.978657 0.934783 0.982054 0.944847 0.985451 0.954911 0.987715 0.959944 0.984885 0.969002 0.980356 0.973027 0.974694 0.967995 0.967335 0.964976 0.963372 0.964976 0.958843 0.961957 0.956578 0.935789 0.956578 0.924718 0.956012 0.910628 0.957711 0.891506 0.956578 0.871377 0.959409 0.845209 0.957711 0.826087 0.954314 0.792874 0.953748 0.776771 0.952615 0.750604 0.948087 0.729469
