2 0.242895 0.842539 0.273001 0.844680 0.305816 0.818454 0.320267 0.818990 0.324181 0.803468 0.281732 0.816849 0.293774 0.818454
2 0.496387 0.848962 0.466883 0.847891 0.480732 0.822201 0.469894 0.821130 0.490968 0.805074 0.504215 0.820595 0.492474 0.820595
3 0.666185 0.828088 0.654745 0.829159 0.653239 0.810961 0.687861 0.826483 0.677324 0.828088 0.688764 0.835581 0.699000 0.833976 0.692678 0.827553 0.736332 0.838257 0.716763 0.846821 0.709538 0.840398 0.698699 0.842539 0.715559 0.855384 0.687861 0.859131
6 0.542457 0.709865 0.547118 0.691850 0.553806 0.688968 0.571032 0.688968 0.582178 0.690409 0.586637 0.692211 0.590893 0.708063 0.592311 0.716350 0.592716 0.708423 0.594743 0.706982 0.596364 0.711666 0.594540 0.718511 0.594338 0.724276 0.596162 0.747694 0.596162 0.760304 0.594540 0.771833 0.594743 0.777237 0.585623 0.776877 0.585218 0.764627 0.566573 0.765708 0.547929 0.764627 0.546308 0.776517 0.539012 0.775076 0.538607 0.758863 0.537593 0.732202 0.540228 0.718511
6 0.486929 0.699777 0.490374 0.686806 0.503749 0.685726 0.516111 0.688248 0.518949 0.701578 0.520367 0.698696 0.521988 0.699416 0.522191 0.703019 0.520367 0.706982 0.522191 0.713107 0.523002 0.718511 0.523204 0.734003 0.523610 0.748415 0.522596 0.754179 0.518746 0.754179 0.518341 0.747694 0.502533 0.746253 0.489360 0.745532 0.488347 0.754900 0.481457 0.754900 0.482065 0.732923 0.482673 0.717791 0.484699 0.709144
6 0.481457 0.718872 0.470716 0.717791 0.469905 0.721394 0.466663 0.720313 0.466865 0.713107 0.468284 0.701938 0.470716 0.695814 0.476390 0.694733 0.483078 0.695814 0.484699 0.701578 0.484294 0.704821 0.482875 0.712387
4 0.730249 0.684044 0.730615 0.677523 0.731349 0.673285 0.736117 0.673285 0.738318 0.679154 0.738135 0.685674 0.737951 0.689913 0.740702 0.690239 0.742353 0.692847 0.743636 0.699694 0.743453 0.708170 0.742719 0.714691 0.743820 0.727080 0.741619 0.732297 0.741252 0.744034 0.740519 0.762617 0.741436 0.770442 0.742903 0.770768 0.743086 0.775659 0.741802 0.778919 0.738501 0.779571 0.736667 0.773050 0.737034 0.764248 0.735750 0.747620 0.734467 0.736861 0.733183 0.749902 0.731532 0.758379 0.731716 0.766530 0.731899 0.774680 0.728965 0.775985 0.728231 0.769138 0.728048 0.760335 0.727314 0.753489 0.728415 0.742403 0.727131 0.730340 0.727681 0.724798 0.728231 0.713387 0.724564 0.714691 0.722730 0.713713 0.722363 0.705562 0.724564 0.694151 0.726214 0.689587
4 0.605725 0.697737 0.605175 0.692847 0.608293 0.689587 0.610310 0.692195 0.610127 0.698063 0.611044 0.698715 0.611777 0.704584 0.611594 0.711757 0.611411 0.720233 0.611411 0.735883 0.612328 0.742403 0.611227 0.743382 0.608476 0.742077 0.606092 0.742730 0.606459 0.737187 0.606642 0.729036 0.606642 0.719907 0.606092 0.715017 0.604258 0.713061 0.602791 0.714039 0.602975 0.703606 0.604258 0.700346
1 0.313513 0.778807 0.685330 0.790123 0.654369 0.765947 0.596209 0.764918 0.596499 0.776749 0.585793 0.777263 0.583478 0.769033 0.549624 0.766975 0.549045 0.777778 0.539207 0.776749 0.536892 0.765432 0.354022 0.755144
1 0.407263 0.740226 0.481337 0.743827 0.481047 0.737140 0.480469 0.734568 0.417390 0.733539
6 0.259712 0.721207 0.253866 0.721679 0.252936 0.726167 0.249748 0.727820 0.247755 0.723805 0.244300 0.723805 0.242440 0.723805 0.242174 0.726167 0.240580 0.727820 0.238454 0.728057 0.237657 0.723332 0.232608 0.723569 0.230216 0.723569 0.229951 0.726639 0.228489 0.727820 0.225433 0.726875 0.225433 0.719317 0.225433 0.708688 0.229021 0.700893 0.230748 0.699948 0.229552 0.697586 0.230881 0.696877 0.232874 0.696641 0.234202 0.692626 0.236727 0.688846 0.242440 0.687902 0.250146 0.688138 0.257852 0.687665 0.260775 0.689791 0.263034 0.696405 0.264894 0.698058 0.266223 0.704200 0.265824 0.714120 0.264761 0.723569 0.264097 0.727348 0.261705 0.727584 0.259978 0.725458
6 0.289209 0.715774 0.288810 0.721207 0.285754 0.721679 0.284160 0.713884 0.285356 0.707034 0.286684 0.700893 0.289076 0.697822 0.291866 0.691208 0.294523 0.688846 0.302628 0.689083 0.308607 0.689791 0.311663 0.692626 0.312859 0.696877 0.314187 0.698767 0.314985 0.707979 0.313789 0.713648 0.313523 0.720498 0.311530 0.720262 0.310999 0.718136 0.306747 0.717191 0.306215 0.721207 0.303558 0.721679 0.301432 0.716719 0.297446 0.716246 0.291467 0.715301
8 0.323621 0.684358 0.330530 0.683650 0.337970 0.683650 0.338369 0.699239 0.343949 0.700184 0.344614 0.713412 0.342886 0.713884 0.342621 0.717191 0.341292 0.718136 0.339698 0.716246 0.339432 0.714593 0.337439 0.714357 0.337040 0.718372 0.335977 0.719317 0.334117 0.717191 0.334117 0.714357 0.328404 0.714829 0.328005 0.717427 0.326411 0.717427 0.325215 0.714120 0.322425 0.714357 0.322026 0.716955 0.320565 0.718372 0.318971 0.717427 0.318439 0.709869 0.319103 0.701129 0.319768 0.698295 0.319901 0.696877 0.318173 0.696641 0.318572 0.692389 0.320432 0.692389 0.320698 0.694752
8 0.224261 0.719409 0.214496 0.719209 0.213373 0.723599 0.211353 0.724996 0.209108 0.723599 0.208883 0.712424 0.210792 0.695063 0.210343 0.692469 0.210118 0.689476 0.212812 0.688677 0.216965 0.677702 0.221118 0.675906 0.249517 0.675706 0.250864 0.682691 0.250752 0.687081 0.246599 0.687480 0.240201 0.687480 0.237282 0.687480 0.235711 0.689276 0.234364 0.691272 0.233017 0.694265 0.232456 0.695462 0.231221 0.695462 0.230098 0.695263 0.229425 0.696061 0.229088 0.696859 0.229762 0.699054 0.228527 0.700052 0.227068 0.702846 0.225496 0.706038 0.224935 0.708633 0.224710 0.713422
