2 0.380208 0.999195 0.402853 0.946860 0.386096 0.946860 0.417346 0.911433 0.438632 0.944444 0.419158 0.946055 0.422781 0.998390
3 0.686368 0.908213 0.704031 0.944444 0.725317 0.941224 0.792346 1.000000 0.829937 1.000000 0.784647 0.973430 0.787817 0.965378 0.795063 0.962963 0.801857 0.962963 0.809103 0.964573 0.827219 0.981481 0.838542 0.961353 0.772418 0.942029 0.781929 0.950081 0.794158 0.955717 0.776042 0.955717 0.770154 0.959742 0.742074 0.942834 0.759737 0.943639
6 0.895607 0.808374 0.891531 0.810789 0.888813 0.818841 0.885643 0.824477 0.878861 0.825089 0.873150 0.822653 0.864241 0.813312 0.858301 0.806408 0.845966 0.808033 0.825863 0.807221 0.823579 0.781230 0.829747 0.757269 0.840026 0.738994 0.841397 0.732903 0.841626 0.728436 0.852819 0.724375 0.879774 0.721532 0.919065 0.719501 0.929345 0.726405 0.945564 0.736964 0.956757 0.752396 0.968407 0.755239 0.988281 0.758082 0.995363 0.764985 0.997190 0.769046 0.997419 0.789352 0.996276 0.799911 0.996276 0.806002 0.991708 0.807221 0.988510 0.808033 0.987368 0.814124 0.985312 0.822653 0.981428 0.826308 0.972291 0.827932 0.964981 0.821840 0.962696 0.814937 0.961097 0.812094
4 0.778349 0.736964 0.774465 0.743462 0.771267 0.754427 0.770582 0.763361 0.773095 0.769453 0.776065 0.767828 0.778349 0.768234 0.779034 0.781230 0.779948 0.785697 0.780405 0.791788 0.781090 0.799505 0.781319 0.804784 0.782232 0.811688 0.780490 0.814842 0.779095 0.817047 0.780800 0.818976 0.783746 0.818976 0.786381 0.820354 0.786691 0.815118 0.786691 0.804095 0.786226 0.797757 0.786381 0.793072 0.788396 0.801064 0.789326 0.806575 0.789326 0.812638 0.789946 0.817874 0.790411 0.819252 0.793356 0.818976 0.794131 0.818425 0.791961 0.807677 0.791186 0.794726 0.790876 0.778467 0.791186 0.765790 0.792736 0.761657 0.794286 0.756696 0.793046 0.747051 0.791341 0.740162 0.788706 0.735753 0.787156 0.733273 0.785916 0.732997 0.784986 0.728312 0.782971 0.726659 0.780180 0.726935 0.781266 0.732997 0.781110 0.735202
5 0.583127 0.734232 0.584571 0.730015 0.586118 0.727998 0.587459 0.727998 0.589418 0.729281 0.590965 0.731665 0.591894 0.736065 0.590553 0.740099 0.590347 0.742483 0.591378 0.744499 0.593956 0.745966 0.595194 0.749267 0.596019 0.753850 0.596122 0.758251 0.596225 0.763751 0.595813 0.767968 0.595916 0.770352 0.596328 0.774569 0.596535 0.782087 0.596019 0.784287 0.595400 0.786854 0.596122 0.798772 0.596019 0.802072 0.596225 0.806106 0.596638 0.808306 0.597360 0.810323 0.597153 0.812523 0.595503 0.813440 0.595400 0.817107 0.595194 0.820590 0.593853 0.821507 0.591894 0.820957 0.590656 0.819124 0.590656 0.817290 0.590243 0.816557 0.589212 0.815457 0.588490 0.815090 0.587459 0.815090 0.586943 0.816557 0.586221 0.817840 0.584880 0.817657 0.583746 0.814540 0.582818 0.809956 0.582818 0.804455 0.580549 0.805739 0.579517 0.803905 0.580239 0.799322 0.580033 0.793088 0.580239 0.786304 0.580858 0.780986 0.582199 0.773836 0.582302 0.767602 0.582096 0.761918 0.579517 0.762651 0.578177 0.763568 0.576114 0.759351 0.576836 0.757151 0.579414 0.757701 0.580549 0.757151 0.580136 0.754034 0.580755 0.751100 0.581477 0.748166 0.582611 0.747800 0.584055 0.747066 0.584880 0.745600 0.584880 0.743216 0.584158 0.740649 0.583230 0.738449
4 0.546563 0.740139 0.546354 0.737639 0.546667 0.736065 0.546927 0.735231 0.547292 0.734861 0.547969 0.734861 0.549115 0.735324 0.549583 0.736620 0.549740 0.738565 0.549792 0.739676 0.550365 0.740417 0.551198 0.741435 0.552344 0.743194 0.553021 0.744491 0.553229 0.746250 0.552656 0.747361 0.551562 0.747546 0.551354 0.748287 0.551562 0.751991 0.551979 0.755509 0.551927 0.759491 0.551510 0.762546 0.550937 0.765972 0.551042 0.769028 0.551250 0.770231 0.551667 0.771713 0.550990 0.772361 0.550469 0.772639 0.549896 0.770880 0.549323 0.768843 0.549167 0.766157 0.549271 0.763657 0.548854 0.762731 0.548438 0.762824 0.548281 0.765231 0.548177 0.767546 0.548854 0.770139 0.548750 0.772917 0.547969 0.773565 0.547448 0.772454 0.547031 0.769120 0.546198 0.763472 0.546094 0.760324 0.545156 0.756991 0.544687 0.754954 0.544375 0.753565 0.544063 0.749028 0.543854 0.744676 0.544271 0.741620 0.545104 0.740602
8 0.461745 0.740341 0.462096 0.735849 0.462306 0.732605 0.462868 0.731731 0.465254 0.731856 0.467641 0.731856 0.469887 0.731606 0.471502 0.732480 0.472414 0.733603 0.472976 0.739717 0.472905 0.742213 0.472976 0.746206 0.472554 0.748827 0.472695 0.750948 0.472905 0.752695 0.472274 0.754193 0.470729 0.754193 0.470870 0.752820 0.470659 0.751697 0.469326 0.751448 0.468202 0.751198 0.467150 0.750948 0.466237 0.750948 0.465746 0.750948 0.465114 0.751198 0.465254 0.752820 0.464482 0.753694 0.463710 0.753569 0.463219 0.753195 0.463429 0.749077 0.463078 0.745707 0.463078 0.743087
8 0.450093 0.750075 0.449180 0.749825 0.448619 0.752071 0.448338 0.753694 0.447285 0.753694 0.447355 0.751448 0.447285 0.749576 0.446864 0.747829 0.446864 0.743711 0.446723 0.730608 0.447776 0.728986 0.452830 0.728487 0.455498 0.728736 0.457323 0.728986 0.457954 0.729734 0.458797 0.732729 0.459007 0.734102 0.459007 0.736348 0.459148 0.738095 0.459077 0.739218 0.455638 0.739094 0.453462 0.739593 0.452620 0.740591 0.451146 0.743461 0.450584 0.744584 0.450303 0.746706
6 0.454219 0.739491 0.457240 0.739491 0.459115 0.739583 0.460313 0.739769 0.461198 0.740139 0.461875 0.741157 0.462240 0.742454 0.462708 0.744306 0.462969 0.746991 0.463073 0.749491 0.462917 0.751435 0.463021 0.752639 0.462865 0.754028 0.462917 0.755694 0.462917 0.756435 0.462656 0.756806 0.461667 0.757083 0.460938 0.756435 0.460990 0.754676 0.460833 0.754491 0.460573 0.754491 0.460260 0.756157 0.460365 0.756620 0.460000 0.756898 0.459271 0.756806 0.458802 0.755880 0.458750 0.754954 0.457604 0.755046 0.456719 0.754861 0.455677 0.754676 0.455313 0.754583 0.454740 0.754583 0.454271 0.754583 0.454010 0.756250 0.453333 0.756713 0.452813 0.756343 0.452552 0.755046 0.452396 0.754769 0.452135 0.754583 0.451615 0.754676 0.451458 0.756065 0.450573 0.756620 0.450208 0.755972 0.450208 0.754028 0.450365 0.752731 0.450260 0.751713 0.450521 0.750509 0.450469 0.748287 0.450833 0.745417 0.451406 0.744120 0.452188 0.742639 0.452917 0.741250
6 0.001532 0.695261 0.019608 0.699074 0.036765 0.706155 0.048407 0.715959 0.055147 0.727941 0.062500 0.751906 0.069547 0.768246 0.076593 0.778050 0.081189 0.786765 0.083946 0.796024 0.083333 0.813998 0.083333 0.826525 0.000000 0.849317
6 0.196078 0.805283 0.110600 0.821623 0.111520 0.811275 0.115502 0.791122 0.125919 0.775871 0.132966 0.768791 0.140625 0.762800 0.157169 0.731754 0.177696 0.721405 0.208946 0.720316 0.229167 0.720316 0.239277 0.735022 0.245098 0.754085 0.248468 0.769336 0.250000 0.791122 0.224571 0.796024
6 0.295037 0.780773 0.276961 0.783497 0.253370 0.786765 0.252145 0.786220 0.250306 0.775871 0.248468 0.764434 0.251838 0.751906 0.255515 0.739379 0.261336 0.732298 0.271752 0.730664 0.283088 0.730664 0.291360 0.729575 0.299020 0.730120 0.306066 0.732843 0.309130 0.739924 0.313113 0.753540 0.316176 0.762800 0.317708 0.769880 0.313419 0.773693 0.303615 0.777505
8 0.000000 0.658224 0.043811 0.664760 0.061887 0.664760 0.076287 0.665305 0.082721 0.672930 0.087929 0.690904 0.093444 0.712146 0.096507 0.749183 0.096507 0.804194 0.094056 0.823257 0.085784 0.825980 0.084252 0.818900 0.084865 0.803649 0.085478 0.791122 0.083027 0.782952 0.076900 0.771514 0.069240 0.758987 0.062194 0.738290 0.054228 0.714869 0.041054 0.703431 0.026961 0.699074 0.012561 0.694172 0.001225 0.690904
8 0.088542 0.681645 0.121936 0.682734 0.170037 0.686002 0.181373 0.688725 0.188113 0.697985 0.191789 0.712146 0.192096 0.719771 0.182292 0.719227 0.175245 0.719227 0.164828 0.725218 0.155637 0.730120 0.144301 0.751362 0.141238 0.756808 0.136029 0.761710 0.126532 0.767702 0.122549 0.773148 0.116728 0.782407 0.115196 0.790033 0.111826 0.801471 0.109681 0.809641 0.106924 0.815632 0.100797 0.817266 0.098346 0.816176 0.098652 0.798747 0.098652 0.767702 0.098958 0.741558 0.097426 0.725763 0.095588 0.708878 0.092218 0.696351
8 0.284007 0.664760 0.319547 0.659314 0.341912 0.662582 0.368260 0.686547 0.371017 0.765523 0.349571 0.768246 0.340993 0.770425 0.323529 0.770969 0.320159 0.770969 0.317402 0.762255 0.314338 0.751362 0.312500 0.744281 0.311275 0.736656 0.306985 0.729575 0.303309 0.729575 0.299020 0.727941 0.293505 0.727941 0.289522 0.726852 0.287377 0.726852 0.283395 0.726307 0.279412 0.727941 0.279105 0.720861 0.280637 0.671841
8 0.368260 0.681645 0.375000 0.682190 0.386336 0.689270 0.391238 0.692538 0.392463 0.717048 0.393689 0.736111 0.394301 0.755174 0.390012 0.756808 0.372855 0.761166 0.371017 0.726307 0.369485 0.696351
