6 0.068614 0.710145 0.116621 0.732689 0.146513 0.770531 0.165082 0.801932 0.179574 0.811594 0.186368 0.822866 0.183650 0.831723 0.191350 0.847021 0.201313 0.871176 0.207654 0.905797 0.205842 0.957327 0.196784 0.999195 0.000679 0.997585 0.001132 0.704509 0.029665 0.707729
6 0.195153 0.778387 0.217996 0.777169 0.219824 0.780824 0.225535 0.782854 0.227819 0.777575 0.233987 0.776763 0.236956 0.777575 0.238099 0.782042 0.241753 0.783260 0.244723 0.772295 0.244495 0.745898 0.241753 0.734527 0.239241 0.728436 0.226220 0.723156 0.212285 0.725593 0.204290 0.725187 0.201092 0.730466 0.198122 0.738588 0.192411 0.745898 0.188300 0.754427 0.186244 0.762549 0.186472 0.776356 0.186929 0.784885 0.192868 0.787321
6 0.185558 0.780417 0.179847 0.782042 0.176421 0.781636 0.175736 0.777981 0.170710 0.777575 0.162943 0.777575 0.160202 0.777575 0.157004 0.779605 0.155633 0.782854 0.153577 0.783666 0.153577 0.753208 0.154948 0.749553 0.161573 0.746711 0.165684 0.739807 0.171395 0.734527 0.183959 0.730060 0.194467 0.730872 0.198351 0.732091 0.196523 0.736964 0.192640 0.741025 0.190812 0.744680 0.188528 0.748741 0.186244 0.756051 0.184873 0.760518 0.185558 0.769046
6 0.414679 0.812500 0.388181 0.811688 0.386582 0.820216 0.383384 0.821434 0.380642 0.818998 0.379729 0.815749 0.376531 0.815749 0.375845 0.818592 0.374475 0.825495 0.370591 0.826308 0.368307 0.823059 0.366708 0.810469 0.366708 0.795037 0.367850 0.778793 0.370363 0.763361 0.372647 0.756457 0.377216 0.743462 0.380414 0.739401 0.391150 0.735340 0.407141 0.736558 0.418106 0.737370 0.424959 0.743462 0.428157 0.754427 0.430213 0.760924 0.431127 0.756051 0.436838 0.760112 0.437980 0.764579 0.434782 0.765798 0.433411 0.767422 0.435238 0.775544 0.437523 0.790976 0.436381 0.810063 0.435924 0.819810 0.432269 0.820216 0.430898 0.818186 0.429528 0.822653 0.422903 0.827932 0.418106 0.827526 0.416964 0.822247 0.416050 0.816155
6 0.475672 0.795037 0.449173 0.794631 0.447802 0.801535 0.443691 0.801129 0.442320 0.795443 0.443005 0.766204 0.447346 0.747929 0.449173 0.739807 0.476128 0.740619 0.479327 0.754833 0.482982 0.753614 0.484124 0.757269 0.481839 0.759300 0.481839 0.765798 0.482068 0.783666 0.482068 0.786103 0.481839 0.796662 0.481611 0.801941 0.478870 0.802753 0.476585 0.801535
6 0.520445 0.789352 0.498972 0.788540 0.497601 0.795443 0.493261 0.795850 0.492804 0.785697 0.491891 0.770265 0.495546 0.756051 0.497373 0.745898 0.502170 0.745086 0.513363 0.744274 0.520673 0.745492 0.523872 0.757675 0.525471 0.757675 0.527526 0.758894 0.527755 0.762955 0.524785 0.764173 0.525927 0.771483 0.525699 0.779199 0.526156 0.788134 0.526156 0.794225 0.523872 0.796662 0.519988 0.795850
5 0.581380 0.800132 0.577806 0.800132 0.577040 0.799905 0.576657 0.805124 0.574870 0.806940 0.572955 0.806940 0.572317 0.801720 0.572189 0.799224 0.569891 0.799905 0.568870 0.800359 0.568742 0.788104 0.567338 0.781295 0.567083 0.777210 0.568870 0.772899 0.570402 0.764502 0.567466 0.765636 0.566572 0.763821 0.567849 0.758147 0.569508 0.754289 0.572572 0.752020 0.571806 0.748843 0.571806 0.744304 0.573976 0.741580 0.576019 0.744531 0.576019 0.748843 0.577551 0.750658 0.578955 0.753608 0.580487 0.755878 0.581763 0.761097 0.581636 0.765182 0.580870 0.766998 0.579721 0.768814 0.580104 0.772445 0.580997 0.777210 0.581380 0.784473 0.580742 0.789692 0.580487 0.792189 0.580997 0.795139
4 0.604613 0.748162 0.605124 0.745665 0.606528 0.745212 0.607167 0.747935 0.607422 0.749750 0.608443 0.749977 0.609464 0.753608 0.609975 0.756559 0.610741 0.760417 0.609847 0.760871 0.609337 0.757239 0.608826 0.755878 0.608571 0.757466 0.607550 0.762232 0.607805 0.767225 0.608060 0.771991 0.608188 0.775622 0.608443 0.779707 0.607677 0.779934 0.607167 0.777891 0.607167 0.775168 0.606018 0.769040 0.606018 0.773806 0.606273 0.779480 0.604996 0.779480 0.603592 0.778345 0.603209 0.775168 0.603592 0.771764 0.603592 0.769494 0.602571 0.772445 0.601039 0.772445 0.601039 0.769040 0.601550 0.766317 0.602443 0.766317 0.602060 0.762913 0.602316 0.760190 0.602316 0.755878 0.603082 0.752474 0.603465 0.750885
6 0.522021 0.746346 0.534403 0.746800 0.538616 0.759055 0.538999 0.772672 0.538743 0.778118 0.538488 0.780842 0.536063 0.780615 0.535424 0.776757 0.527765 0.774941 0.526616 0.774941 0.526488 0.769494 0.525723 0.765409 0.527637 0.764048 0.528148 0.760417 0.527893 0.757920 0.526361 0.756786 0.524446 0.755878 0.523808 0.753835
4 0.887789 0.725752 0.887273 0.720022 0.887273 0.714292 0.888433 0.707646 0.892043 0.704895 0.895782 0.706271 0.899263 0.721397 0.896040 0.728731 0.901583 0.733773 0.908158 0.745233 0.910865 0.763797 0.912026 0.780299 0.911123 0.793821 0.911123 0.802759 0.912026 0.807802 0.910479 0.815365 0.908803 0.816282 0.909318 0.810094 0.908932 0.808031 0.907642 0.812156 0.907900 0.806426 0.907384 0.808948 0.906740 0.823616 0.904677 0.846305 0.904548 0.877934 0.904935 0.888018 0.904677 0.894664 0.900552 0.894435 0.894364 0.893289 0.891012 0.890539 0.892946 0.883893 0.893074 0.872891 0.889851 0.867620 0.884566 0.852035 0.880698 0.841722 0.879151 0.829345 0.879151 0.815136 0.876960 0.805281 0.877088 0.787862 0.877475 0.769298 0.877604 0.754630 0.880440 0.736982 0.883406 0.731252 0.885984 0.729877
4 0.881730 0.730336 0.878764 0.728502 0.880054 0.724377 0.880698 0.716355 0.878507 0.714292 0.874897 0.714063 0.872318 0.715897 0.871158 0.723460 0.871674 0.728502 0.870514 0.731940 0.867291 0.736753 0.865099 0.742024 0.863165 0.747754 0.863939 0.758984 0.861618 0.769069 0.862392 0.777090 0.862263 0.784195 0.863036 0.791300 0.864197 0.798863 0.866646 0.800697 0.867291 0.795425 0.867033 0.788550 0.865873 0.783278 0.865357 0.775486 0.867420 0.764026 0.868709 0.775486 0.869096 0.789237 0.869224 0.803447 0.869482 0.816052 0.871416 0.835075 0.872061 0.845160 0.873350 0.853410 0.874252 0.858682 0.877604 0.859828 0.880440 0.857077 0.879796 0.851348 0.879925 0.846764 0.880827 0.843784 0.878636 0.833700 0.877991 0.824303 0.877862 0.815823 0.877604 0.808718 0.875670 0.802989 0.875928 0.794279 0.876057 0.781216 0.876186 0.772048 0.876444 0.764256 0.876960 0.755546 0.879280 0.739045 0.880698 0.734919
4 0.783235 0.741337 0.781946 0.736065 0.782333 0.729419 0.783880 0.725293 0.787361 0.724835 0.789166 0.727356 0.789939 0.734690 0.791486 0.743399 0.793807 0.746608 0.796643 0.753713 0.798190 0.762422 0.798963 0.772506 0.797416 0.781216 0.796514 0.791300 0.796772 0.802759 0.798190 0.814448 0.799608 0.820178 0.801413 0.827970 0.803862 0.834846 0.805667 0.837138 0.805925 0.841722 0.804249 0.844472 0.801026 0.846535 0.796643 0.846076 0.794580 0.845160 0.794967 0.840347 0.799479 0.838055 0.798835 0.833929 0.797545 0.827512 0.793936 0.821095 0.792775 0.815365 0.789939 0.811010 0.789681 0.808718 0.786587 0.808718 0.785169 0.809406 0.784396 0.812844 0.783235 0.824532 0.781946 0.831637 0.781817 0.840805 0.780528 0.843097 0.773438 0.842180 0.767765 0.838513 0.770086 0.835534 0.772793 0.832554 0.777821 0.831867 0.776918 0.824303 0.777176 0.812844 0.777821 0.806656 0.778079 0.797717 0.778079 0.789696 0.778465 0.781903 0.778465 0.775257 0.778336 0.771360 0.776403 0.772277 0.774985 0.769298 0.774985 0.764256 0.776789 0.755317 0.779497 0.749129 0.782462 0.743629
6 0.103009 0.721365 0.124228 0.722737 0.138503 0.734739 0.143326 0.745370 0.148148 0.751543 0.150463 0.771091 0.150463 0.774863 0.143326 0.764918 0.132137 0.750857 0.123650 0.740912 0.116898 0.730624 0.109568 0.727195
6 0.304784 0.771776 0.300540 0.770405 0.299383 0.775206 0.295525 0.777263 0.294753 0.774177 0.288387 0.773834 0.286073 0.773491 0.285880 0.776235 0.282407 0.777949 0.281443 0.774177 0.278164 0.773148 0.275656 0.772805 0.273727 0.772462 0.270448 0.777949 0.268519 0.777263 0.268326 0.763546 0.267168 0.751886 0.269097 0.745370 0.271991 0.742970 0.288773 0.743313 0.296296 0.743313 0.300733 0.743656 0.306134 0.744684 0.309414 0.746742 0.311343 0.756687 0.309992 0.766289 0.310378 0.771776 0.309221 0.774177 0.306134 0.775206
6 0.348958 0.740912 0.349923 0.735768 0.360147 0.735768 0.365548 0.738512 0.367284 0.747085 0.368634 0.754287 0.367670 0.765261 0.366898 0.770748 0.364776 0.770405 0.364390 0.765604 0.363040 0.765604 0.361690 0.769033 0.359761 0.770405 0.358603 0.767318 0.353009 0.766632 0.350502 0.766289 0.351659 0.758059 0.350694 0.750857 0.349923 0.747428
2 0.311807 0.856003 0.302314 0.853266 0.340543 0.842319 0.336438 0.857371 0.324379 0.856915 0.297696 0.876984 0.273322 0.874704
2 0.472932 0.884738 0.498332 0.885650 0.496023 0.864669 0.508852 0.864669 0.494227 0.848705 0.474471 0.860108 0.485760 0.861020
3 0.692298 0.894773 0.666898 0.893861 0.654326 0.869686 0.641241 0.870598 0.645346 0.853722 0.676134 0.867406 0.664588 0.868774 0.670233 0.876072 0.677930 0.875160 0.675108 0.869686 0.704870 0.880177 0.690502 0.886107 0.685114 0.878809 0.675877 0.880633
