6 0.136096 0.928341 0.131114 0.967794 0.128850 0.984702 0.120245 0.994364 0.097600 0.996779 0.064991 0.997585 0.002038 0.998390 0.000226 0.524155 0.011549 0.516103 0.162364 0.559581 0.175951 0.575684 0.199049 0.612721 0.216259 0.650564 0.223505 0.664251 0.225770 0.670692 0.228487 0.660225 0.242980 0.657005 0.249321 0.661031 0.250226 0.678744 0.247962 0.683575 0.244339 0.693237 0.248868 0.696457 0.261096 0.704509 0.262908 0.727858 0.266984 0.756039 0.272871 0.781804 0.275136 0.838969 0.273777 0.873591 0.266531 0.909018 0.258832 0.919485 0.248415 0.927536 0.224864 0.926731 0.220788 0.910628 0.217165 0.895330
6 0.194973 0.599839 0.234828 0.603060 0.273777 0.603865 0.301404 0.614332 0.313179 0.621578 0.306839 0.628824 0.316350 0.649758 0.326766 0.668277 0.334013 0.680354 0.341259 0.708535 0.341259 0.737520 0.339900 0.773752 0.335824 0.792271 0.321784 0.805153 0.311368 0.809179 0.305933 0.834138 0.298687 0.847021 0.288270 0.855878 0.276495 0.851047 0.276495 0.842190 0.275589 0.814010 0.276947 0.789855 0.275136 0.772947 0.267437 0.751208 0.266531 0.731884 0.265172 0.703704 0.259737 0.694042 0.254303 0.694042 0.252491 0.686795 0.253850 0.675523 0.252038 0.661836 0.248415 0.655395 0.241168 0.651369 0.233016 0.655395 0.228487 0.657005 0.225317 0.666667 0.218976 0.648953 0.204484 0.620773
6 0.339447 0.797101 0.347147 0.793076 0.352582 0.778583 0.352582 0.766506 0.361639 0.762480 0.371603 0.759259 0.378397 0.749597 0.374774 0.724638 0.372509 0.709340 0.370697 0.688406 0.368433 0.677939 0.357563 0.652174 0.353487 0.644122 0.338089 0.636071 0.315444 0.628019 0.310009 0.630435 0.315444 0.639291 0.319973 0.650564 0.324955 0.657005 0.328578 0.668277 0.334466 0.677939 0.339900 0.690821 0.342165 0.706119 0.344882 0.725443 0.343976 0.744767 0.341712 0.756844 0.341712 0.775362 0.342618 0.784219
6 0.367074 0.673108 0.372509 0.665862 0.397418 0.664251 0.411005 0.665862 0.421422 0.669082 0.426857 0.677134 0.429574 0.689211 0.432292 0.693237 0.435462 0.710950 0.437726 0.727858 0.438179 0.740741 0.435915 0.747987 0.432292 0.750403 0.429574 0.744767 0.426404 0.741546 0.424592 0.751208 0.423687 0.758454 0.420969 0.756844 0.415534 0.750403 0.413723 0.743156 0.404212 0.744767 0.389266 0.745572 0.382020 0.745572 0.379755 0.743156 0.378397 0.732689 0.375679 0.717391 0.372962 0.701288 0.371603 0.685185
2 0.301225 0.851901 0.338071 0.814963 0.350260 0.816440 0.353862 0.799202 0.313691 0.811515 0.327543 0.813485 0.306488 0.823335 0.303995 0.836633 0.299562 0.842051 0.295130 0.847961 0.292913 0.850916
2 0.514268 0.817918 0.500693 0.816933 0.519808 0.798217 0.539478 0.819395 0.527565 0.818903 0.535877 0.850424 0.504571 0.849439
2 0.558801 0.707385 0.575319 0.706401 0.575477 0.709492 0.576347 0.712303 0.579508 0.711881 0.580694 0.705980 0.579745 0.696988 0.579271 0.692772 0.578876 0.688838 0.578481 0.684061 0.576426 0.670994 0.574134 0.667482 0.569234 0.666639 0.558011 0.667201 0.555719 0.670292 0.553032 0.678019 0.551846 0.687995 0.551135 0.691648 0.551688 0.699657 0.551135 0.704856 0.551688 0.709774 0.552004 0.711881 0.554375 0.712022 0.556667 0.712303 0.558011 0.712022 0.557537 0.709774
6 0.546235 0.692210 0.528768 0.692491 0.527820 0.695583 0.526318 0.696426 0.523789 0.696426 0.522288 0.694599 0.522129 0.692491 0.518968 0.692491 0.516992 0.692491 0.516597 0.687855 0.516755 0.680408 0.517308 0.676193 0.520233 0.671275 0.522683 0.669730 0.525528 0.668746 0.531535 0.668606 0.536909 0.668044 0.539991 0.668606 0.542520 0.669730 0.545444 0.672118 0.546077 0.674647 0.546946 0.677879 0.546709 0.686590 0.546867 0.688698
6 0.444014 0.715092 0.448320 0.714375 0.451012 0.710307 0.450743 0.707436 0.457068 0.706479 0.461375 0.706479 0.467969 0.706240 0.472411 0.708393 0.472949 0.711982 0.474295 0.712700 0.476583 0.712939 0.477256 0.708154 0.478736 0.709589 0.479005 0.712221 0.480216 0.712700 0.480486 0.706479 0.480889 0.702412 0.481158 0.694755 0.480082 0.686621 0.479947 0.682075 0.477525 0.670112 0.471065 0.658628 0.460433 0.658628 0.455857 0.658388 0.449935 0.659106 0.446302 0.664131 0.443610 0.669394 0.442668 0.684946 0.443072 0.694277 0.442130 0.703369 0.442399 0.712221
6 0.477121 0.667719 0.483177 0.667241 0.486407 0.667719 0.489503 0.669633 0.491925 0.675615 0.493271 0.681118 0.494213 0.687339 0.493944 0.691645 0.494482 0.695234 0.493675 0.698584 0.491656 0.698584 0.490848 0.699301 0.490714 0.701455 0.488830 0.704087 0.485600 0.704804 0.482773 0.704804 0.481428 0.704326 0.481158 0.700019 0.481428 0.694038 0.480889 0.688774 0.480486 0.683271 0.479543 0.676811 0.479140 0.672265 0.478467 0.670112
4 0.680047 0.669221 0.678251 0.665629 0.678026 0.660042 0.680496 0.657447 0.682292 0.657647 0.684649 0.661239 0.686108 0.666028 0.686894 0.672214 0.689139 0.683589 0.688129 0.696161 0.688465 0.705939 0.688802 0.714120 0.689139 0.724098 0.690037 0.732479 0.690598 0.739064 0.689700 0.740661 0.686333 0.740461 0.685322 0.739264 0.686445 0.736470 0.685098 0.728887 0.684424 0.724896 0.684424 0.719508 0.684200 0.715916 0.683639 0.718511 0.682628 0.725096 0.680945 0.733677 0.681730 0.740262 0.679934 0.740661 0.677914 0.740661 0.676567 0.739464 0.677914 0.736071 0.677914 0.731082 0.678138 0.729087 0.677353 0.709531 0.678700 0.700152 0.679149 0.692569 0.679710 0.687979 0.677577 0.686183 0.676118 0.684986 0.674996 0.680995 0.674659 0.677802 0.676904 0.678600 0.678475 0.683190 0.679149 0.684387 0.679822 0.680995 0.678924 0.678201 0.678812 0.675806 0.679485 0.674409 0.680720 0.672813
