2 0.843860 0.962637 0.886407 0.963941 0.784808 0.894171 0.804981 0.898083 0.735659 0.858307 0.749963 0.893519 0.770503 0.890910
2 0.482721 0.886168 0.465936 0.886168 0.495557 0.856328 0.516538 0.886168 0.498766 0.885729 0.504690 0.948482 0.457050 0.946726
2 0.128752 0.944532 0.218355 0.877830 0.236374 0.878708 0.258343 0.850623 0.186266 0.877392 0.201076 0.879586 0.080865 0.940144
4 0.875487 0.681501 0.875487 0.670928 0.876928 0.665481 0.882515 0.663559 0.885579 0.664200 0.886660 0.673171 0.887561 0.678938 0.892247 0.687908 0.896392 0.697520 0.897293 0.705850 0.896212 0.717705 0.893689 0.723151 0.894049 0.739812 0.893328 0.756792 0.892607 0.770569 0.890805 0.795239 0.891526 0.819909 0.893689 0.830482 0.889363 0.831443 0.882876 0.830802 0.880713 0.829841 0.876748 0.830802 0.874766 0.825996 0.877469 0.821511 0.878731 0.817346 0.875306 0.810297 0.871702 0.794278 0.869179 0.782423 0.868818 0.772812 0.868098 0.747501 0.867737 0.739812 0.865575 0.734365 0.865214 0.710656 0.867377 0.694957 0.871161 0.687588
6 0.604217 0.690579 0.608263 0.700108 0.609982 0.707479 0.612308 0.718447 0.612814 0.727616 0.612409 0.733190 0.612510 0.741100 0.612510 0.746674 0.609982 0.747033 0.607555 0.746854 0.607352 0.741460 0.607049 0.740561 0.606341 0.740022 0.606139 0.743617 0.603813 0.743797 0.602700 0.743617 0.602599 0.740741 0.595520 0.740921 0.585609 0.741640 0.581462 0.740561 0.580350 0.740561 0.579642 0.741280 0.579541 0.747753 0.575293 0.747753 0.574080 0.745415 0.573979 0.743617 0.573372 0.743258 0.572866 0.744337 0.571754 0.744157 0.571147 0.743617 0.570641 0.739482 0.570439 0.734808 0.569630 0.727077 0.570338 0.717907 0.571653 0.710716 0.572563 0.709457 0.572259 0.707839 0.569326 0.708558 0.568720 0.707120 0.569124 0.704243 0.571046 0.702985 0.572259 0.704423 0.573271 0.706221 0.575799 0.695074 0.578024 0.691118
6 0.531098 0.714311 0.532514 0.721503 0.533222 0.733909 0.532716 0.747753 0.533424 0.758360 0.533222 0.765552 0.533020 0.766990 0.528772 0.767889 0.527255 0.763934 0.527255 0.757821 0.511377 0.758181 0.499545 0.757282 0.493275 0.757641 0.492162 0.758900 0.492162 0.766810 0.483970 0.766631 0.483566 0.747753 0.483970 0.724739 0.485083 0.719346 0.486297 0.714671 0.487004 0.712154 0.484678 0.711435 0.485184 0.706760 0.487915 0.706041 0.489432 0.704423 0.493376 0.689141 0.505208 0.686803 0.515322 0.687163 0.522704 0.689860 0.525941 0.694714 0.527761 0.700827 0.529379 0.707479 0.530087 0.709817 0.531301 0.707659 0.533323 0.707120 0.535346 0.709817 0.534840 0.711974 0.533728 0.714311
6 0.556684 0.718516 0.544790 0.718850 0.544603 0.721855 0.544102 0.722857 0.541848 0.722968 0.540972 0.720186 0.541285 0.711950 0.541347 0.701155 0.542161 0.694589 0.543351 0.687467 0.544227 0.683905 0.554431 0.683683 0.559063 0.685575 0.560503 0.693476 0.561692 0.702379 0.561066 0.708278 0.561442 0.714287 0.561129 0.717737 0.561317 0.722523 0.560753 0.723636 0.558062 0.723636 0.557373 0.722968
6 0.570528 0.715046 0.566134 0.715209 0.565585 0.717975 0.563754 0.719277 0.562747 0.718138 0.562015 0.713581 0.562198 0.705119 0.562198 0.698773 0.561740 0.692264 0.563205 0.685755 0.571809 0.685267 0.577942 0.686568 0.579223 0.687707 0.579223 0.689335 0.578857 0.690474 0.577667 0.691450 0.576844 0.692264 0.575745 0.694542 0.574555 0.699098 0.574097 0.701539 0.573457 0.703329 0.573182 0.703655 0.572450 0.702516 0.571992 0.702353 0.571718 0.702028 0.570711 0.702353 0.569246 0.703329 0.568788 0.705282 0.568514 0.707398 0.568880 0.708374 0.569338 0.709513 0.570161 0.708699 0.571901 0.708374 0.572267 0.708699 0.571351 0.710978 0.570711 0.712768
6 0.485078 0.716574 0.480547 0.715926 0.480443 0.719259 0.477734 0.719352 0.477318 0.718611 0.476901 0.708704 0.477630 0.704444 0.476797 0.703889 0.476693 0.701667 0.477526 0.701204 0.478047 0.702593 0.478984 0.700556 0.479245 0.698889 0.479766 0.697593 0.481589 0.697037 0.485807 0.697037 0.488151 0.696944 0.489193 0.697407 0.489557 0.698241 0.489974 0.699722 0.490078 0.700926 0.489401 0.703333 0.488828 0.704815 0.487526 0.705648 0.485495 0.706204 0.484870 0.706759 0.484349 0.708889 0.484141 0.711667 0.484714 0.712222 0.486016 0.712222 0.486484 0.712593 0.485755 0.715370
6 0.299538 0.717637 0.277599 0.722103 0.253986 0.721210 0.255995 0.713767 0.263029 0.706026 0.266881 0.697094 0.269561 0.692926 0.283796 0.692628 0.292671 0.694117 0.296188 0.703346 0.298700 0.704835 0.299705 0.712874
6 0.259010 0.708408 0.258675 0.705133 0.256833 0.703049 0.255493 0.700965 0.254656 0.694712 0.253986 0.692331 0.246785 0.689949 0.239918 0.690247 0.235062 0.690842 0.231712 0.693224 0.225013 0.701858 0.218147 0.711087 0.216640 0.718233 0.216975 0.722699 0.229033 0.722699 0.240421 0.723592 0.250469 0.720912 0.254321 0.719126 0.255158 0.713767 0.257168 0.711683
6 0.342872 0.710446 0.322824 0.711181 0.323237 0.706404 0.324890 0.702730 0.324890 0.701995 0.323340 0.701995 0.323857 0.699974 0.325304 0.699056 0.325924 0.699423 0.329231 0.692626 0.331298 0.690237 0.339771 0.690421 0.344422 0.690789 0.346178 0.692442 0.347419 0.696116 0.347935 0.699056 0.348659 0.703281 0.348452 0.706037 0.348142 0.708425
6 0.378731 0.707139 0.378317 0.701628 0.376457 0.696667 0.374494 0.693544 0.367570 0.692442 0.364780 0.692809 0.362816 0.694830 0.360233 0.698505 0.358993 0.699974 0.359199 0.701811 0.358063 0.704935 0.357753 0.708241 0.357856 0.710446 0.364263 0.710813 0.369223 0.709527 0.374080 0.708425
