3 0.550211 0.816649 0.534714 0.842232 0.552979 0.844200 0.557407 0.894383 0.597811 0.897335 0.584528 0.869784 0.606114 0.865848 0.610542 0.875688 0.638216 0.859944 0.593937 0.843216 0.598365 0.855024 0.574565 0.857976 0.569030 0.845184 0.585081 0.844200
2 0.188229 0.889463 0.244685 0.850104 0.229188 0.847152 0.291178 0.818617 0.285090 0.850104 0.265164 0.847152 0.230295 0.886511
7 0.244792 0.721759 0.239583 0.721759 0.237761 0.717592 0.237760 0.715741 0.237240 0.714815 0.236198 0.707408 0.233854 0.704167 0.232552 0.700926 0.232031 0.689815 0.232552 0.688889 0.232552 0.684259 0.233073 0.683333 0.233073 0.675926 0.232031 0.672222 0.232031 0.666667 0.231250 0.662963 0.231250 0.656482 0.231510 0.655555 0.231510 0.649074 0.232031 0.648148 0.232031 0.637963 0.232552 0.637037 0.232552 0.634259 0.233594 0.631481 0.234115 0.625926 0.235677 0.623148 0.235677 0.619445 0.237239 0.615741 0.237761 0.612037 0.239844 0.607407 0.239844 0.600000 0.240364 0.599074 0.240365 0.593519 0.240885 0.592592 0.240886 0.550000 0.241406 0.548148 0.242708 0.545834 0.243750 0.545833 0.244271 0.544908 0.246875 0.544907 0.247396 0.543982 0.250000 0.543981 0.250521 0.543056 0.264062 0.543055 0.264583 0.542130 0.273437 0.542129 0.273958 0.541204 0.292708 0.541204 0.293229 0.540741 0.295833 0.540741 0.296354 0.541204 0.305729 0.541204 0.306250 0.542129 0.307812 0.542130 0.309896 0.543981 0.311979 0.543982 0.312500 0.544907 0.315104 0.544908 0.315625 0.545833 0.321875 0.546759 0.322396 0.547685 0.323958 0.547685 0.325521 0.549537 0.328125 0.549537 0.328646 0.550463 0.330729 0.550463 0.331250 0.551389 0.333333 0.551389 0.337500 0.555093 0.338281 0.556482 0.338281 0.558333 0.338802 0.559259 0.338802 0.565741 0.338281 0.566667 0.338281 0.581481 0.337761 0.582408 0.337761 0.586111 0.338281 0.587037 0.338281 0.598148 0.337760 0.600000 0.338281 0.601852 0.338281 0.651852 0.338802 0.652778 0.338802 0.655555 0.338281 0.656482 0.338281 0.665741 0.334636 0.673148 0.334635 0.677778 0.333854 0.679166 0.332813 0.679167 0.332292 0.680092 0.330208 0.681019 0.328906 0.683334 0.328385 0.687037 0.326823 0.689815 0.326823 0.693518 0.323698 0.700000 0.323698 0.700926 0.321354 0.703241 0.319792 0.703241 0.319271 0.704166 0.317188 0.704167 0.316667 0.705092 0.312500 0.705093 0.311979 0.706018 0.307292 0.705092 0.305208 0.702315 0.302604 0.701389 0.301563 0.702315 0.297917 0.708796 0.295833 0.710648 0.294792 0.710648 0.294271 0.711574 0.289583 0.712500 0.287500 0.710648 0.282813 0.710648 0.280729 0.712500 0.279167 0.712500 0.278646 0.713426 0.277604 0.713426 0.277083 0.714352 0.276042 0.714352 0.273958 0.716204 0.271875 0.716204 0.271354 0.717129 0.267187 0.709722 0.257813 0.709722 0.257292 0.710648 0.251042 0.710648 0.248698 0.713889 0.248177 0.717592 0.246615 0.720370 0.245313 0.720834
6 0.460937 0.690278 0.454688 0.690278 0.453646 0.689352 0.446354 0.689352 0.445833 0.690278 0.441667 0.690278 0.441146 0.689352 0.439063 0.689352 0.438281 0.687963 0.437760 0.684259 0.437500 0.683333 0.437761 0.674074 0.438281 0.672222 0.442708 0.664352 0.443229 0.664352 0.448438 0.656945 0.450000 0.656018 0.451042 0.654167 0.453125 0.652315 0.454688 0.649537 0.456771 0.649537 0.457292 0.648611 0.460417 0.648611 0.460938 0.648148 0.475000 0.648148 0.479167 0.649537 0.483073 0.657408 0.484635 0.662963 0.484636 0.667592 0.485156 0.668519 0.484635 0.675926 0.484115 0.676852 0.484114 0.678704 0.483594 0.679630 0.483594 0.681481 0.483073 0.682408 0.482552 0.686111 0.481250 0.686574 0.479687 0.688426 0.478646 0.688426 0.478125 0.689352 0.477083 0.688426 0.468750 0.688426 0.468229 0.689352 0.461458 0.689352
6 0.183854 0.706018 0.178646 0.705092 0.176823 0.702778 0.176302 0.697222 0.176042 0.696296 0.176042 0.687037 0.176302 0.683334 0.176823 0.682407 0.176823 0.676852 0.177344 0.675000 0.177344 0.670371 0.176823 0.669444 0.177865 0.666666 0.177865 0.662037 0.178906 0.658334 0.180208 0.656019 0.181250 0.656018 0.183854 0.653241 0.185937 0.653241 0.186458 0.652315 0.189583 0.652315 0.190104 0.651389 0.191146 0.651389 0.193229 0.649537 0.198958 0.649537 0.200000 0.649074 0.201562 0.649074 0.202083 0.649537 0.208854 0.649537 0.209375 0.650463 0.211979 0.650463 0.212500 0.651389 0.214583 0.651389 0.215104 0.652315 0.219792 0.653241 0.223438 0.660648 0.226562 0.663426 0.230469 0.670371 0.230469 0.671296 0.231510 0.673148 0.231511 0.675000 0.232031 0.675926 0.232031 0.680555 0.230990 0.684259 0.230990 0.698148 0.232031 0.700926 0.231771 0.702315 0.229688 0.702315 0.228646 0.703241 0.227083 0.700463 0.226042 0.700463 0.225521 0.699537 0.222396 0.699537 0.221875 0.700463 0.202083 0.700463 0.200000 0.702315 0.198438 0.702315 0.197917 0.703241 0.194271 0.704167 0.193750 0.705092 0.184375 0.705093
6 0.576042 0.685648 0.575521 0.684722 0.566146 0.684722 0.565625 0.683796 0.560938 0.683796 0.560417 0.682871 0.559896 0.683796 0.555208 0.683796 0.554687 0.682871 0.553646 0.682870 0.552604 0.681019 0.550521 0.679167 0.548438 0.679166 0.547396 0.678241 0.546354 0.675000 0.546354 0.673148 0.546875 0.670833 0.549740 0.666666 0.550260 0.662963 0.551302 0.660185 0.551823 0.655556 0.555208 0.649537 0.556250 0.649537 0.556771 0.649074 0.557292 0.649537 0.572396 0.649537 0.572917 0.650463 0.577083 0.650463 0.577604 0.651389 0.579167 0.651389 0.579688 0.652315 0.581250 0.652315 0.581771 0.653241 0.583333 0.653241 0.587500 0.656945 0.588802 0.661111 0.591406 0.665741 0.591406 0.667592 0.590885 0.668519 0.590885 0.673148 0.591406 0.674074 0.591927 0.677778 0.590885 0.680556 0.590885 0.682407 0.589062 0.684722 0.582813 0.684722 0.580469 0.681481 0.580469 0.675000 0.579688 0.673611 0.579427 0.682407 0.578646 0.683796 0.576563 0.684722
11 0.607812 0.684722 0.598958 0.684722 0.596615 0.681481 0.596615 0.676852 0.596094 0.675926 0.596094 0.668519 0.595573 0.667592 0.595573 0.658334 0.595313 0.657407 0.595313 0.653241 0.596875 0.653241 0.597396 0.652315 0.598958 0.652315 0.599479 0.651389 0.602604 0.651389 0.603125 0.650926 0.605208 0.652315 0.606771 0.652315 0.607292 0.653241 0.609896 0.654167 0.611719 0.657408 0.611719 0.659259 0.612240 0.660185 0.612240 0.666666 0.612760 0.667593 0.612760 0.671296 0.613281 0.672222 0.613281 0.677778 0.612760 0.678704 0.612760 0.681481 0.610937 0.683796 0.608333 0.683796
1 0.398002 0.702507 0.559621 0.706443 0.559621 0.714315 0.386932 0.713331
6 0.928906 0.685185 0.929427 0.683333 0.929427 0.673148 0.932292 0.668056 0.933333 0.667130 0.934896 0.667129 0.936979 0.664352 0.938021 0.664352 0.938542 0.663426 0.940625 0.663426 0.941146 0.662500 0.944271 0.661574 0.944792 0.660648 0.946354 0.660648 0.946875 0.659722 0.951042 0.657870 0.952604 0.656019 0.955208 0.655092 0.959375 0.651389 0.960417 0.649537 0.977083 0.634722 0.978125 0.634722 0.981771 0.631019 0.982812 0.631018 0.983854 0.629167 0.985938 0.627315 0.987500 0.627315 0.988021 0.626389 0.990625 0.626389 0.992188 0.624537 0.994792 0.624537 0.995313 0.624074 0.999479 0.624074 0.999740 0.722222 0.975000 0.722685 0.974479 0.723611 0.969792 0.723611 0.969271 0.724537 0.967708 0.724537 0.967187 0.725463 0.958854 0.725463 0.958333 0.726389 0.957292 0.726389 0.956250 0.728241 0.955208 0.728241 0.954687 0.729166 0.952604 0.729167 0.952083 0.730092 0.936979 0.730092 0.936458 0.729167 0.934896 0.729166 0.934375 0.728241 0.931511 0.727778 0.932031 0.726852 0.932031 0.724074 0.930469 0.720370 0.930990 0.718519 0.932552 0.716666 0.932552 0.715741 0.930990 0.712963 0.931510 0.707408 0.930469 0.704630 0.931510 0.700926 0.930469 0.698148 0.930469 0.688889 0.928906 0.685185 0.924740 0.681481 0.923177 0.685185 0.923177 0.694444 0.922656 0.695371 0.922656 0.699074 0.923177 0.700000 0.923177 0.718518 0.922656 0.719445 0.922135 0.723148 0.920312 0.725463 0.917708 0.725463 0.917187 0.724537 0.913542 0.724537 0.913021 0.725463 0.910417 0.725463 0.909375 0.724537 0.905208 0.724537 0.902865 0.721296 0.901302 0.715741 0.899219 0.712037 0.898698 0.710185 0.898698 0.707408 0.898438 0.706481 0.898438 0.697222 0.898698 0.695371 0.900260 0.692592 0.900260 0.690741 0.905990 0.679630 0.907292 0.678241 0.908333 0.678241 0.910938 0.675463 0.913542 0.674537 0.914583 0.672685 0.917187 0.672685 0.917708 0.671759 0.921354 0.671759 0.921875 0.672685 0.922917 0.672685 0.924740 0.676852 0.924740 0.681481
6 0.514062 0.672685 0.510156 0.672222 0.510156 0.665741 0.511198 0.662963 0.511198 0.660185 0.511979 0.657871 0.515625 0.657871 0.516927 0.661111 0.517188 0.664352 0.518489 0.662037 0.518490 0.659259 0.519792 0.656945 0.521354 0.656944 0.521875 0.656481 0.526562 0.656481 0.528646 0.658796 0.530208 0.659722 0.532292 0.663426 0.534375 0.664352 0.534896 0.665278 0.536458 0.665278 0.538021 0.668055 0.540625 0.668982 0.541927 0.671296 0.542448 0.673148 0.542448 0.675926 0.542969 0.676852 0.542448 0.677778 0.541927 0.681481 0.540625 0.682870 0.535417 0.682870 0.534375 0.681944 0.531771 0.681945 0.531250 0.682870 0.521354 0.682870 0.520833 0.681945 0.519792 0.681944 0.519011 0.680555 0.519531 0.673148 0.517708 0.668982 0.517188 0.668982 0.516667 0.670833 0.514583 0.671759 0.514062 0.672685 0.513021 0.676389 0.513802 0.676852 0.513802 0.678704 0.514323 0.679630 0.514062 0.681018 0.512240 0.680555 0.512240 0.678704 0.513021 0.676389
