6 0.460417 0.718055 0.458333 0.718055 0.457812 0.717130 0.456511 0.716666 0.454948 0.711111 0.454948 0.708334 0.454427 0.707407 0.453906 0.688889 0.453386 0.687963 0.452864 0.683334 0.452604 0.682407 0.452604 0.657408 0.454427 0.650000 0.455729 0.647685 0.456510 0.647222 0.457552 0.643519 0.459114 0.640741 0.459636 0.637963 0.461198 0.635185 0.461719 0.632408 0.462760 0.630555 0.462761 0.628704 0.463802 0.625000 0.466927 0.618518 0.466927 0.617593 0.468750 0.615278 0.472917 0.613426 0.477083 0.609722 0.479167 0.609722 0.479688 0.608796 0.492708 0.608796 0.493229 0.608333 0.497917 0.608333 0.498438 0.608796 0.504167 0.608796 0.504688 0.609722 0.510937 0.609722 0.514062 0.612500 0.516927 0.617593 0.517448 0.620370 0.518750 0.622685 0.519531 0.623148 0.520052 0.626852 0.522135 0.631482 0.524740 0.640741 0.527864 0.647222 0.527865 0.649074 0.528906 0.652778 0.528906 0.658333 0.529948 0.662037 0.529948 0.668518 0.530469 0.669445 0.529948 0.671296 0.529948 0.674074 0.530989 0.677778 0.530469 0.678704 0.530469 0.683333 0.530989 0.684259 0.530990 0.688889 0.531510 0.689815 0.531510 0.695370 0.530990 0.697222 0.531510 0.700000 0.529948 0.705555 0.528646 0.707870 0.527083 0.708796 0.525000 0.713426 0.523958 0.714352 0.521875 0.714352 0.521354 0.715277 0.520833 0.714352 0.517708 0.713426 0.516406 0.711111 0.515364 0.706482 0.513802 0.703704 0.513802 0.702778 0.511458 0.700463 0.504688 0.700463 0.504167 0.699537 0.500000 0.699537 0.499479 0.700463 0.491667 0.700463 0.491146 0.701389 0.489583 0.701389 0.489062 0.700463 0.486458 0.700463 0.485938 0.699537 0.485417 0.700463 0.482292 0.700463 0.481771 0.701389 0.478646 0.701389 0.478125 0.702315 0.477083 0.702315 0.475261 0.705556 0.474479 0.708796 0.473437 0.709722 0.471875 0.709722 0.471354 0.710648 0.469792 0.710648 0.469271 0.711574 0.467188 0.711574 0.464583 0.716204 0.463542 0.716204 0.463021 0.717129 0.460938 0.717130
4 0.673958 0.693055 0.671615 0.689815 0.671615 0.684259 0.670573 0.680555 0.670052 0.671296 0.669531 0.670370 0.669531 0.664815 0.667448 0.657407 0.667448 0.651852 0.666927 0.650926 0.666927 0.638889 0.663802 0.633333 0.663281 0.629630 0.663021 0.628704 0.663021 0.614815 0.663802 0.611111 0.663802 0.607408 0.664844 0.603704 0.664844 0.601852 0.666406 0.596296 0.671094 0.587037 0.671094 0.577778 0.671615 0.576852 0.671615 0.575000 0.673438 0.573148 0.675000 0.573148 0.675521 0.573611 0.677604 0.573611 0.679427 0.576852 0.680469 0.581481 0.681510 0.583334 0.681510 0.585185 0.682552 0.588889 0.683594 0.590741 0.685677 0.598148 0.687760 0.601852 0.688281 0.604629 0.689844 0.608334 0.689844 0.626852 0.688281 0.630556 0.687760 0.634259 0.686719 0.637037 0.686719 0.638889 0.686198 0.639815 0.686198 0.645370 0.685677 0.646296 0.685677 0.650000 0.686198 0.650926 0.686198 0.653704 0.686719 0.654630 0.686719 0.664815 0.686198 0.665741 0.686719 0.666667 0.686719 0.672222 0.687240 0.673148 0.687240 0.678704 0.687760 0.679630 0.687240 0.685185 0.685417 0.688426 0.684375 0.688426 0.682552 0.685185 0.682552 0.680556 0.682031 0.679629 0.682031 0.676852 0.681510 0.675000 0.680729 0.674537 0.679948 0.675926 0.679948 0.677778 0.677865 0.681481 0.678906 0.683334 0.678906 0.688889 0.676562 0.692129 0.674479 0.692130
6 0.026042 0.771759 0.022917 0.771759 0.022396 0.770834 0.017188 0.770833 0.016667 0.769908 0.015104 0.769907 0.012761 0.765741 0.011719 0.762037 0.011198 0.757408 0.009115 0.752778 0.008073 0.749074 0.008073 0.746296 0.007812 0.745370 0.007812 0.727778 0.008073 0.726852 0.008073 0.720371 0.009114 0.716666 0.009115 0.712963 0.010156 0.709259 0.010156 0.706482 0.010677 0.705555 0.010677 0.703704 0.011719 0.701852 0.012240 0.697222 0.013802 0.692592 0.013802 0.688889 0.014844 0.687037 0.014844 0.686111 0.023438 0.671759 0.025521 0.669907 0.029427 0.662963 0.030469 0.659259 0.032292 0.656019 0.034375 0.654166 0.045833 0.632871 0.047917 0.631019 0.048958 0.631018 0.050521 0.628241 0.052604 0.627315 0.054688 0.624537 0.055729 0.624537 0.056250 0.623611 0.058333 0.623611 0.058854 0.622685 0.060417 0.622685 0.060938 0.621759 0.062500 0.621759 0.063021 0.620834 0.068229 0.619907 0.068750 0.618982 0.072917 0.618981 0.073438 0.618056 0.076562 0.618055 0.077083 0.617130 0.082292 0.617129 0.082813 0.616204 0.094792 0.616204 0.095313 0.615741 0.101562 0.615741 0.102083 0.616204 0.120312 0.616204 0.120833 0.617129 0.126562 0.617130 0.127083 0.618055 0.130208 0.618056 0.131771 0.619907 0.132812 0.619908 0.138802 0.627778 0.139844 0.631481 0.144010 0.640741 0.144010 0.642592 0.146094 0.647222 0.146094 0.650000 0.150521 0.654167 0.151823 0.657408 0.151823 0.659259 0.152865 0.662037 0.152865 0.669444 0.153385 0.670371 0.153385 0.673148 0.155469 0.677778 0.155469 0.679629 0.156510 0.682408 0.156510 0.685185 0.157031 0.686111 0.157031 0.690741 0.157552 0.691667 0.157552 0.698148 0.158073 0.699074 0.158073 0.708333 0.157552 0.709259 0.157552 0.715741 0.157031 0.716667 0.157031 0.731481 0.156510 0.732408 0.156510 0.735185 0.155990 0.736111 0.155990 0.739815 0.153646 0.745833 0.152604 0.745834 0.152083 0.746759 0.150000 0.746759 0.149479 0.747685 0.143750 0.747685 0.143229 0.746759 0.141146 0.746759 0.140625 0.745834 0.139063 0.745833 0.138542 0.744908 0.134896 0.744908 0.133594 0.747222 0.133594 0.749074 0.133073 0.750000 0.133073 0.751852 0.132552 0.752778 0.132031 0.756481 0.129167 0.761574 0.128125 0.761574 0.127604 0.762500 0.124479 0.762500 0.123958 0.763426 0.121875 0.763426 0.119792 0.761574 0.118750 0.761574 0.118229 0.760648 0.117188 0.760648 0.116146 0.758796 0.112500 0.756018 0.111458 0.754167 0.106771 0.754166 0.106250 0.753241 0.092188 0.753241 0.091667 0.754166 0.091146 0.753241 0.088542 0.753241 0.088021 0.752315 0.078125 0.752315 0.077083 0.751389 0.073958 0.751389 0.073437 0.752315 0.068229 0.752315 0.067708 0.753241 0.063542 0.753241 0.063021 0.754166 0.060938 0.754167 0.060417 0.755092 0.059375 0.754167 0.055729 0.754166 0.055208 0.753241 0.036979 0.753241 0.036458 0.754166 0.034896 0.754167 0.033594 0.756482 0.030989 0.766666 0.028646 0.770833 0.026563 0.770834
8 0.191146 0.671759 0.188542 0.671759 0.186458 0.669908 0.184896 0.669907 0.183333 0.667130 0.181250 0.666204 0.177604 0.662037 0.177865 0.659259 0.177865 0.655556 0.177604 0.653704 0.178385 0.650000 0.177865 0.648148 0.177865 0.644445 0.178385 0.643518 0.178385 0.639815 0.178906 0.638889 0.178906 0.625926 0.179948 0.623148 0.179427 0.617593 0.180989 0.614815 0.178906 0.611111 0.182031 0.606481 0.180469 0.603704 0.180469 0.602778 0.182031 0.600000 0.182031 0.598148 0.180729 0.595834 0.179948 0.595370 0.181771 0.593981 0.183073 0.591666 0.183073 0.588889 0.183594 0.587037 0.186458 0.583796 0.190625 0.582870 0.191146 0.581945 0.194792 0.581944 0.195313 0.581019 0.202604 0.581018 0.203125 0.580556 0.214062 0.580556 0.214583 0.581018 0.218750 0.581019 0.219271 0.581944 0.225521 0.581945 0.227604 0.583796 0.231250 0.583796 0.235417 0.587500 0.236198 0.588889 0.237239 0.592593 0.237240 0.594444 0.237760 0.595371 0.237760 0.597222 0.237240 0.598148 0.237760 0.600000 0.237760 0.605555 0.237240 0.607407 0.238281 0.610185 0.238281 0.613889 0.237761 0.614815 0.237760 0.624074 0.237240 0.625000 0.237240 0.630555 0.237760 0.631482 0.237760 0.638889 0.237240 0.639815 0.237239 0.643518 0.236719 0.644445 0.236719 0.651852 0.235937 0.654167 0.234636 0.655556 0.234114 0.662037 0.232292 0.665278 0.229167 0.668055 0.226563 0.668056 0.224479 0.669907 0.222396 0.668056 0.220833 0.668055 0.220312 0.667130 0.217188 0.667129 0.216667 0.666204 0.215104 0.666204 0.214583 0.667129 0.207292 0.667130 0.206771 0.668055 0.205208 0.668056 0.203646 0.669907 0.202083 0.669908 0.201562 0.670833 0.200000 0.670833 0.197917 0.668982 0.196354 0.668982 0.194271 0.670833 0.191667 0.670834
11 0.334375 0.706018 0.327604 0.706018 0.327083 0.705093 0.326042 0.705092 0.322917 0.702315 0.321875 0.700463 0.320833 0.700463 0.320312 0.701389 0.317708 0.701389 0.315104 0.705092 0.313021 0.705092 0.312500 0.704167 0.311458 0.704166 0.308854 0.699537 0.307812 0.698611 0.305208 0.698611 0.304687 0.697685 0.302083 0.697685 0.301562 0.696759 0.298438 0.696759 0.297917 0.695834 0.293229 0.695833 0.292708 0.694908 0.289063 0.694908 0.288542 0.695833 0.284896 0.695834 0.284375 0.696759 0.282813 0.696759 0.281511 0.699074 0.280469 0.703704 0.279167 0.706018 0.274479 0.706018 0.271875 0.702315 0.271354 0.702315 0.270573 0.700926 0.270573 0.695371 0.270313 0.694444 0.270313 0.691667 0.270573 0.690741 0.270573 0.685185 0.271614 0.682407 0.271615 0.675000 0.272135 0.673148 0.271615 0.669445 0.272135 0.668518 0.272136 0.664815 0.272656 0.663889 0.272656 0.634259 0.275260 0.630555 0.275261 0.628704 0.277865 0.619445 0.280729 0.614352 0.281771 0.613426 0.283333 0.613426 0.283854 0.612500 0.285417 0.612500 0.285938 0.611574 0.288021 0.611574 0.288542 0.610648 0.290104 0.610648 0.290625 0.609722 0.304687 0.609722 0.305208 0.608796 0.309896 0.608796 0.310417 0.607871 0.313542 0.606944 0.314063 0.606481 0.326562 0.606481 0.329688 0.611574 0.330729 0.611574 0.333854 0.614352 0.334115 0.618518 0.335156 0.621296 0.335677 0.626852 0.336198 0.627778 0.336719 0.637037 0.338281 0.640741 0.338281 0.643518 0.338802 0.644445 0.338802 0.649074 0.339323 0.650000 0.339323 0.654629 0.338802 0.655556 0.338802 0.659259 0.338281 0.660185 0.338281 0.681481 0.337761 0.682408 0.337761 0.686111 0.338281 0.687037 0.338281 0.696296 0.336719 0.701852
6 0.370312 0.690278 0.366146 0.690278 0.365625 0.689352 0.364063 0.689352 0.363542 0.688426 0.361979 0.688426 0.359115 0.685185 0.358594 0.681482 0.357812 0.680093 0.342708 0.680093 0.342187 0.681018 0.341146 0.681018 0.338802 0.677778 0.338802 0.666667 0.338281 0.665741 0.338802 0.664815 0.338802 0.657408 0.339323 0.656481 0.339323 0.646296 0.338281 0.642592 0.338281 0.637963 0.336719 0.634259 0.336458 0.625926 0.339063 0.620834 0.343229 0.618981 0.343750 0.618056 0.351042 0.618055 0.351563 0.617593 0.355729 0.617593 0.356250 0.618055 0.360937 0.618056 0.363021 0.619907 0.364062 0.619908 0.364583 0.620833 0.365625 0.620834 0.367448 0.624074 0.367448 0.625000 0.369010 0.627778 0.369531 0.633333 0.371614 0.640741 0.371615 0.643518 0.372135 0.644445 0.372136 0.650000 0.373698 0.654630 0.373698 0.656481 0.373177 0.657407 0.374219 0.661111 0.374219 0.667592 0.374739 0.668519 0.374739 0.671296 0.374219 0.672222 0.374219 0.678704 0.373177 0.680556 0.373177 0.683333 0.373698 0.685185 0.372396 0.688426
2 0.349001 0.739077 0.370830 0.750598 0.358551 0.751811 0.376970 0.773640 0.347637 0.776066 0.347637 0.751811 0.333993 0.754236
3 0.507946 0.731194 0.514085 0.744535 0.526364 0.743322 0.558085 0.763938 0.584348 0.763938 0.557062 0.751205 0.567976 0.748173 0.575480 0.753024 0.586736 0.746354 0.551263 0.739684 0.558767 0.743322 0.546488 0.746960 0.535914 0.742109 0.545806 0.740290
11 0.604167 0.665278 0.598438 0.665278 0.597917 0.664352 0.593229 0.663426 0.592708 0.662500 0.591667 0.662500 0.589583 0.660648 0.588021 0.660648 0.587500 0.659722 0.584375 0.659722 0.583854 0.658796 0.579427 0.658333 0.578906 0.656481 0.578906 0.653704 0.577865 0.650926 0.578385 0.647222 0.578385 0.644445 0.577865 0.643518 0.577865 0.638889 0.578385 0.637963 0.577865 0.637037 0.577865 0.632408 0.578385 0.631481 0.578385 0.629630 0.577604 0.625926 0.577865 0.623148 0.577604 0.621296 0.577604 0.618519 0.578385 0.616666 0.579688 0.611574 0.581771 0.610648 0.582292 0.609722 0.590104 0.609722 0.591146 0.609259 0.592708 0.609259 0.593229 0.609722 0.595833 0.609722 0.596354 0.609259 0.601562 0.609259 0.602083 0.609722 0.607812 0.609722 0.608333 0.610648 0.609896 0.610648 0.610417 0.611574 0.611979 0.611574 0.614323 0.614815 0.615885 0.625926 0.615885 0.628704 0.615365 0.629630 0.615365 0.632407 0.614844 0.633334 0.614323 0.646296 0.612760 0.651852 0.610677 0.653704 0.612500 0.654167 0.613021 0.655092 0.615104 0.655093 0.617187 0.656945 0.617448 0.658333 0.615104 0.662500 0.611979 0.662500 0.611458 0.663426 0.606250 0.663426
4 0.751562 0.714352 0.746875 0.714352 0.746354 0.713426 0.744792 0.713426 0.743490 0.712037 0.743490 0.698148 0.742969 0.697222 0.743490 0.695370 0.743490 0.690741 0.742969 0.688889 0.743490 0.687037 0.743490 0.684259 0.742969 0.683333 0.742969 0.674074 0.742448 0.673148 0.742448 0.667593 0.741927 0.666666 0.741927 0.662963 0.740885 0.659259 0.740885 0.655556 0.739844 0.653704 0.739323 0.650000 0.738021 0.647685 0.735938 0.646759 0.734896 0.644907 0.733594 0.639815 0.732552 0.637963 0.732552 0.636111 0.731510 0.632407 0.731510 0.627778 0.732031 0.625926 0.731510 0.625000 0.731510 0.621296 0.729688 0.614815 0.729688 0.607408 0.730990 0.601852 0.730990 0.598148 0.732031 0.595370 0.732031 0.593519 0.734635 0.587963 0.734635 0.586111 0.735156 0.585185 0.735156 0.576852 0.735677 0.575926 0.735677 0.570371 0.736198 0.569444 0.736719 0.563889 0.738542 0.559722 0.740625 0.557871 0.742187 0.557870 0.742708 0.557407 0.744792 0.557407 0.745313 0.557870 0.746354 0.557871 0.747396 0.558796 0.749740 0.562963 0.750260 0.566666 0.752344 0.573148 0.752865 0.576852 0.755729 0.581944 0.756250 0.581945 0.760156 0.587963 0.761198 0.592592 0.763802 0.597222 0.766406 0.606482 0.766406 0.615741 0.767448 0.618519 0.767448 0.621296 0.768490 0.625000 0.768490 0.633333 0.767187 0.635648 0.764062 0.638426 0.763021 0.638426 0.761198 0.641667 0.761198 0.643518 0.760677 0.644445 0.760677 0.650000 0.759635 0.653704 0.760156 0.655556 0.760156 0.659259 0.759635 0.660185 0.759635 0.662037 0.760156 0.663889 0.760156 0.669444 0.761198 0.672222 0.761719 0.681481 0.762760 0.685185 0.762760 0.689815 0.763281 0.690741 0.763281 0.697222 0.763802 0.698148 0.763802 0.706481 0.764323 0.708333 0.763542 0.710648 0.761458 0.712500 0.759896 0.712500 0.759375 0.713426 0.757031 0.709259 0.757031 0.707408 0.756510 0.706481 0.756510 0.702778 0.755990 0.700926 0.753646 0.700463 0.753385 0.704629 0.752865 0.705556 0.752865 0.712037
