3 0.855208 0.957870 0.840104 0.957870 0.839583 0.956945 0.827604 0.956944 0.827083 0.956019 0.815625 0.956018 0.815104 0.955093 0.810938 0.955093 0.810417 0.956018 0.809896 0.955093 0.802604 0.955092 0.802083 0.954167 0.799479 0.954167 0.796354 0.951389 0.795313 0.951389 0.791667 0.947685 0.788542 0.943056 0.783854 0.939352 0.782292 0.936574 0.780208 0.934722 0.779167 0.934722 0.773958 0.928241 0.770313 0.925463 0.767708 0.921759 0.763021 0.918055 0.759896 0.913426 0.758333 0.912500 0.757292 0.910648 0.753646 0.907870 0.750000 0.903241 0.746354 0.900463 0.744792 0.897685 0.743750 0.897685 0.741146 0.893982 0.739583 0.893055 0.737500 0.889352 0.735938 0.888426 0.734896 0.886574 0.724479 0.877315 0.722396 0.877315 0.721875 0.876389 0.714583 0.876389 0.714062 0.875463 0.706250 0.875463 0.705729 0.874537 0.703125 0.874537 0.702604 0.873611 0.701563 0.873611 0.696615 0.863889 0.696094 0.861111 0.693490 0.856481 0.691406 0.850000 0.689323 0.846296 0.688802 0.842593 0.687500 0.838889 0.687500 0.836111 0.689063 0.834259 0.690104 0.834722 0.694271 0.835648 0.694792 0.836574 0.697917 0.837500 0.698438 0.838426 0.701042 0.839352 0.701563 0.840278 0.702604 0.840278 0.704688 0.842129 0.706250 0.842130 0.708333 0.843981 0.709375 0.843982 0.709896 0.844907 0.710937 0.844908 0.711458 0.845833 0.715625 0.847685 0.716146 0.848611 0.718229 0.848611 0.718750 0.849537 0.722396 0.850463 0.724479 0.852315 0.726042 0.852315 0.726563 0.853241 0.728125 0.853241 0.728646 0.854166 0.730208 0.854167 0.732292 0.856018 0.735937 0.856945 0.736458 0.857870 0.739583 0.858796 0.740104 0.859722 0.741667 0.859722 0.742188 0.860648 0.744792 0.861574 0.746354 0.863426 0.747917 0.863426 0.748438 0.864352 0.751562 0.865278 0.752083 0.866204 0.753646 0.866204 0.754167 0.867129 0.757812 0.868056 0.758333 0.868981 0.759375 0.868982 0.761458 0.870833 0.763542 0.870834 0.764063 0.871759 0.765104 0.871759 0.766406 0.873148 0.766927 0.875000 0.766667 0.877315 0.764583 0.879166 0.759896 0.879167 0.758594 0.880556 0.763021 0.881945 0.767708 0.886574 0.776042 0.886574 0.776563 0.885648 0.784375 0.885648 0.784896 0.884722 0.786198 0.884259 0.785417 0.883796 0.783073 0.879630 0.784375 0.877315 0.787500 0.877315 0.788021 0.878241 0.790625 0.878241 0.791146 0.879166 0.795833 0.879167 0.796354 0.880092 0.800000 0.880093 0.800521 0.881018 0.802083 0.881019 0.802604 0.881944 0.806250 0.881945 0.806771 0.882870 0.809896 0.882871 0.810417 0.883796 0.814583 0.883796 0.815104 0.884722 0.816667 0.884722 0.817188 0.885648 0.820312 0.885648 0.820833 0.886574 0.829167 0.887500 0.829688 0.888426 0.832292 0.888426 0.832813 0.889352 0.839583 0.890278 0.840104 0.891204 0.842187 0.891204 0.842708 0.892129 0.844271 0.892130 0.844792 0.893055 0.849479 0.893982 0.850781 0.895371 0.850781 0.899074 0.850260 0.900000 0.849740 0.904629 0.847656 0.908334 0.847135 0.911111 0.846094 0.912963 0.844010 0.919444 0.842187 0.921759 0.837500 0.921759 0.836979 0.920834 0.835417 0.920833 0.830208 0.916204 0.827604 0.915278 0.826042 0.913426 0.824479 0.913426 0.822396 0.911574 0.818229 0.910648 0.816146 0.908796 0.813021 0.908796 0.810937 0.910648 0.805729 0.910648 0.805469 0.912037 0.808333 0.913426 0.809896 0.916204 0.811979 0.917130 0.813542 0.919907 0.814583 0.919908 0.815104 0.920833 0.817187 0.921759 0.818229 0.923611 0.820833 0.924537 0.824479 0.928241 0.827083 0.929167 0.829688 0.931944 0.832292 0.932871 0.833854 0.934722 0.834896 0.934722 0.835417 0.935648 0.836458 0.935648 0.838542 0.937500 0.839583 0.937500 0.843229 0.941204 0.844271 0.941204 0.848958 0.945833 0.850000 0.945834 0.854167 0.949537 0.855208 0.951389 0.859114 0.954630 0.857812 0.956944 0.855729 0.956945
6 0.058333 0.793055 0.047396 0.793055 0.045313 0.791204 0.042448 0.787037 0.041927 0.784259 0.040365 0.781481 0.038802 0.774074 0.038021 0.772685 0.036198 0.771296 0.036198 0.769445 0.035677 0.768518 0.035677 0.766667 0.034636 0.762963 0.034635 0.759259 0.033854 0.755555 0.033854 0.750926 0.034114 0.750000 0.034115 0.744445 0.034635 0.743518 0.034636 0.737963 0.035156 0.737037 0.035677 0.732408 0.036198 0.731481 0.037240 0.720371 0.038802 0.714815 0.038802 0.712963 0.040885 0.707407 0.040886 0.705556 0.041927 0.703704 0.044011 0.697222 0.044792 0.696759 0.047917 0.691204 0.050521 0.689352 0.051563 0.687500 0.054687 0.684722 0.056250 0.681945 0.058854 0.680092 0.059115 0.678704 0.061458 0.674537 0.064062 0.672685 0.066667 0.668982 0.067187 0.668981 0.069271 0.665278 0.073437 0.661574 0.078125 0.654167 0.082292 0.650463 0.084375 0.646759 0.084896 0.646759 0.088021 0.642130 0.089062 0.642129 0.092708 0.638426 0.093750 0.638426 0.096354 0.635648 0.097396 0.635648 0.102083 0.631019 0.103646 0.631018 0.104167 0.630093 0.107292 0.630092 0.107813 0.629167 0.112500 0.629166 0.113021 0.628241 0.116667 0.628241 0.117188 0.627315 0.119792 0.627315 0.120313 0.626389 0.128125 0.626389 0.128646 0.625463 0.134896 0.625463 0.135417 0.625000 0.164583 0.625000 0.165104 0.625463 0.174479 0.625463 0.175000 0.626389 0.178125 0.626389 0.178646 0.627315 0.182292 0.628241 0.183854 0.630092 0.184896 0.630093 0.188021 0.632871 0.191146 0.637500 0.191667 0.637500 0.193750 0.641204 0.194271 0.641204 0.195573 0.643519 0.195833 0.644907 0.196875 0.646759 0.197396 0.646759 0.199219 0.650000 0.199479 0.651389 0.200521 0.652315 0.205990 0.662037 0.205990 0.662963 0.208073 0.666667 0.208073 0.667592 0.210677 0.672222 0.211719 0.675926 0.211719 0.677778 0.212760 0.681482 0.212760 0.684259 0.213281 0.685185 0.213281 0.689815 0.213802 0.690741 0.213802 0.697222 0.214323 0.698148 0.214323 0.703704 0.214844 0.704630 0.214844 0.710185 0.214323 0.711111 0.214323 0.725926 0.213802 0.726852 0.213802 0.742592 0.213281 0.743519 0.213281 0.751852 0.210677 0.761111 0.210677 0.762963 0.207812 0.766204 0.205208 0.766204 0.204167 0.767130 0.200000 0.767129 0.199479 0.766204 0.197396 0.766204 0.195573 0.762963 0.195052 0.760185 0.193750 0.756945 0.192708 0.756019 0.190104 0.756018 0.189583 0.755093 0.184375 0.755093 0.183854 0.756018 0.181250 0.756019 0.180729 0.756944 0.176042 0.757871 0.175521 0.758796 0.172396 0.758796 0.169531 0.762963 0.167448 0.767593 0.166406 0.775000 0.164844 0.778704 0.164323 0.781481 0.162500 0.784722 0.160417 0.785648 0.159896 0.786574 0.158854 0.786574 0.158333 0.787500 0.153125 0.787500 0.152083 0.786574 0.151042 0.784722 0.150521 0.784722 0.146615 0.777778 0.146614 0.775926 0.145573 0.774074 0.145573 0.773148 0.142708 0.768982 0.125521 0.768982 0.125000 0.769907 0.118229 0.769908 0.117708 0.770833 0.095833 0.770834 0.095312 0.771759 0.077604 0.771759 0.077083 0.772685 0.068750 0.772685 0.067448 0.774074 0.066927 0.775926 0.066927 0.778704 0.065886 0.780556 0.064323 0.786111 0.060937 0.791204 0.058854 0.792130
7 0.263542 0.702314 0.262500 0.701389 0.262239 0.700000 0.260937 0.697685 0.257813 0.696759 0.257292 0.695834 0.246354 0.696759 0.245833 0.697685 0.242188 0.698611 0.240625 0.700463 0.238542 0.700463 0.238021 0.699537 0.234375 0.699537 0.232812 0.701389 0.227083 0.701389 0.226562 0.702315 0.220833 0.702315 0.217969 0.699074 0.217448 0.695371 0.216927 0.694444 0.216927 0.690741 0.216406 0.689815 0.216406 0.687037 0.215885 0.686111 0.215365 0.675000 0.215104 0.674074 0.215104 0.673148 0.216927 0.669444 0.217448 0.667592 0.217448 0.662963 0.216927 0.662037 0.216927 0.654630 0.216406 0.653704 0.216406 0.638889 0.216927 0.637963 0.217448 0.625000 0.217969 0.624074 0.217969 0.620371 0.218489 0.619444 0.219011 0.612037 0.220052 0.608334 0.221094 0.606481 0.221094 0.604630 0.221614 0.603704 0.221615 0.593519 0.222656 0.589815 0.225521 0.585648 0.227604 0.584722 0.228125 0.583796 0.230729 0.583796 0.231250 0.582871 0.237500 0.582870 0.238021 0.581945 0.241667 0.581944 0.242188 0.581019 0.245833 0.581018 0.246354 0.580093 0.274479 0.580092 0.275000 0.579630 0.275521 0.580092 0.279167 0.580093 0.279688 0.581018 0.282292 0.581019 0.282813 0.581944 0.286979 0.581945 0.289583 0.585648 0.290104 0.585648 0.292708 0.590278 0.293229 0.590278 0.294010 0.591667 0.292969 0.595371 0.292969 0.598148 0.293489 0.599074 0.291927 0.602778 0.292448 0.606481 0.292448 0.608333 0.291927 0.609259 0.291927 0.622222 0.293489 0.626852 0.293489 0.631481 0.292969 0.632408 0.292969 0.661111 0.292448 0.662037 0.292448 0.665741 0.291927 0.666667 0.291927 0.669444 0.291406 0.670371 0.291406 0.673148 0.290886 0.674074 0.290364 0.679629 0.288802 0.683334 0.288802 0.684259 0.286979 0.687500 0.283333 0.690278 0.282031 0.692593 0.280989 0.697222 0.279167 0.700463 0.272396 0.700463 0.271875 0.701389 0.270833 0.701389 0.270312 0.700463 0.268750 0.700463 0.268229 0.699537 0.266667 0.699537 0.265625 0.701389 0.264063 0.701389
4 0.353646 0.738426 0.352344 0.736111 0.352344 0.727778 0.351823 0.726852 0.351823 0.706482 0.352344 0.705555 0.352344 0.700000 0.351302 0.696296 0.351302 0.685185 0.349219 0.677778 0.349219 0.673148 0.347917 0.667592 0.347917 0.655556 0.348177 0.654629 0.348177 0.650000 0.348698 0.648148 0.349739 0.646296 0.350781 0.642593 0.355989 0.633333 0.355990 0.622222 0.357552 0.616667 0.358854 0.616204 0.359375 0.615741 0.360937 0.615741 0.363021 0.617130 0.365885 0.622222 0.365885 0.625000 0.365365 0.626852 0.365885 0.627778 0.365886 0.630555 0.367448 0.634259 0.367448 0.635185 0.371094 0.640741 0.371615 0.644444 0.373698 0.650000 0.373177 0.654629 0.374739 0.658333 0.374219 0.659259 0.374219 0.665741 0.373698 0.666667 0.373698 0.668518 0.372656 0.672222 0.372656 0.678704 0.372136 0.679630 0.372135 0.681481 0.370052 0.686111 0.370052 0.687963 0.369011 0.691667 0.369010 0.699074 0.368490 0.700000 0.368489 0.703704 0.367969 0.704630 0.367969 0.717592 0.367448 0.718519 0.367448 0.723148 0.367969 0.724074 0.366927 0.727778 0.366927 0.733333 0.365104 0.736574 0.362500 0.736574 0.361979 0.735648 0.357292 0.735648 0.355729 0.737500 0.354167 0.737500
4 0.908333 0.713426 0.907292 0.713426 0.906771 0.712500 0.904688 0.711574 0.903385 0.708333 0.903385 0.704630 0.903906 0.703704 0.903906 0.691667 0.902083 0.689352 0.900521 0.689352 0.899219 0.691667 0.898698 0.694444 0.897135 0.696296 0.896615 0.698148 0.896615 0.700926 0.894531 0.704630 0.894010 0.708333 0.892187 0.712500 0.889583 0.712500 0.888021 0.710185 0.888281 0.700000 0.890885 0.691666 0.890885 0.687963 0.891927 0.684259 0.891927 0.668519 0.891406 0.667592 0.890885 0.657408 0.890104 0.655093 0.888802 0.653704 0.888281 0.650000 0.888021 0.649074 0.888021 0.636111 0.890365 0.629629 0.890885 0.626852 0.896094 0.618518 0.897135 0.614815 0.897917 0.614352 0.899479 0.612037 0.900521 0.612037 0.901563 0.613426 0.903125 0.614352 0.904427 0.616667 0.904948 0.619444 0.908594 0.626852 0.909115 0.629629 0.910677 0.632408 0.911198 0.635185 0.912760 0.638889 0.912760 0.648148 0.912240 0.650000 0.912760 0.653704 0.911198 0.657408 0.910677 0.668518 0.910156 0.669444 0.910677 0.670371 0.910677 0.675926 0.911198 0.676852 0.910677 0.677778 0.910677 0.684259 0.911198 0.685185 0.910677 0.686111 0.910677 0.695370 0.910156 0.696296 0.910677 0.698148 0.910677 0.701852 0.910156 0.702778 0.910156 0.709259
11 0.546354 0.686574 0.544271 0.686574 0.543229 0.685648 0.542708 0.683796 0.542188 0.683796 0.541146 0.681945 0.536979 0.685648 0.534375 0.684722 0.532812 0.681945 0.532292 0.681945 0.529687 0.685648 0.524740 0.685185 0.524739 0.683334 0.524219 0.682407 0.524219 0.677778 0.523698 0.676852 0.523698 0.665741 0.522917 0.662037 0.522917 0.659259 0.523177 0.657407 0.522917 0.653704 0.523177 0.652778 0.523177 0.650000 0.523698 0.648148 0.525260 0.646296 0.526302 0.642593 0.527604 0.640278 0.528125 0.640278 0.530208 0.637500 0.532812 0.636574 0.533333 0.635648 0.538021 0.635648 0.538542 0.635185 0.541146 0.635185 0.542708 0.636574 0.545312 0.637500 0.546615 0.638889 0.548177 0.644445 0.548177 0.646296 0.549740 0.649074 0.550260 0.652778 0.550781 0.653704 0.549740 0.656482 0.549740 0.662037 0.549219 0.662963 0.549219 0.672222 0.548698 0.674074 0.548698 0.678704 0.549219 0.679630 0.549219 0.681481 0.548698 0.682408 0.548437 0.685648 0.546875 0.685648
6 0.405208 0.674537 0.402604 0.674537 0.402083 0.673611 0.400521 0.673611 0.398958 0.671759 0.396875 0.670833 0.388021 0.670834 0.385417 0.674537 0.380208 0.674537 0.378906 0.672222 0.378385 0.667593 0.377865 0.666666 0.377864 0.663889 0.377604 0.662963 0.377604 0.657408 0.377864 0.656481 0.377865 0.654630 0.378385 0.653704 0.378386 0.651852 0.379427 0.648148 0.379427 0.646296 0.382292 0.640278 0.382812 0.640278 0.384375 0.637500 0.385417 0.637500 0.385938 0.636574 0.391667 0.636574 0.392188 0.636111 0.400000 0.636111 0.402083 0.637500 0.403125 0.637500 0.404948 0.640741 0.405469 0.643518 0.407552 0.647222 0.408073 0.649074 0.408073 0.662963 0.407031 0.666667 0.407031 0.672222
6 0.429167 0.673611 0.426823 0.673148 0.426823 0.671296 0.426302 0.670370 0.426302 0.661111 0.426042 0.660185 0.426042 0.656482 0.426302 0.655555 0.426302 0.650926 0.426823 0.650000 0.426823 0.647222 0.428906 0.639815 0.430729 0.636574 0.431771 0.636574 0.432292 0.635648 0.434896 0.635648 0.435417 0.635185 0.436458 0.635648 0.442708 0.635648 0.443229 0.636574 0.444271 0.636574 0.446094 0.639815 0.447136 0.644444 0.448177 0.646296 0.448177 0.649074 0.448698 0.650000 0.448698 0.652778 0.449219 0.653704 0.449219 0.660185 0.449739 0.661111 0.449739 0.669444 0.447917 0.672685 0.445313 0.672685 0.443229 0.670834 0.440625 0.670833 0.440104 0.669908 0.436979 0.669908 0.436458 0.670833 0.433854 0.670834 0.433333 0.671759 0.431771 0.671759 0.431250 0.672685 0.429688 0.672685
6 0.496875 0.659722 0.491146 0.659722 0.490625 0.658796 0.489323 0.658333 0.489063 0.656481 0.489063 0.645371 0.491146 0.640278 0.493229 0.638426 0.497396 0.637963 0.502083 0.638426 0.504167 0.641204 0.504687 0.641204 0.506510 0.646296 0.503906 0.652778 0.503385 0.656481 0.502083 0.658796 0.497396 0.658796
6 0.350000 0.696759 0.348958 0.696759 0.348437 0.697685 0.346354 0.697685 0.345313 0.698611 0.342708 0.693982 0.341667 0.693981 0.341146 0.693056 0.338542 0.693055 0.337500 0.692130 0.327083 0.693056 0.326562 0.693981 0.323438 0.693982 0.322917 0.694907 0.321875 0.694908 0.320312 0.697685 0.318229 0.699537 0.314063 0.699537 0.313542 0.700463 0.311979 0.700463 0.311458 0.701389 0.308333 0.701389 0.307812 0.700463 0.306771 0.700463 0.305469 0.698148 0.305469 0.695371 0.305208 0.694444 0.305208 0.671296 0.305469 0.670370 0.305469 0.665741 0.307031 0.662037 0.307031 0.660185 0.308073 0.656482 0.309114 0.654629 0.310156 0.650926 0.315885 0.639815 0.315886 0.638889 0.317188 0.636574 0.319271 0.634722 0.321875 0.633796 0.322396 0.632871 0.334896 0.632870 0.335417 0.632407 0.340104 0.632407 0.340625 0.632870 0.345833 0.632871 0.346875 0.633796 0.350781 0.641667 0.350260 0.645370 0.348698 0.649074 0.348698 0.652778 0.349219 0.653704 0.348177 0.657408 0.348177 0.670370 0.349739 0.673148 0.350261 0.678704 0.351302 0.681482 0.351302 0.686111 0.351823 0.687963 0.351302 0.694444 0.350000 0.696759 0.364583 0.722685 0.365364 0.723148 0.365104 0.725463 0.364583 0.725463 0.363802 0.724074 0.364583 0.722685
