3 0.702695 0.760112 0.710869 0.779487 0.723735 0.777168 0.769849 0.807228 0.801104 0.806317 0.767543 0.790832 0.775997 0.789010 0.788038 0.795386 0.804691 0.788555 0.757039 0.778535 0.766262 0.784000 0.754221 0.784911 0.737569 0.777624 0.748585 0.777168
4 0.784375 0.735648 0.782292 0.735648 0.781771 0.734722 0.780208 0.734722 0.779687 0.733796 0.773958 0.733796 0.773437 0.732871 0.770833 0.732870 0.770052 0.731481 0.770052 0.726852 0.770573 0.725926 0.770573 0.724074 0.772135 0.720370 0.772135 0.710185 0.771615 0.708333 0.772135 0.704630 0.771094 0.700926 0.771615 0.699074 0.771615 0.696296 0.770573 0.692592 0.770573 0.685185 0.770052 0.683334 0.767448 0.678704 0.767448 0.674074 0.766927 0.673148 0.766927 0.662963 0.765885 0.659259 0.765365 0.654630 0.765104 0.653704 0.765104 0.649074 0.765365 0.648148 0.765365 0.643519 0.765885 0.642592 0.765885 0.640741 0.767448 0.635185 0.767448 0.632408 0.768490 0.628704 0.771094 0.623148 0.772135 0.619444 0.772135 0.616667 0.773177 0.612963 0.775000 0.610185 0.779167 0.610185 0.782031 0.613889 0.782031 0.614815 0.783073 0.616667 0.783073 0.618518 0.783594 0.619445 0.784115 0.623148 0.786458 0.626389 0.786979 0.626389 0.787240 0.627778 0.788802 0.630556 0.790365 0.636111 0.790365 0.638889 0.791406 0.641667 0.790885 0.656481 0.789844 0.659259 0.789844 0.662963 0.789323 0.663889 0.789323 0.677778 0.788281 0.681482 0.788802 0.685185 0.787760 0.687963 0.787760 0.694444 0.786719 0.697222 0.787760 0.699074 0.787760 0.705555 0.788281 0.706482 0.788281 0.711111 0.787760 0.712963 0.788281 0.714815 0.788281 0.718518 0.787760 0.720370 0.788281 0.721296 0.788281 0.729629 0.788802 0.731481 0.788021 0.733796 0.786979 0.734722 0.784896 0.734722
6 0.451562 0.699537 0.449479 0.698611 0.447656 0.694444 0.447656 0.685185 0.447396 0.684259 0.447396 0.679630 0.447656 0.677778 0.447396 0.675926 0.447396 0.664815 0.448177 0.661111 0.448177 0.659259 0.447656 0.658333 0.449219 0.653704 0.449219 0.650000 0.450781 0.646296 0.451823 0.640741 0.452864 0.638889 0.453386 0.634259 0.454427 0.632407 0.454427 0.631482 0.456771 0.627315 0.458854 0.626389 0.459375 0.625463 0.460937 0.625463 0.461458 0.624537 0.469271 0.624537 0.470313 0.624074 0.472396 0.624074 0.472917 0.624537 0.476042 0.624537 0.476563 0.624074 0.478646 0.624074 0.479167 0.624537 0.483333 0.624537 0.483854 0.625463 0.486458 0.625463 0.487500 0.626389 0.490885 0.633334 0.492448 0.640741 0.493489 0.642593 0.493490 0.645370 0.496094 0.653704 0.496615 0.662037 0.497135 0.662963 0.497136 0.673148 0.497656 0.674074 0.497656 0.681481 0.498177 0.682408 0.498177 0.687963 0.497656 0.688889 0.498177 0.690741 0.498177 0.694444 0.497656 0.696296 0.495833 0.698611 0.492188 0.698611 0.491146 0.697685 0.489062 0.693982 0.485937 0.691204 0.482813 0.691204 0.482292 0.690278 0.476042 0.690278 0.475521 0.689352 0.465625 0.689352 0.465104 0.690278 0.461458 0.690278 0.459375 0.692130 0.455729 0.697685 0.454688 0.697685 0.454167 0.698611 0.452083 0.698611
6 0.583854 0.686574 0.579688 0.686574 0.579167 0.685648 0.576042 0.685648 0.574479 0.682871 0.572396 0.681019 0.563021 0.681018 0.562500 0.680093 0.557813 0.680093 0.557292 0.681018 0.555208 0.681019 0.553125 0.685648 0.548958 0.685648 0.546875 0.683796 0.545052 0.678704 0.545052 0.672222 0.544792 0.671296 0.544792 0.669445 0.545052 0.668518 0.545052 0.664815 0.545573 0.663889 0.546094 0.656482 0.547656 0.652778 0.547656 0.650926 0.549219 0.646296 0.549740 0.641667 0.550781 0.639815 0.551823 0.635185 0.553646 0.631945 0.555729 0.631018 0.556250 0.630093 0.558854 0.630092 0.559375 0.629167 0.566667 0.629166 0.567188 0.628704 0.568229 0.628704 0.568750 0.629166 0.572917 0.629167 0.573438 0.630092 0.575000 0.630093 0.579687 0.634722 0.581510 0.638889 0.582031 0.643518 0.585677 0.656482 0.585677 0.665741 0.586198 0.666667 0.586198 0.678704 0.585156 0.682408 0.585156 0.685185
4 0.704687 0.691204 0.699479 0.691204 0.698958 0.690278 0.697396 0.690278 0.696094 0.688889 0.696094 0.679630 0.696615 0.678704 0.696615 0.675000 0.697135 0.674074 0.697135 0.652778 0.696094 0.650926 0.696094 0.649074 0.695052 0.646296 0.695052 0.641667 0.694792 0.640741 0.694792 0.633334 0.695833 0.630093 0.698698 0.625926 0.699219 0.623148 0.701042 0.619444 0.704687 0.619444 0.705469 0.620371 0.705469 0.622222 0.707031 0.627778 0.710677 0.634259 0.710677 0.636111 0.711198 0.637037 0.711198 0.640741 0.711719 0.641667 0.711719 0.643518 0.711198 0.644445 0.711198 0.648148 0.709635 0.653704 0.709635 0.670370 0.709115 0.671296 0.709115 0.686111 0.707812 0.689352 0.706771 0.690278 0.705208 0.690278
4 0.689583 0.688426 0.688542 0.687500 0.685938 0.687500 0.684115 0.683333 0.684115 0.678704 0.684635 0.677778 0.684635 0.675926 0.684115 0.674074 0.684115 0.665741 0.683594 0.664815 0.683594 0.661111 0.682552 0.658333 0.682552 0.656482 0.681510 0.652778 0.681510 0.645371 0.680729 0.642592 0.680990 0.637037 0.683594 0.628704 0.683594 0.626852 0.685417 0.624537 0.688542 0.623611 0.689063 0.623148 0.691927 0.626852 0.694010 0.633334 0.695052 0.640741 0.695573 0.641667 0.695052 0.647222 0.696094 0.650000 0.696094 0.652778 0.696614 0.653704 0.695312 0.656018 0.693750 0.656945 0.692969 0.658333 0.694010 0.661111 0.692969 0.663889 0.692969 0.670370 0.692448 0.671296 0.692448 0.675926 0.692969 0.677778 0.692448 0.678704 0.692448 0.685185 0.691146 0.687500 0.690104 0.687500
4 0.867708 0.718981 0.864583 0.718981 0.864062 0.718056 0.863021 0.718055 0.859636 0.712037 0.860156 0.711111 0.860156 0.708334 0.859115 0.705555 0.859115 0.691667 0.858594 0.690741 0.858594 0.675000 0.858073 0.674074 0.858073 0.664815 0.857031 0.662963 0.855729 0.657407 0.855990 0.654630 0.855990 0.647222 0.855729 0.646296 0.855990 0.645370 0.855990 0.640741 0.856510 0.639815 0.856510 0.637963 0.857552 0.634259 0.861198 0.628704 0.862240 0.625000 0.862760 0.619445 0.863802 0.615741 0.865104 0.613889 0.868750 0.613889 0.870052 0.614815 0.871094 0.618518 0.873177 0.623148 0.873177 0.625926 0.877344 0.633334 0.877865 0.637037 0.879427 0.641667 0.879427 0.650000 0.878906 0.650926 0.878906 0.655555 0.878385 0.656482 0.878385 0.659259 0.877865 0.660185 0.877865 0.664815 0.877344 0.665741 0.877344 0.675000 0.876823 0.675926 0.876823 0.677778 0.877344 0.678704 0.877344 0.684259 0.877864 0.685185 0.877344 0.686111 0.877344 0.692593 0.877865 0.694445 0.877865 0.710185 0.877344 0.711111 0.877344 0.712963 0.875000 0.716204 0.873958 0.716204 0.873437 0.717129 0.871354 0.717130 0.870833 0.718055 0.868229 0.718056
6 0.892187 0.717129 0.881771 0.717129 0.879948 0.714815 0.879948 0.713889 0.878385 0.710185 0.878385 0.707408 0.877865 0.706481 0.877865 0.699074 0.877344 0.698148 0.877344 0.690741 0.877083 0.689815 0.877865 0.686111 0.877865 0.684259 0.877083 0.681481 0.877344 0.679629 0.877344 0.671296 0.878385 0.667592 0.878385 0.664815 0.879948 0.659259 0.882292 0.655093 0.889062 0.652315 0.892969 0.645370 0.893490 0.642593 0.894271 0.641204 0.894792 0.641204 0.896875 0.637500 0.900000 0.634722 0.901042 0.634722 0.902604 0.632871 0.903646 0.632870 0.905729 0.631019 0.906771 0.631018 0.907292 0.630093 0.913542 0.628241 0.916146 0.625926 0.916667 0.626389 0.919792 0.626389 0.920833 0.625926 0.927083 0.625926 0.927604 0.626389 0.928125 0.625926 0.938021 0.625926 0.938542 0.626389 0.940625 0.627315 0.942969 0.630556 0.943490 0.632408 0.943490 0.636111 0.944010 0.637037 0.944010 0.645370 0.944531 0.646296 0.942969 0.650000 0.943490 0.650926 0.943490 0.653704 0.942448 0.657408 0.942448 0.660185 0.942969 0.661111 0.942969 0.667592 0.943490 0.668519 0.943490 0.679629 0.942969 0.681481 0.943490 0.683334 0.943490 0.694444 0.942969 0.695371 0.942448 0.700000 0.941406 0.703704 0.940104 0.706018 0.939063 0.706944 0.938542 0.706019 0.936979 0.706018 0.936458 0.705093 0.930729 0.705092 0.930208 0.704167 0.914063 0.704167 0.913542 0.705092 0.909896 0.705093 0.909375 0.706018 0.907813 0.706019 0.905729 0.709722 0.904687 0.710648 0.902604 0.710648 0.902083 0.711574 0.899479 0.711574 0.898958 0.712500 0.897396 0.712500 0.894271 0.716204 0.892708 0.716204
6 0.853125 0.705092 0.852604 0.704167 0.845833 0.704166 0.845052 0.702778 0.845052 0.691667 0.844792 0.690741 0.844792 0.687037 0.845052 0.686111 0.845052 0.684259 0.846094 0.680556 0.848958 0.675926 0.851042 0.675926 0.854167 0.678241 0.855990 0.681482 0.855990 0.686111 0.854948 0.688889 0.854948 0.693518 0.854427 0.694445 0.854427 0.701852
4 0.673437 0.681944 0.669792 0.678241 0.668229 0.678241 0.667708 0.677315 0.663542 0.676389 0.662500 0.675463 0.661198 0.672222 0.661198 0.663889 0.660937 0.662963 0.660937 0.657408 0.662240 0.653704 0.662240 0.646296 0.662760 0.645370 0.663281 0.639815 0.664323 0.637037 0.664323 0.634259 0.668229 0.628241 0.669271 0.627315 0.671875 0.627315 0.672396 0.626852 0.673698 0.626852 0.674219 0.630555 0.676302 0.634259 0.676302 0.637963 0.677865 0.641667 0.677865 0.643518 0.678385 0.644445 0.678385 0.647222 0.677344 0.650000 0.677865 0.650926 0.677865 0.654629 0.676302 0.656482 0.676302 0.658333 0.675781 0.659259 0.675260 0.666666 0.674740 0.667593 0.674740 0.675000 0.674219 0.675926 0.674219 0.680555
4 0.400521 0.690278 0.395833 0.690278 0.394792 0.689352 0.394531 0.687963 0.391927 0.683333 0.391667 0.681481 0.392448 0.677778 0.392448 0.675000 0.392969 0.674074 0.392969 0.660185 0.392448 0.659259 0.392448 0.651852 0.392969 0.649074 0.392448 0.648148 0.392448 0.639815 0.392969 0.637963 0.392969 0.632408 0.394011 0.628704 0.396354 0.625926 0.400260 0.630556 0.400261 0.631481 0.401823 0.635185 0.402344 0.640741 0.402864 0.641667 0.402864 0.650000 0.402344 0.651852 0.402344 0.663889 0.402864 0.664815 0.402864 0.666666 0.402344 0.667593 0.402344 0.670370 0.401823 0.671296 0.401823 0.682407 0.401302 0.683334 0.401302 0.688889
2 0.522891 0.758544 0.510344 0.773011 0.524247 0.774820 0.522891 0.801946 0.559512 0.801343 0.536454 0.773614 0.548661 0.773614
6 0.421354 0.675463 0.419271 0.675463 0.417448 0.673148 0.416927 0.671296 0.416927 0.664815 0.416667 0.663889 0.416667 0.653704 0.417448 0.650926 0.417448 0.648148 0.417969 0.647222 0.418490 0.641667 0.421094 0.632408 0.423438 0.628241 0.426562 0.627315 0.427083 0.626852 0.435417 0.626852 0.435938 0.627315 0.438542 0.627315 0.439063 0.628241 0.440625 0.628241 0.442708 0.630093 0.444531 0.636111 0.446614 0.638889 0.448177 0.644445 0.448177 0.657407 0.447136 0.661111 0.447135 0.665741 0.445573 0.671296 0.444271 0.673611 0.439063 0.674537 0.436979 0.672685 0.435937 0.670834 0.426563 0.670834 0.423437 0.674537 0.421875 0.674537
6 0.541667 0.678241 0.538542 0.678241 0.538021 0.677315 0.536458 0.677315 0.534635 0.673148 0.534635 0.671296 0.534115 0.670370 0.534115 0.666667 0.533854 0.665741 0.534115 0.664815 0.534115 0.654630 0.534635 0.653704 0.534635 0.646296 0.535156 0.645370 0.535677 0.639815 0.536198 0.638889 0.536198 0.633334 0.537240 0.629629 0.537240 0.626852 0.540104 0.621759 0.541146 0.620834 0.542708 0.620833 0.544271 0.618982 0.547396 0.618055 0.547917 0.617593 0.560417 0.617593 0.560938 0.618055 0.562500 0.618056 0.564063 0.619907 0.568229 0.621759 0.569010 0.623148 0.568490 0.624074 0.568490 0.625926 0.566667 0.628241 0.565104 0.628241 0.564583 0.629166 0.563542 0.629167 0.561458 0.631018 0.555729 0.631019 0.552344 0.634259 0.552344 0.637037 0.549219 0.641667 0.549219 0.642592 0.546615 0.647222 0.546094 0.649074 0.546094 0.651852 0.545573 0.653704 0.546094 0.655556 0.546094 0.658333 0.545573 0.659259 0.545573 0.662963 0.545052 0.663889 0.545052 0.666666 0.544531 0.667593 0.544531 0.670370 0.544010 0.671296 0.544010 0.674074 0.543229 0.676389
4 0.717708 0.693055 0.715104 0.693055 0.714062 0.691204 0.712500 0.689815 0.712500 0.688426 0.714062 0.687500 0.715365 0.685185 0.715365 0.683334 0.714844 0.682407 0.715365 0.680555 0.715365 0.667593 0.714844 0.666666 0.714844 0.658334 0.714323 0.657407 0.715365 0.653704 0.713802 0.650000 0.713802 0.648148 0.714323 0.647222 0.714323 0.644445 0.713802 0.643518 0.713802 0.629630 0.714323 0.627778 0.714323 0.623148 0.716146 0.620370 0.720312 0.620834 0.720833 0.621759 0.728125 0.621759 0.728906 0.623148 0.728906 0.625000 0.729427 0.625926 0.729427 0.628704 0.728906 0.630556 0.729427 0.635185 0.727865 0.637963 0.729948 0.641667 0.729948 0.643518 0.727865 0.646296 0.728906 0.648148 0.728906 0.659259 0.728385 0.661111 0.728385 0.664815 0.728906 0.665741 0.728385 0.666667 0.728385 0.675000 0.727865 0.675926 0.728385 0.677778 0.728385 0.680555 0.728906 0.681481 0.728385 0.682408 0.728385 0.689815 0.725521 0.690278 0.725000 0.689352 0.723958 0.689352 0.723437 0.690278 0.720313 0.690278 0.719792 0.691204 0.718750 0.691204
6 0.235937 0.675463 0.229688 0.673611 0.228646 0.671759 0.226563 0.670833 0.223958 0.668056 0.218750 0.668055 0.218229 0.667130 0.206250 0.667130 0.205729 0.668055 0.202604 0.668056 0.202083 0.668981 0.201042 0.668981 0.199219 0.664815 0.199219 0.662963 0.198958 0.662037 0.198958 0.660185 0.199219 0.659259 0.199219 0.655556 0.199740 0.654629 0.199219 0.649074 0.199740 0.648148 0.199740 0.644445 0.200260 0.643518 0.200260 0.641667 0.202604 0.638426 0.203646 0.638426 0.204167 0.637500 0.205208 0.637500 0.207292 0.635648 0.209896 0.634722 0.210417 0.633796 0.213542 0.633796 0.214063 0.633333 0.229167 0.633333 0.229688 0.633796 0.232812 0.633796 0.236719 0.639815 0.237240 0.642592 0.238281 0.644445 0.238802 0.648148 0.239323 0.649074 0.239844 0.656481 0.240364 0.657408 0.239844 0.659259 0.239844 0.662037 0.238802 0.665741 0.238802 0.667592 0.238281 0.668519 0.238281 0.671296 0.237500 0.673611
6 0.358333 0.662500 0.355208 0.662500 0.354687 0.661574 0.351563 0.660648 0.351042 0.659722 0.348438 0.658796 0.347917 0.657871 0.345313 0.657870 0.343229 0.656019 0.342188 0.656018 0.341146 0.655092 0.339062 0.650926 0.339323 0.637963 0.340365 0.634259 0.343750 0.628241 0.345833 0.626389 0.350000 0.626389 0.350521 0.625926 0.353646 0.625926 0.354167 0.626389 0.355729 0.626389 0.357292 0.628241 0.360417 0.629167 0.361198 0.630556 0.361719 0.639815 0.362239 0.640741 0.361719 0.658333 0.360417 0.660648
2 0.257727 0.799663 0.284964 0.800844 0.312866 0.773680 0.326817 0.772499 0.326153 0.758327 0.290279 0.770137 0.300244 0.772499
